address,count,cSum
0xdac17f958d2ee523a2206206994597c13d831ec7,98527386,98527386
0x7a250d5630b4cf539739df2c5dacb4c659f2488d,37821280,136348666
0x0000000000007f150bd6f54c40a34d7c3d5e9f56,25843180,162191846
0x000000000000006f6502b7f2bbac8c30a3f67e9a,12743676,174935522
0x8d12a197cb00d4747a1fe03395095ce2a5cc6819,11533702,186469224
0xa0b86991c6218b36c1d19d4a2e9eb0ce3606eb48,10175860,196645084
0x2a0c0dbecc7e4d658f48e01e3fa353f44050c208,9783037,206428121
0x174bfa6600bf90c885c7c01c7031389ed1461ab9,9088307,215516428
0x06012c8cf97bead5deae237070f9587f8e7a266d,4832308,220348736
0xd1ceeeeee83f8bcf3bedad437202b6154e9f5405,4265919,224614655
0x514910771af9ca656af840dff83e8264ecf986ca,4191765,228806420
0x5acc84a3e955bdd76467d3348077d003f00ffb97,3633298,232439718
0x86fa049857e0209aa7d9e616f7eb3b3b78ecfdb0,2969571,235409289
0x6b175474e89094c44da98b954eedeac495271d0f,2778880,238188169
0x0d8775f648430679a709e98d2b0cb6250d2887ef,2575225,240763394
0xd26114cd6ee289accf82350c8d8487fedb8a0c07,2412394,243175788
0xfa52274dd61e1643d2205169732f29114bc240b3,2390298,245566086
0x8a91c9a16cd62693649d80afa85a09dbbdcb8508,2329624,247895710
0x8fdcc30eda7e94f1c12ce0280df6cd531e8365c5,2229761,250125471
0x000000000000084e91743124a982076c59f10084,2162600,252288071
0x860bd2dba9cd475a61e6d1b45e16c365f6d78f66,2103241,254391312
0xf230b790e05390fc8295f4d3f60332c93bed42e2,2082448,256473760
0x0b95993a39a363d99280ac950f5e4536ab5c5566,1907856,258381616
0x209c4784ab1e8183cf58ca33cb740efbf3fc18ef,1814557,260196173
0xc02aaa39b223fe8d0a0e5c4f27ead9083c756cc2,1732584,261928757
0x8e870d67f660d95d5be530380d0ec0bd388289e1,1696957,263625714
0xe94b04a0fed112f3664e45adb2b8915693dd5ff3,1653545,265279259
0xf8a4d3a0b5859a24cd1320ba014ab17f623612e2,1623566,266902825
0xb64ef51c888972c908cfacf59b47c1afbc0ab8ac,1621592,268524417
0xe41d2489571d322189246dafa5ebde1f4699f498,1594568,270118985
0xa3c1e324ca1ce40db73ed6026c4a177f099b5770,1578578,271697563
0x8e766f57f7d16ca50b4a0b90b88f6468a09b0439,1564424,273261987
0x6090a6e47849629b7245dfa1ca21d94cd15878ef,1507791,274769778
0x03df4c372a29376d2c8df33a1b5f001cd8d68b0e,1452754,276222532
0xa15c7ebe1f07caf6bff097d8a589fb8ac49ae5b3,1442372,277664904
0x9e9801bace260f58407c15e6e515c45918756e0f,1442312,279107216
0x1f9840a85d5af5bf1d1762f925bdaddc4201f984,1410107,280517323
0xd9e1ce17f2641f24ae83637ab66a2cca9c378b9f,1388532,281905855
0x0e50e6d6bb434938d8fe670a2d7a14cd128eb50f,1373485,283279340
0x98ad263a95f1ab1abff41f4d44b07c3240251a0a,1353937,284633277
0x21ab6c9fac80c59d401b37cb43f81ea9dde7fe34,1332371,285965648
0xa57bd00134b2850b2a1c55860c9e9ea100fdd6cf,1242966,287208614
0xbcf935d206ca32929e1b887a07ed240f0d8ccd22,1192848,288401462
0xcadb96858fe496bb6309622f9023ba2defb5d540,1174780,289576242
0x78a55b9b3bbeffb36a43d9905f654d2769dc55e8,1174505,290750747
0x68e54af74b22acaccffa04ccaad13be16ed14eac,1169562,291920309
0x912656188616e0184e3181f019022990a63280b1,1156717,293077026
0xb1690c08e213a35ed9bab7b318de14420fb57d8c,1152029,294229055
0x1522900b6dafac587d499a862861c0869be6e428,1116026,295345081
0x1d6e8bac6ea3730825bde4b005ed7b2b39a2932d,1098261,296443342
0x39755357759ce0d7f32dc8dc45414cca409ae24e,1059335,297502677
0xac08809df1048b82959d6251fbc9538920bed1fa,1050737,298553414
0x9554efa1669014c25070bc23c2df262825704228,1021428,299574842
0x0000000000085d4780b73119b644ae5ecd22b376,1010696,300585538
0xa74476443119a942de498590fe1f2454d7d4ac0d,1008237,301593775
0x881d40237659c251811cec9c364ef91dc08d300c,995410,302589185
0xbc4162d53f945266684f4e5e48d545f206bc1ca5,989165,303578350
0x744d70fdbe2ba4cf95131626614a1763df805b9e,955216,304533566
0x62b9f8741bf53a6986a5411c0557c30f6f11f3af,932464,305466030
0xf629cbd94d3791c9250152bd8dfbdf380e2a3b9c,930806,306396836
0x7be8076f4ea4a4ad08075c2508e481d6c946d12b,923238,307320074
0xd7cc16500d0b0ac3d0ba156a584865a43b0b0050,899148,308219222
0xdd974d5c2e2928dea5f71b9825b8b646686bd200,888267,309107489
0x61935cbdd02287b511119ddb11aeb42f1593b7ef,880642,309988131
0xae9b8e05c22bae74d1e8db82c4af122b18050bd4,876592,310864723
0x798abda6cc246d0edba912092a2a3dbd3d11191b,875894,311740617
0x2b591e99afe9f32eaa6214f7b7629768c40eeb39,875663,312616280
0x9dffe202df7f82ba57a7f8d571628805eff7fed9,871936,313488216
0x74fd51a98a4a1ecbef8cc43be801cce630e260bd,866633,314354849
0xb8c77482e45f1f44de1745f52c74426c631bdd52,847818,315202667
0x0f5d2fb29fb7d3cfee444a200298f468908cc942,823537,316026204
0x93e682107d1e9defb0b5ee701c71707a4b2e46bc,819520,316845724
0xcd111aa492a9c77a367c36e6d6af8e6f212e0c8e,818318,317664042
0x1f0480a66883de97d2b054929252aae8f664c15c,799854,318463896
0x0d152b9ee87ebae179f64c067a966dd716c50742,787592,319251488
0xd0a6e6c54dbc68db5db3a091b171a77407ff7ccf,785158,320036646
0xd3ebdaea9aeac98de723f640bce4aa07e2e44192,782841,320819487
0xa52e014b3f5cc48287c2d483a3e026c32cc76e6d,778356,321597843
0xf1ad4bfdf8829d55ec0ce7900ef9d122b2610673,774854,322372697
0x37a9679c41e99db270bda88de8ff50c0cd23f326,746611,323119308
0x8a88f04e0c905054d2f33b26bb3a46d7091a039a,743885,323863193
0x0ba45a8b5d5575935b8158a88c631e9f9c95a2e5,734961,324598154
0xfb80bfa19cae9e00f28b0f7e1023109deeb10483,732661,325330815
0x3495ffcee09012ab7d827abf3e3b3ae428a38443,718943,326049758
0x5e07b6f1b98a11f7e04e7ffa8707b63f1c177753,717778,326767536
0x1ce7ae555139c5ef5a57cc8d814a867ee6ee33d8,712281,327479817
0xabbb6bebfa05aa13e908eaa492bd7a8343760477,710650,328190467
0xc00e94cb662c3520282e6f5717214004a7f26888,706819,328897286
0x762ed657b76372f8c08c6f7e0aa4170658c4ca35,704573,329601859
0x999999c60566e0a78df17f71886333e1dace0bae,700234,330302093
0x818e6fecd516ecc3849daf6845e3ec868087b755,695907,330998000
0x693c188e40f760ecf00d2946ef45260b84fbc43e,695737,331693737
0x7d1afa7b718fb893db30a3abc0cfc608aacfebb0,695526,332389263
0x111111125434b319222cdbf8c261674adb56f3ae,678598,333067861
0xc011a73ee8576fb46f5e1c5751ca3b9fe0af2a6f,659049,333726910
0x52a03d5d2bb8a30585dfc59904c799b27a03a56e,653250,334380160
0xbc2faad1ec407571249b0e874a9abd840111389b,650466,335030626
0x06a6a7af298129e3a2ab396c9c06f91d3c54aba8,645809,335676435
0x58959e0c71080434f237bd42d07cd84b74cef438,640150,336316585
0x4f01001cf69785d4c37f03fd87398849411ccbba,633669,336950254
0xe62e6e6c3b808faad3a54b226379466544d76ea4,628636,337578890
0xe1ac9eb7cddabfd9e5ca49c23bd521afcdf8be49,628404,338207294
0x95ad61b0a150d79219dcf64e1e6cc01f0b64c4ce,627782,338835076
0x89d24a6b4ccb1b6faa2625fe562bdd9a23260359,624810,339459886
0x0e69d0a2bbb30abcb7e5cfea0e4fde19c00a8d47,615182,340075068
0x41e5560054824ea6b0732e656e3ad64e20e94e45,612498,340687566
0xdd9fd6b6f8f7ea932997992bbe67eabb3e316f3c,601694,341289260
0xe99a894a69d7c2e3c92e61b64c505a6a57d2bc07,595267,341884527
0x12459c951127e0c374ff9105dda097662a027093,594024,342478551
0xa0b73e1ff0b80914ab6fe0444e65848c4c34450b,591225,343069776
0x6c6ee5e31d828de241282b9606c8e98ea48526e2,589945,343659721
0x7a271d1df2c3f2fef734611c6c7ee6b9b8439204,578100,344237821
0x71d271f8b14adef568f8f28f1587ce7271ac4ca5,577221,344815042
0xc4131c1893576e078a0b637b653f3e6a18e137ac,572657,345387699
0x2e65e12b5f0fd1d58738c6f38da7d57f5f183d1c,566568,345954267
0xf443253607dbde5bda77c358c9b9f244d819e25c,559394,346513661
0x794e6e91555438afc3ccf1c5076a74f42133d08d,558405,347072066
0x3c7b464376db7c9927930cf50eefdea2eff3a66a,555453,347627519
0x00c7a37b03690fb9f41b5c5af8131735c7275446,552239,348179758
0xba7435a4b4c747e0101780073eeda872a69bdcd4,551814,348731572
0xdc6c91b569c98f9f6f74d90f9beff99fdaf4248b,550902,349282474
0xfd0174784ebce943bdb8832ecdea9fea30e7c7a9,542897,349825371
0x6f259637dcd74c767781e37bc6133cd6a68aa161,538427,350363798
0x686b30a80826340a59afa564c2a01b79128eb7dd,531951,350895749
0x05f4a42e251f2d52b8ed15e9fedaacfcef1fad27,531326,351427075
0x03cb0021808442ad5efb61197966aef72a1def96,531158,351958233
0x105631c6cddba84d12fa916f0045b1f97ec9c268,529002,352487235
0xf5ae0e27cf423b1ed6513c3ca35cc14c22ee66fd,527001,353014236
0x3506424f91fd33084466f402d5d97f05f8e3b4af,522134,353536370
0x7727e5113d1d161373623e5f49fd568b4f543a9e,513180,354049550
0xcafe27178308351a12fffffdeb161d9d730da082,512755,354562305
0x931abd3732f7eada74190c8f89b46f8ba7103d54,510288,355072593
0xd5dc8921a5c58fb0eba6db6b40eab40283dc3c01,507095,355579688
0x425372c0ac9d559a186a08a3854e0ddea1a00d5c,504498,356084186
0xf6fb09a41fa6c18cebc1e7c6f75a8664d69e4d48,504000,356588186
0xb97048628db6b661d4c2aa833e95dbe1a905b280,490004,357078190
0xf4985070ce32b6b1994329df787d1acc9a2dd9e2,487938,357566128
0xa24787320ede4cc19d800bf87b41ab9539c4da9d,487678,358053806
0xf0155486a14539f784739be1c02e93f28eb8e960,484703,358538509
0xe592427a0aece92de3edee1f18e0157c05861564,480353,359018862
0xaeb960ed44c8a4ce848c50ef451f472a503456b2,480190,359499052
0xf6874c88757721a02f47592140905c4336dfbc61,477364,359976416
0x595832f8fc6bf59c85c527fec3740a1b7a361269,477110,360453526
0x2a549b4af9ec39b03142da6dc32221fc390b5533,476256,360929782
0x4156d3342d5c385a87d264f90653733592000581,475125,361404907
0x867ffb5a3871b500f65bdfafe0136f9667deae06,472740,361877647
0x6b3595068778dd592e39a122f4f5a5cf09c90fe2,472284,362349931
0x8971f9fd7196e5cee2c1032b50f656855af7dd26,469297,362819228
0x4dc3643dbc642b72c158e7f3d2ff232df61cb6ce,468356,363287584
0x9f8f72aa9304c8b593d555f12ef6589cc3a579a2,464386,363751970
0x419d0d8bdd9af5e606ae2232ed285aff190e711b,464291,364216261
0x5392f73b013ea80b4c5eec3ea229388809114537,461906,364678167
0xa22c1b5320108c19db53f58241fd64b105562296,461083,365139250
0x49307d775728daf1d4736ab762de0cefd035e323,457792,365597042
0x080bf510fcbf18b91105470639e9561022937712,456979,366054021
0xa37d94e80eab7a5bcb6d2e76b7666e341e4b58f6,456186,366510207
0x37236cd05b34cc79d3715af2383e96dd7443dcf1,450855,366961062
0x457476bc97adef10aba63fcadaefe503553fa0d2,447543,367408605
0x7fc66500c84a76ad7e9c93437bfc5ac33e2ddae9,447334,367855939
0xb63b606ac810a52cca15e44bb630fd42d8d1d83d,444854,368300793
0xd73be539d6b2076bab83ca6ba62dfe189abc6bbe,442600,368743393
0xb363a3c584b1f379c79fbf09df015da5529d4dac,439410,369182803
0xdef1c0ded9bec7f1a1670819833240f027b25eff,439381,369622184
0xd4f5bf184bebfd53ac276ec6e091d051d0ed459e,439238,370061422
0x45555629aabfea138ead1c1e5f2ac3cce2add830,439023,370500445
0xd77bcd9cf4212a41defbcd2e2ff0f50fea2be643,437113,370937558
0x527b9715d99acfb7e1b01c6c864dc8402f2a3c3b,436435,371373993
0xd850942ef8811f2a866692a623011bde52a462c1,434268,371808261
0x01aac5236ad205ebbe4f6819bc64ef5bef40b71c,434222,372242483
0x5b8174e20996ec743f01d3b55a35dd376429c596,433365,372675848
0x4092678e4e78230f46a1534c0fbc8fa39780892b,432889,373108737
0x3597bfd533a99c9aa083587b074434e61eb0a258,432153,373540890
0x0bc529c00c6401aef6d220be8c6ea1667f6ad93e,430628,373971518
0xe33c8e3a0d14a81f0dd7e174830089e82f65fc85,429241,374400759
0xc5d105e63711398af9bbff092d4b6769c82f793d,426707,374827466
0xd8b93107d820d294cd8082a15c65261ee9d30790,424569,375252035
0xc9c4d9ec2b44b241361707679d3db0876ac10ca6,421245,375673280
0x6bc1f3a1ae56231dbb64d3e82e070857eae86045,418365,376091645
0x4026064caba17596670d1655c771124c309494fb,417731,376509376
0x4fabb145d64652a948d72533023f6e7a623c7c53,416635,376926011
0xedbaf3c5100302dcdda53269322f3730b1f0416d,411816,377337827
0x4672bad527107471cb5067a887f4656d585a8a31,410683,377748510
0xb62132e35a6c13ee1ee0f84dc5d40bad8d815206,407866,378156376
0xb3775fb83f7d12a36e0475abdd1fca35c091efbe,407613,378563989
0x14fbca95be7e99c15cc2996c6c9d841e54b79425,407478,378971467
0x1f573d6fb3f13d689ff844b4ce37794d79a7ff1c,403009,379374476
0x39aa39c021dfbae8fac545936693ac917d5e7563,402290,379776766
0x5f65f7b609678448494de4c87521cdf6cef1e932,397641,380174407
0x01eacc3ae59ee7fbbc191d63e8e1ccfdac11628c,397439,380571846
0x408e41876cccdc0f92210600ef50372656052a38,396526,380968372
0x73282a63f0e3d7e9604575420f777361eca3c86a,395291,381363663
0x4f833a24e1f95d70f028921e27040ca56e09ab0b,394211,381757874
0x131a99859a8bfa3251d899f0675607766736ffae,392033,382149907
0x6a750d255416483bec1a31ca7050c6dac4263b57,386399,382536306
0x000000000000deab340f067535869a0e5226e58a,385401,382921707
0xb958a8f59ac6145851729f73c7a6968311d8b633,385316,383307023
0x653430560be843c4a3d143d0110e896c2ab8ac0d,382838,383689861
0x11111112542d85b3ef69ae05771c2dccff4faa26,381307,384071168
0xbcc394d45c3613530a83cae62c716dc23b7f2152,379279,384450447
0xe6b75a1960f91bfa7010dec8543685ead67f8cff,377574,384828021
0xc2edad668740f1aa35e4d8f227fb8e17dca888cd,374712,385202733
0x3dae53ee778a324bd317bd270d6227406b6bd4ed,374274,385577007
0x1e0447b19bb6ecfdae1e4ae1694b0c3659614e4e,371888,385948895
0x80fb784b7ed66730e8b1dbd9820afd29931aab03,371153,386320048
0x7c5cb1220bd293ff9cf903915732e51a71292038,369399,386689447
0xfc87d4f82fc5fe80a2d1692ffee872b2517c34c7,369333,387058780
0xc944e90c64b2c07662a292be6244bdf05cda44a7,365576,387424356
0xb5a5f22694352c15b00323844ad545abb2b11028,364921,387789277
0x1530df3e1c69501d4ecb7e58eb045b90de158873,363246,388152523
0x0559324025d6ef4a715c2e22562b90210fcfe25a,362843,388515366
0xbfc39b6f805a9e40e77291aff27aee3c96915bdd,362046,388877412
0xc83e009c7794e8f6d1954dc13c23a35fc4d039f6,361589,389239001
0x111111111117dc0aa78b770fa6a738034120c302,357558,389596559
0xe9519677e6ec8d2d6bfab92a059529fea6075d37,355875,389952434
0x0abdace70d3790235af448c88547603b945604ea,353651,390306085
0xbf2179859fc6d5bee9bf9158632dc51678a4100e,352981,390659066
0x9e15f8ad98e95033c1d4798458cec34a4b5972b0,352652,391011718
0x5da8d37485b4374fc338fc1f1ea31d07eb7bedd3,349185,391360903
0x11111254369792b2ca5d084ab5eea397ca8fa48b,348858,391709761
0xd533a949740bb3306d119cc777fa900ba034cd52,345570,392055331
0x1776e1f26f98b1a5df9cd347953a26dd3cb46671,345123,392400454
0xaaaebe6fe48e54f431b0c390cfaf0b017d09d42d,340439,392740893
0x504b60a4133699c7056b58d3fe11ea73865a2d65,340391,393081284
0x9992ec3cf6a55b00978cddf2b27bc6882d88d1ec,338987,393420271
0x3e66b66fd1d0b02fda6c811da9e0547970db2f21,338369,393758640
0xd07dc4262bcdbf85190c01c996b4c06a461d2430,338205,394096845
0x4a8f44be523580a11cdb20e2c7c470adf44ec9bb,328686,394425531
0xf3586684107ce0859c44aa2b2e0fb8cd8731a15a,327316,394752847
0x08f5a9235b08173b7569f83645d2c7fb55e8ccd8,326912,395079759
0xc77b230f31b517f1ef362e59c173c2be6540b5e8,326677,395406436
0x57b116da40f21f91aec57329ecb763d29c1b2355,325102,395731538
0x6fc82a5fe25a5cdb58bc74600a40a69c065263f8,324736,396056274
0xd1ceeeefa68a6af0a5f6046132d986066c7f9426,324099,396380373
0x2260fac5e5542a773aa44fbcfedf7c193bc2c599,323355,396703728
0x58a4884182d9e835597f405e5f258290e46ae7c2,323222,397026950
0xef68e7c694f40c8202821edf525de3782458639f,323077,397350027
0xaa1a6e3e6ef20068f7f8d8c835d2d22fd5116444,322201,397672228
0x275b69aa7c8c1d648a0557656bce1c286e69a29d,322120,397994348
0xbf5f8bfcee9502a30018d91c63eca66980e6e9bb,318749,398313097
0x02b3c88b805f1c6982e38ea1d40a1d83f159c3d4,317317,398630414
0xda605fd5e003e6de0f33f6474080623fa6483e3e,316500,398946914
0x24b6638549f0d857bd76abcb4a3ab20ec65833c7,311442,399258356
0xcb97e65f07da24d46bcdd078ebebd7c6e6e3d750,311134,399569490
0x9a642d6b3368ddc662ca244badf32cda716005bc,310076,399879566
0x5ca9a71b1d01849c0a95490cc00559717fcf0d1d,309502,400189068
0x8ce9137d39326ad0cd6491fb5cc0cba0e089b6a9,308208,400497276
0x8562c38485b1e8ccd82e44f89823da76c98eb0ab,301494,400798770
0xd4fa1460f537bb9085d22c7bccb5dd450ef28e3a,301172,401099942
0xe530441f4f73bdb6dc2fa5af7c3fc5fd551ec838,296432,401396374
0x818fc6c2ec5986bc6e2cbf00939d90556ab12ce5,293567,401689941
0x08d32b0da63e2c3bcf8019c9c5d849d7a9d791e6,290919,401980860
0x08ceed1e8db59acbb687a5752f0a7db815cfda5e,290517,402271377
0x7600977eb9effa627d6bd0da2e5be35e11566341,289157,402560534
0x8912358d977e123b51ecad1ffa0cc4a7e32ff774,288598,402849132
0xf570deefff684d964dc3e15e1f9414283e3f7419,285735,403134867
0x8e1b448ec7adfc7fa35fc2e885678bd323176e34,284901,403419768
0xfa1a856cfa3409cfa145fa4e20eb270df3eb21ab,282488,403702256
0x12d79c345cac7b050a5ff0797b5a607e254c73f5,281754,403984010
0x0000000000b3f879cb30fe243b4dfee438691c04,279337,404263347
0xc5bbae50781be1669306b9e001eff57a2957b09d,279027,404542374
0xbbd3c0c794f40c4f993b03f65343acc6fcfcb2e2,276870,404819244
0x398ec7346dcd622edc5ae82352f02be94c62d119,276461,405095705
0x8018280076d7fa2caa1147e441352e8a89e1ddbe,275078,405370783
0x47a16e51bcc89c0015622fe83eb482a4522f6c5c,274962,405645745
0x8d1f2ebfaccf1136db76fdd1b86f1dede2d23852,274594,405920339
0x3cc83c2400e00a54fa1e588d62bc28bf15d5def5,273640,406193979
0x95428ac02714244929215638f8f99e9a5a43c8ed,273531,406467510
0x966daed1348fbd894bb6c404d9cddf78a9932913,270093,406737603
0xece701c76bd00d1c3f96410a0c69ea8dfcf5f34e,269047,407006650
0x1985365e9f78359a9b6ad760e32412f4a445e862,268260,407274910
0x0000000000c90bc353314b6911180ed7e06019a9,268169,407543079
0x8f8221afbb33998d8584a2b05749ba73c37a938a,267056,407810135
0x9047237b16c918d94db3d1a9a86d7a2a605cdfe7,266197,408076332
0x0000006daea1723962647b7e189d311d757fb793,264542,408340874
0x896b516eb300e61cfc96ee1de4b297374e7b70ed,264284,408605158
0x8290333cef9e6d528dd5618fb97a76f268f3edd4,264213,408869371
0x097b3b7cb01945ba7e76804ddc2fdda2cce6ef43,259741,409129112
0x0000000000000eb4ec62758aae93400b3e5f7f18,259089,409388201
0xc12d1c73ee7dc3615ba4e37e4abfdbddfa38907e,257248,409645449
0x7415c7bf3e2415fa9a55f1fd8b6fccf2914c39a6,257210,409902659
0xfe7f0897239ce9cc6645d9323e6fe428591b821c,256529,410159188
0xd9e24d0f97ab29d23734d5122f87e333a371321b,254090,410413278
0x1a77cc30e8d7cb528520cda6b29279e7d859896a,254032,410667310
0xad9eb619ce1033cc710d9f9806a2330f85875f22,253545,410920855
0xa68920f6d3c996ac3c232e4e93914e9d76150735,252781,411173636
0x8762db106b2c2a0bccb3a80d1ed41273552616e8,250876,411424512
0xceec7aaa57e3a77c73a9954b9b7d5b32ab688318,250192,411674704
0xc50489a925e9c8dcfe792951fe85f96d14f41ffc,249980,411924684
0x7ee8ab2a8d890c000acc87bf6e22e2ad383e23ce,249131,412173815
0x65c0469fa7a3ceb8130598e90f5f76c11b7e51aa,248697,412422512
0xf1ca9cb74685755965c7458528a36934df52a3ef,245955,412668467
0xa62142888aba8370742be823c1782d17a0389da1,245277,412913744
0xfaafdc07907ff5120a76b34b731b278c38d6043c,244816,413158560
0x419c4db4b9e25d6db2ad9691ccb832c8d9fda05e,244200,413402760
0x60f80121c31a0d46b5279700f9df786054aa5ee5,242885,413645645
0xa4e8c3ec456107ea67d3075bf9e3df3a75823db0,241443,413887088
0xb6ed7644c69416d67b522e20bc294a9a9b405b31,240908,414127996
0xf433089366899d83a9f26a773d59ec7ecf30355e,240674,414368670
0xbbbbca6a901c926f240b89eacb641d8aec7aeafd,240472,414609142
0xd2299b3098cf5e13144caebfdad61ebe505233dc,238717,414847859
0xc5f60fa4613493931b605b6da1e9febbdeb61e16,238430,415086289
0x4d246be90c2f36730bb853ad41d0a189061192d3,237614,415323903
0x041fe8df8b4aaa868941eb877952f17babe57da5,237588,415561491
0x10086399dd8c1e3de736724af52587a2044c9fa2,237035,415798526
0x090d4613473dee047c3f2706764f49e0821d256e,236127,416034653
0x3b8a1122316a9520b4ffe867f56a130c1524a64f,236053,416270706
0xe6aaceda7d6bc119df866f8b5228073d9a992734,235398,416506104
0x00000000002bde777710c370e08fc83d61b2b8e1,233618,416739722
0x960b236a07cf122663c4303350609a66a7b288c0,232865,416972587
0x607f4c5bb672230e8672085532f7e901544a7375,231877,417204464
0x4d31200e6d7854c2f664af7fc38a21600960f74d,230147,417434611
0xb7cb1c96db6b22b0d3d9536e0108d062bd488f74,229369,417663980
0xf164fc0ec4e93095b804a4795bbe1e041497b92a,229345,417893325
0x0777f76d195795268388789343068e4fcd286919,227968,418121293
0x9b9647431632af44be02ddd22477ed94d14aacaa,226074,418347367
0x5af2be193a6abca9c8817001f45744777db30756,225942,418573309
0x6ef77d991eb5306e9f235abc0cc65925da398ad0,225368,418798677
0xd97e471695f73d8186deabc1ab5b8765e667cd96,225302,419023979
0xd0929d411954c47438dc1d871dd6081f5c5e149c,224337,419248316
0xa0c68c638235ee32657e8f720a23cec1bfc77c77,223288,419471604
0x103675510a219bd84ce91d1bcb82ca194d665a09,222940,419694544
0x9f0f1be08591ab7d990faf910b38ed5d60e4d5bf,221485,419916029
0xf85feea2fdd81d51177f6b8f35f0e6734ce45f5f,220783,420136812
0x283af0b28c62c092c9727f1ee09c02ca627eb7f5,220469,420357281
0x76481caa104b5f6bccb540dae4cefaf1c398ebea,219713,420576994
0x445f51299ef3307dbd75036dd896565f5b4bf7a5,218893,420795887
0x1f772db718238d8413bad9b309950a9c5286fd71,218800,421014687
0x4575f41308ec1483f3d399aa9a2826d74da13deb,217786,421232473
0x1c040c4ab9acce984d0d4c135576598013950e52,216444,421448917
0xb1656c8fe15b1ac60760777a8e45f5d7cd1d24ec,216021,421664938
0x2b7922fdf76fb3466902c7b702a20ea6a450a0a0,213501,421878439
0x1519aff03b3e23722511d2576c769a77baf09580,213429,422091868
0x34848f3c3934733d3ebc6f82489346592566c777,212030,422303898
0x99ea4db9ee77acd40b119bd1dc4e33e1c070b80d,210856,422514754
0x9ab165d795019b6d8b3e971dda91071421305e5a,210819,422725573
0xd4c435f5b09f855c3317c8524cb1f586e42795fa,210176,422935749
0xe94327d07fc17907b4db788e5adf2ed424addff6,209918,423145667
0x0a1820f0ff7dc9fce0a4f0b589ee14ddae88233c,208443,423354110
0x4ddc2d193948926d02f9b1fe9e1daa0718270ed5,208104,423562214
0xd46ba6d942050d489dbd938a2c909a5d5039a161,207670,423769884
0x1014613e2b3cbc4d575054d4982e580d9b99d7b1,207621,423977505
0x279b045989bd4cd60ee4a53d2a1c0621a4b4623f,205824,424183329
0xf0f8b0b8dbb1124261fc8d778e2287e3fd2cf4f5,205706,424389035
0x4cd988afbad37289baaf53c13e98e2bd46aaea8c,204729,424593764
0x4e15361fd6b4bb609fa63c81a2be19d873717870,203023,424796787
0x85c5c26dc2af5546341fc1988b9d178148b4838b,202550,424999337
0xa1b19bcd50a24be0cb399c1ec0f7ca546b94a2b0,202398,425201735
0x32d74896f05204d1b6ae7b0a3cebd7fc0cd8f9c7,201919,425403654
0x6267873a5a0a1647a8fbb25541605a0815e04d74,201531,425605185
0x048717ea892f23fb0126f00640e2b18072efd9d2,201012,425806197
0x5edc1a266e8b2c5e8086d373725df0690af7e3ea,200856,426007053
0x62a364f7cba3be8fc9dcfdde12cabec8244af381,200287,426207340
0xba11d00c5f74255f56a5e366f4f77f5a186d7f55,199118,426406458
0x6ea6531b603f270d23d9edd2d8279135dc5d6773,197559,426604017
0xccc1d3102703418cfda055ce688867268563b3e6,197455,426801472
0x5c2c629feefcc07b338e97e39c73d2db33a85548,196462,426997934
0x891f460176f180836f53b729ffb27cfcc7d74d71,196129,427194063
0x9d9223436ddd466fc247e9dbbd20207e640fef58,195997,427390060
0x049bd8c3adc3fe7d3fc2a44541d955a537c2a484,195586,427585646
0xf970b8e36e23f7fc3fd752eea86f8be8d83375a6,194734,427780380
0x8a91277f3e044291bcf152fc33de2b7a1565625e,194632,427975012
0xa5e99ad202bdd71d3518306cf4dd163261981af1,193542,428168554
0xc5807256e2e2fe85ca94c3617c4bc5ff2bd9cfb6,193135,428361689
0x007ac2f589eb9d4fe1cea9f46b5f4f52dab73dd4,191957,428553646
0x6c8dce6d842e0d9d109dc4c69f35cf8904fc4cbf,191869,428745515
0x2402b6fa4785866e8009f90da83d3bef27bb2ed3,191670,428937185
0xf5a3d443fccd7ee567000e43b23b0e98d96445ce,190219,429127404
0xa701122c1b67220a8b6883d03c8ad67896b12466,189182,429316586
0x00000063f648c943346d2a239f0969bad32ff184,187840,429504426
0xbaf075545c3a56ecbaf219e4a1b69bc2b94b0b75,187827,429692253
0x240bae5a27233fd3ac5440b5a598467725f7d1cd,187290,429879543
0x0635e7362e13215d6dcc0e63a0007eebecc408e4,186106,430065649
0xfd62247943f94c3910a4922af2c62c2d3fac2a8f,186014,430251663
0x8713d26637cf49e1b6b4a7ce57106aabc9325343,185933,430437596
0x3b0b89bc54ecfc0c96ae8a99dc3ac54321b7162c,184808,430622404
0x5eae73d4d24b2922fe614d4f58018b34a7e20a83,184221,430806625
0x809826cceab68c387726af962713b64cb5cb3cca,183866,430990491
0x182ebf4c80b28efc45ad992ecbb9f730e31e8c7f,183861,431174352
0xc011a72400e58ecd99ee497cf89e3775d4bd732f,183790,431358142
0xf34839b310097fcb4cf3a302dda8cc9b57501083,183527,431541669
0x4e1945d8a75092923f39d4e332d8f3cb0afaeb51,182566,431724235
0x8eb24319393716668d768dcec29356ae9cffe285,181569,431905804
0x3883f5e181fccaf8410fa61e12b59bad963fb645,181399,432087203
0xddaaf4a0702a03a4505f2352a1aba001ffc344be,181141,432268344
0xf1def7f0e620f39531eb352fe13da6825218e7df,181110,432449454
0xaa86bb5ce320e7e425af0caf988f2c3a5e0b8338,180203,432629657
0x1a94fce7ef36bc90959e206ba569a12afbc91ca1,180155,432809812
0x4ecdb6385f3db3847f9c4a9bf3f9917bb27a5452,179872,432989684
0xbb97e381f1d1e94ffa2a5844f6875e6146981009,179297,433168981
0xcbc6a023eb975a1e2630223a7959988948e664f3,179034,433348015
0x67bc56caad630dc1719b14a540adc8e9968325c3,178055,433526070
0x466912baa9430a4a460b141ee8c580d817441449,177755,433703825
0xe963b0fa93f48c3be91871f8ab6452a446bca7e4,177551,433881376
0x8207c1ffc5b6804f6024322ccf34f29c3541ae26,177405,434058781
0x27695e09149adc738a978e9a678f99e4c39e9eb9,176874,434235655
0xd91e45416bfbbec6e2d1ae4ac83b788a21acf583,176385,434412040
0x48c80f1f4d53d5951e5d5438b54cba84f29f32a5,176347,434588387
0xd077c09a7e65c4cca490a776d5e395fb4fe7179a,176331,434764718
0xba08efcc14f24ef2c4f7a7e95c75d5f7970149dd,176191,434940909
0x7ee7ca6e75de79e618e88bdf80d0b1db136b22d0,176009,435116918
0x68d57c9a1c35f63e2c83ee8e49a64e9d70528d25,175621,435292539
0x827727b4c3f75ea6eb6bd2cc256de40db2b13665,175334,435467873
0xfa103c21ea2df71dfb92b0652f8b1d795e51cdef,175261,435643134
0xe7d7b37e72510309db27c460378f957b1b04bd5d,175195,435818329
0xfcca0c5ccd723baf6bf7f6678c8cfb49ce0042c7,175190,435993519
0xd0a4b8946cb52f0661273bfbc6fd0e0c75fc6433,175124,436168643
0x12480e24eb5bec1a9d4369cab6a80cad3c0a377a,174981,436343624
0x115e29615d1c10c8ddf826e4faec64ef6c1e3357,174887,436518511
0xb68042de5b3da08a80c20d29aefab999d0848385,174286,436692797
0xbf0c5d82748ed81b5794e59055725579911e3e4e,174206,436867003
0x039b5649a59967e3e936d7471f9c3700100ee1ab,174193,437041196
0x4cc29dd2b01a3e0ed005c6e2deb5b3666e4c240c,174166,437215362
0xbb9bc244d798123fde783fcc1c72d3bb8c189413,173994,437389356
0x6f400810b62df8e13fded51be75ff5393eaa841f,173952,437563308
0x9e1f744ca5675cc04aa6070e63e8e45a0e951246,173436,437736744
0x4dd672e77c795844fe3a464ef8ef0faae617c8fb,172994,437909738
0x0000000071e801062eb0544403f66176bba42dc0,172931,438082669
0x4b5bc97407898339eca79b541cee9b8b79ccda40,172015,438254684
0xab4e1802c61e12fd7b10a69a226f5d727c76a8aa,171841,438426525
0xd56c90a1b12c93bb48e9a0904a2a1e1d9dcb5161,171816,438598341
0x8f3470a7388c05ee4e7af3d01d8c722b0ff52374,171677,438770018
0x5d3a536e4d6dbd6114cc1ead35777bab948e3643,171577,438941595
0xffa397285ce46fb78c588a9e993286aac68c37cd,170276,439111871
0xa39631972f19a8be52bd95455440d984f27e8f85,169824,439281695
0x49592d97be49033615a7fbc02c6853e4c58eb9bc,169637,439451332
0xba100000625a3754423978a60c9317c58a424e3d,167703,439619035
0x2b81f9668f4a5fdeba51b53a759de46fb59a5c91,167664,439786699
0x40e45890dff79e7d533797d964e64a2c0121f49a,167077,439953776
0xf0ee6b27b759c9893ce4f094b49ad28fd15a23e4,167009,440120785
0xdc17e8a84fee8b52e4de7a85160f8cdbb3bb2494,166003,440286788
0x816051e2203ca534c4336d8d6df71987fa3ae0bd,165870,440452658
0xb3dd5dce850dca7519e74a943568b69f958df52c,165691,440618349
0x6c22dd71cde0af8a67e20db8c7f81d74daf48f7a,165192,440783541
0xd1669ac6044269b59fa12c5822439f609ca54f41,165164,440948705
0x0000000000095413afc295d19edeb1ad7b71c952,165083,441113788
0x1b6c5864375b34af3ff5bd2e5f40bc425b4a8d79,164559,441278347
0x115ec79f1de567ec68b7ae7eda501b406626478e,164217,441442564
0xcde3ef6cacf84ad36d8a6eccc964f25351296d36,164187,441606751
0x358d12436080a01a16f711014610f8a4c2c2d233,163816,441770567
0xf3db7560e820834658b590c96234c333cd3d5e5e,163511,441934078
0x1f5cfb9a00b86bf9982970382bdb900b7744a559,163373,442097451
0xb485d89aba096fc9f117fa28b80dc8aac7971049,162978,442260429
0xd8698a985b89650d0a70f99ad2909bd0c0b4b51c,162918,442423347
0x4b14f1aaa878ccf70d58aec682592dcd0fe025ba,162581,442585928
0xea26c4ac16d4a5a106820bc8aee85fd0b7b2b664,162215,442748143
0xd48b633045af65ff636f3c6edd744748351e020d,162110,442910253
0x2c702d98d4d7e2af742f071c2038565b1cc07bef,161698,443071951
0xdf574c24545e5ffecb9a659c229253d4111d87e1,161465,443233416
0x88d50b466be55222019d71f9e8fae17f5f45fca1,161050,443394466
0xcd4ec7b66fbc029c116ba9ffb3e59351c20b5b06,160875,443555341
0xa5409ec958c83c3f309868babaca7c86dcb077c1,160723,443716064
0x9a2d163ab40f88c625fd475e807bbc3556566f80,160646,443876710
0x7d2768de32b0b80b7a3454c06bdac94a69ddc7a9,160643,444037353
0xdf2c7238198ad8b389666574f2d8bc411a4b7428,160420,444197773
0xf9e5af7b42d31d51677c75bbbd37c1986ec79aee,160374,444358147
0x82070415fee803f94ce5617be1878503e58f0a6a,159806,444517953
0xe251524df2bc0b83716749dc71975f173a5ef35c,159379,444677332
0x0c54f67490a1876ec8638ace22aad2d1ff9e245d,158517,444835849
0x5121e348e897daef1eef23959ab290e5557cf274,158477,444994326
0x317572aabc73d59fc55f923750d1c51680fd28b4,158210,445152536
0xaa0bb10cec1fa372eb3abc17c933fc6ba863dd9e,157142,445309678
0x167cb3f2446f829eb327344b66e271d1a7efec9a,155195,445464873
0x604652c6a6e606669bdccde15519644b869a97a9,155157,445620030
0x573aaaa81154cd24e96f0cb97fd86110b8f6767f,154288,445774318
0x7e9e431a0b8c4d532c745b1043c7fa29a48d4fba,153936,445928254
0x54f0e3b0d7ccbb65e56d166350aa86f7e71ce20b,153146,446081400
0xf7920b0768ecb20a123fac32311d07d193381d6f,153100,446234500
0x8cfb1d4269f0daa003cdea567ac8f76c0647764a,153076,446387576
0x3401cab9bee49bcb76e13a8a09619e53d45c0af0,152765,446540341
0xe72752f55e69052ef40d989a843b9fa59e88b26b,152325,446692666
0x000000000025d4386f7fb58984cbe110aee3a4c4,152258,446844924
0x6c3be406174349cfa4501654313d97e6a31072e1,152146,446997070
0x4ccc3759eb48faf1c6cfadad2619e7038db6b212,152016,447149086
0x58b6a8a3302369daec383334672404ee733ab239,151307,447300393
0x3700006fbcde59a8b3af2c134d00e9530000e379,151248,447451641
0x0cfda67b0067f1a99deb1cb80e0273a3f26d317c,151131,447602772
0xe25bcec5d3801ce3a794079bf94adf1b8ccd802d,150613,447753385
0x8cde021f0bfa5f82610e8ce46493cf66ac04af53,150358,447903743
0x888666ca69e0f178ded6d75b5726cee99a87d698,150191,448053934
0x03f34be1bf910116595db1b11e9d1b2ca5d59659,150064,448203998
0x7ed172530f9822cd0573b895853e3f745f4108b4,149839,448353837
0xba51ff3802aa3170ce7ac7ac001831ca3eb6eeea,149165,448503002
0xe474c6f011d3b0a9b63c2f85392c85f9bc4ef03f,149141,448652143
0x0c073c92e7684031cfc297b83ecc33619e864d18,149067,448801210
0x967da4048cd07ab37855c090aaf366e4ce1b9f48,148802,448950012
0xe99ddae9181957e91b457e4c79a1b577e55a5742,148535,449098547
0x46b9ad944d1059450da1163511069c718f699d31,148452,449246999
0x40a7cb7052c274cc2e568c324b4c5d94383bec4f,148311,449395310
0x1d4abd5e28ef311ea114fd4756fbcf9b7d568e1f,148309,449543619
0x2e63b6d7ef8fc8a2ea4c96bb9a633423682f0f79,147534,449691153
0x32a3256a4b15badd4a6e072a03d23404d925a5cf,147321,449838474
0x006699d34aa3013605d468d2755a2fe59a16b12b,146971,449985445
0xd286af227b7b0695387e279b9956540818b1dc2a,146807,450132252
0xf5b0a3efb8e8e4c201e2a935f110eaaf3ffecb8d,146742,450278994
0x4470bb87d77b963a013db939be332f927f2b992e,146569,450425563
0xd2bd6415db70a0f0b26c973b15b63bac74f5c9c6,146468,450572031
0x9a07fd8a116b7e3be9e6185861496af7a2041460,146393,450718424
0xd736915f7d9f70a0f1837f90aa7b437264c20dc0,146322,450864746
0x526af336d614ade5cc252a407062b8861af998f5,146192,451010938
0x4565300c576431e5228e8aa32642d5739cf9247d,146148,451157086
0x80a7e048f37a50500351c204cb407766fa3bae7f,145858,451302944
0x4bcba674eec03d47a24f607518eb59e400dd2acf,145701,451448645
0x922105fad8153f516bcfb829f56dc097a0e1d705,145677,451594322
0x0cf0ee63788a0849fe5297f3407f701e122cc023,145537,451739859
0xea5ab833aff71bd7d280f0a0bc86423d1703288a,145519,451885378
0x49a8adec52a92727f72b5ca8440b0c4379d171dc,145423,452030801
0x4a2b76d5cb87bab48a14759649bb43ec8a35a628,144894,452175695
0xb98d4c97425d9908e66e53a6fdf673acca0be986,144725,452320420
0x69b148395ce0015c13e36bffbad63f49ef874e03,144402,452464822
0xd97d09f3bd931a14382ac60f156c1285a56bb51b,143475,452608297
0x7a9d706b2a3b54f7cf3b5f2fcf94c5e2b3d7b24b,143388,452751685
0x1542e790a742333ea6a2f171c5d07a2e7794eef4,143108,452894793
0x64cfc7428621b2b118896670c0b4d52ab020ee6a,143053,453037846
0xedce883162179d4ed5eb9bb2e7dccf494d75b3a0,142604,453180450
0x0635709bae7a9a9f782360a4554378f4ea051368,142465,453322915
0x458c1987ba7cb7cd101cea17c4dfc0244ed7bd37,142465,453465380
0x61f33da40594cec1e3dc900faf99f861d01e2e7d,142324,453607704
0xa34d29cf8a06e8d05d22454cc33e5fbe7a3d3213,142302,453750006
0x2bf91c18cd4ae9c2f2858ef9fe518180f7b5096d,141903,453891909
0x1a95b271b0535d15fa49932daba31ba612b52946,141818,454033727
0x516e5436bafdc11083654de7bb9b95382d08d5de,141348,454175075
0x4a220e6096b25eadb88358cb44068a3248254675,141221,454316296
0x70a72833d6bf7f508c8224ce59ea1ef3d0ea3a38,140879,454457175
0xcba8162778e6a3eba60e1cf7c012b327340bd05d,140394,454597569
0x5f5b176553e51171826d1a62e540bc30422c7717,140329,454737898
0x7a8f99fcaffb3d94f07ad30feade85e556205599,140002,454877900
0xfe5f141bf94fe84bc28ded0ab966c16b17490657,139868,455017768
0x3714e5671be406fc1920351984f4429237831477,139682,455157450
0x13552c7cc9ce39af665955412faa08f0e6555a29,139202,455296652
0x9b4e2b4b13d125238aa0480dd42b4f6fc71b37cc,138943,455435595
0xb8db34f834e9df42f2002ceb7b829dad89d08e14,138900,455574495
0xe71377e968354013f85c597f2ed888f33778cc65,138898,455713393
0x9eec65e5b998db6845321baa915ec3338b1a469b,137700,455851093
0x4ceda7906a5ed2179785cd3a40a69ee8bc99c466,137510,455988603
0xbab165df9455aa0f2aed1f2565520b91ddadb4c8,137186,456125789
0x8dd5fbce2f6a956c3022ba3663759011dd51e73e,137022,456262811
0x39bb259f66e1c59d5abef88375979b4d20d98022,136983,456399794
0x53066cddbc0099eb6c96785d9b3df2aaeede5da3,136875,456536669
0x228ba514309ffdf03a81a205a6d040e429d6e80c,136750,456673419
0x1c83501478f1320977047008496dacbd60bb15ef,136469,456809888
0x2eb86e8fc520e0f6bb5d9af08f924fe70558ab89,135898,456945786
0x4c9d5672ae33522240532206ab45508116daf263,135748,457081534
0xb70835d7822ebb9426b56543e391846c107bd32c,135562,457217096
0x32776933663b27ebcda98b07c4958ec74c0bafb1,134667,457351763
0x5732046a883704404f284ce41ffadd5b007fd668,134451,457486214
0xe0b7927c4af23765cb51314a0e0521a9645f0e2a,134368,457620582
0x7ddf4ed06fe5ecc646fad19d257cd3f05a884d70,133702,457754284
0xd6df5935cd03a768b7b9e92637a01b25e24cb709,133621,457887905
0x72dd4b6bd852a3aa172be4d6c5a6dbec588cf131,133328,458021233
0xb7ac09c2c0217b07d7c103029b4918a2c401eecb,133292,458154525
0xd515cfbe2c848bc9daa5460dae52425bff54e4c0,133189,458287714
0x6ea53dfc58c5cbf68a799edd208cb3a905db5939,133176,458420890
0xde14e7548a46bbbf1f3f50e98a04e58c0efc60eb,133165,458554055
0x5937512b02555967a01d78b0994f53168a985ac4,133009,458687064
0x64baf35b4e74d3cfa332b05b811fd86ef8b0aa57,132968,458820032
0xaaf592245ee1f5c2f00cd71f5f1d90eb390a096a,132819,458952851
0x8e5660b4ab70168b5a6feea0e0315cb49c8cd539,132619,459085470
0x9f89388141c632c4c6f36d1060d5f50604ee3abc,132557,459218027
0xf0b83f6677959a6c517444cd9a498dd75c98defc,132462,459350489
0xf9b6541b14f586459acdc6aec15dc2e12b8db09f,132401,459482890
0x572328202d37b031b490f6659d8549e7bd712324,132335,459615225
0x286bda1413a2df81731d4930ce2f862a35a609fe,132218,459747443
0x27054b13b1b798b345b591a4d22e6562d47ea75a,131437,459878880
0x177d39ac676ed1c67a2b268ad7f1e58826e5b0af,130939,460009819
0xedc502b12ced7e16ce21749e7161f9ed22bfca53,130743,460140562
0x8a3960472b3d63894b68df3f10f58f11828d6fd9,130596,460271158
0x2ab05b915c30093679165bcdba9c26d8cd8bee99,130354,460401512
0xa57a2ad52ad6b1995f215b12fc037bffd990bc5e,130317,460531829
0xe3818504c1b32bf1557b16c238b2e01fd3149c17,129794,460661623
0xcc4304a31d09258b0029ea7fe63d032f52e44efe,129623,460791246
0x8f136cc8bef1fea4a7b71aa2301ff1a52f084384,129362,460920608
0x943ed852dadb5c3938ecdc6883718df8142de4c8,129207,461049815
0x6d5cac36c1ae39f41d52393b7a425d0a610ad9f2,129047,461178862
0x9064c91e51d7021a85ad96817e1432abf6624470,129001,461307863
0x04fa0d235c4abf4bcf4787af4cf447de572ef828,128626,461436489
0xb9bb08ab7e9fa0a1356bd4a39ec0ca267e03b0b3,128075,461564564
0x000000005736775feb0c8568e7dee77222a26880,127690,461692254
0x3fda25f27211a138adf211f4c060f2149674be6d,127655,461819909
0x6a58eb0d64974e7e76e8f1080e53db86e348bceb,127164,461947073
0x976010db5538f0c1daf9f3855b8504721a23e5d4,127093,462074166
0x242aa8c63aab36df59ce19aaccd020fe4114c349,126968,462201134
0xff56cc6b1e6ded347aa0b7676c85ab0b3d08b0fa,126868,462328002
0x0b76544f6c413a555f309bf76260d1e02377c02a,126860,462454862
0x6810e776880c02933d47db1b9fc05908e5386b96,126733,462581595
0x6fb3e0a217407efff7ca062d46c26e5d60a14d69,126478,462708073
0x255aa6df07540cb5d3d297f0d0d4d84cb52bc8e6,126451,462834524
0x42d0ba0223700dea8bca7983cc4bf0e000dee772,126386,462960910
0x196301b5673714fa91640fe2df34b5c05be7ab19,126317,463087227
0x2ed7e9fcd3c0568dc6167f0b8aee06a02cd9ebd8,126285,463213512
0x15a91a091648162a042bced9c9c407835fd779e9,126069,463339581
0x667088b212ce3d06a1b553a7221e1fd19000d9af,125907,463465488
0x3520ba6a529b2504a28eebda47d255db73966694,125791,463591279
0x4cf488387f035ff08c371515562cba712f9015d4,125735,463717014
0x8400d94a5cb0fa0d041a3788e395285d61c9ee5e,125562,463842576
0xf3db5fa2c66b7af3eb0c0b782510816cbe4813b8,125210,463967786
0x83e6f1e41cdd28eaceb20cb649155049fac3d5aa,125203,464092989
0xfa85069e3d1ca1b09945cf11d2365386b1e4430a,124995,464217984
0xeb5d3a91b5e721fa251e03bda2c9578e90f30f84,124929,464342913
0x0ac10bf0342fa2724e93d250751186ba5b659303,124745,464467658
0x48f3726c787bdc36bb00c978e701879ceed185a4,124624,464592282
0x618e75ac90b12c6049ba3b27f5d5f8651b0037f6,123906,464716188
0x8bbf4dd0f11b3a535660fd7fcb7158daebd3a17e,123406,464839594
0x752ff65b884b9c260d212c804e0b7aceea012473,123375,464962969
0xbe428c3867f05dea2a89fc76a102b544eac7f772,123021,465085990
0xa1d0e215a23d7030842fc67ce582a6afa3ccab83,122200,465208190
0x219218f117dc9348b358b8471c55a073e5e0da0b,122185,465330375
0x79650799e7899a802cb96c0bc33a6a8d4ce4936c,122109,465452484
0xb66dce2da6afaaa98f2013446dbcb0f4b0ab2842,122051,465574535
0xd780ae2bf04cd96e577d3d014762f831d97129d0,121411,465695946
0xb1dc1ca4e8d5bb705c4664c1555f7c9119ae6008,121120,465817066
0x48f775efbe4f5ece6e0df2f7b5932df56823b990,121074,465938140
0x0000000006a0403952389b70d8ee4e45479023db,121024,466059164
0x69c4bb240cf05d51eeab6985bab35527d04a8c64,120822,466179986
0xaf45628ea7e0c3ffe645e7e41b0fa580d53cdd87,120778,466300764
0x121effb8160f7206444f5a57d13c7a4424a237a4,120174,466420938
0x49e033122c8300a6d5091acf667494466ee4a9d2,119846,466540784
0xe34820500dcd2a2c3c4ce2c1cac561e30ede0dc7,119759,466660543
0xa315bd2e3227c2ab71f1350644b01757eaff9cb4,119647,466780190
0xba3ed686cc32ffa8664628b1e96d8022e40543de,119557,466899747
0x056fd409e1d7a124bd7017459dfea2f387b6d5cd,119495,467019242
0x4b317864a05c91225ab8f401ec7be0aeb87e9c12,119429,467138671
0x7fdcd2a1e52f10c28cb7732f46393e297ecadda1,119286,467257957
0xba9d4199fab4f26efe3551d490e3821486f135ba,119249,467377206
0x5b2e4a700dfbc560061e957edec8f6eeeb74a320,118907,467496113
0xd204616e2ecf6d0b27ee79207c4ba54f91182a9d,118873,467614986
0x9aab3f75489902f3a48495025729a0af77d4b11e,118859,467733845
0x1ffe24629f1b3df74fc0f6e5d086f2fd09258ff2,118815,467852660
0x7a08ed5862ba4c2887ef169a17637eadb27beecf,117865,467970525
0x26e75307fc0c021472feb8f727839531f112f317,117599,468088124
0x55296f69f40ea6d20e478533c15a6b08b654e758,117355,468205479
0xf3b450002c7bc300ea03c9463d8e8ba7f821b7c6,117269,468322748
0x476c5e26a75bd202a9683ffd34359c0cc15be0ff,117062,468439810
0x2c4e8f2d746113d0696ce89b35f0d8bf88e0aeca,116993,468556803
0x79c6e11be1c1ed4d91fbe05d458195a2677f14a5,116706,468673509
0x2a1530c4c41db0b0b2bb646cb5eb1a67b7158667,116622,468790131
0x435d4183ae0aeb1babc31bd25a815d6244fc3562,116592,468906723
0x1e41a55030e0d0794abfb6dced22e6c7d18d8247,116422,469023145
0x4f878c0852722b0976a955d68b376e4cd4ae99e5,116228,469139373
0x64fe692be4b42f4ac9d4617ab824e088350c11c2,116184,469255557
0x2f9ec37d6ccfff1cab21733bdadede11c823ccb0,116004,469371561
0x3845badade8e6dff049820680d1f14bd3903a5d0,115912,469487473
0xb92ec7d213a28e21b426d79ede3c9bbcf6917c09,115473,469602946
0x5cf04716ba20127f1e2297addcf4b5035000c9eb,115371,469718317
0x983f6d60db79ea8ca4eb9968c6aff8cfa04b3c63,115182,469833499
0x89f70fa9f439dbd0a1bc22a09befc56ada04d9b4,115063,469948562
0xbff7021e82f14aa8156c7f90ec8c339e1e2be31b,114932,470063494
0xe4d2223a208b377e2c657e747ba6b5869a05fddf,114931,470178425
0xc8db8d5869510bb1fcd3bd7c7624c1b49c652ef8,114790,470293215
0xd3ff3377b0ceade1303daf9db04068ef8a650757,114619,470407834
0x07bf5f95851ef2b2996f192569e406a6fea2a95a,114433,470522267
0x558ec3152e2eb2174905cd19aea4e34a23de9ad6,114329,470636596
0xb440dd674e1243644791a4adfe3a2abb0a92d309,114272,470750868
0x85429f986a5cc38f90de7b4ffa44d570eef04066,114125,470864993
0x4e0603e2a27a30480e5e3a4fe548e29ef12f64be,113875,470978868
0xb2089a7069861c8d90c8da3aacab8e9188c0c531,113868,471092736
0x829aa8e3455d0d6f18ed46121a64268ca0782465,113660,471206396
0xce5702e94ad38c061e44a4a049cc29261f992846,113620,471320016
0xb8105b0d4a9ae55658b418065fea4282a8d2e968,113580,471433596
0xb47e3cd837ddf8e4c57f05d70ab865de6e193bbb,113509,471547105
0x8ab7404063ec4dbcfd4598215992dc3f8ec853d7,113440,471660545
0xed494c9e2f8e34e53bdd0ea9b4d80305cb15c5c2,113383,471773928
0xbd13e53255ef917da7557db1b7d2d5c38a2efe24,113215,471887143
0x355a458d555151d3b27f94227960ade1504e526a,113102,472000245
0xa8b39829ce2246f89b31c013b8cde15506fb9a76,112893,472113138
0x624d520bab2e4ad83935fa503fb130614374e850,112816,472225954
0xc4ec4c9183bd585220f7495b54cfeb577f7e1efb,112416,472338370
0xba50933c268f567bdc86e1ac131be072c6b0b71a,111946,472450316
0x3cc5eb07e0e1227613f1df58f38b549823d11cb9,111622,472561938
0x0000000000004946c0e9f43f4dee607b0ef1fa1c,111558,472673496
0x33fbc07d9d9456d9e6d8316aa87792a20d3ad448,111554,472785050
0xfb0f7189b354660e649ae14261a9fe0e8febf369,111518,472896568
0x3893b9422cd5d70a81edeffe3d5a1c6a978310bb,111499,473008067
0x5c3a228510d246b78a3765c20221cbf3082b44a4,111390,473119457
0x09678741bd50c3e74301f38fbd0136307099ae5d,111269,473230726
0xaa7a9ca87d3694b5755f213b5d04094b8d0f0a6f,111238,473341964
0xf411903cbc70a74d22900a5de66a2dda66507255,111203,473453167
0x58c69aff4df980357034ea98aad35bbf78cbd849,110528,473563695
0x993e6d6c557ca24a00da507f56bda599a9886a44,110523,473674218
0x08711d3b02c8758f2fb3ab4e80228418a7f8e39c,109434,473783652
0x11016adcb85b65a0da8d8ddc3ade69dbad6bbca4,109277,473892929
0x3d9819210a31b4961b30ef54be2aed79b9c9cd3b,109042,474001971
0x75ac71fe06b1ea8d403ccbc39e600c9acebc6cde,108986,474110957
0xb17e7e102e219450c2413a668e8f7ccad52deb3a,108863,474219820
0x6317c5e82a06e1d8bf200d21f4510ac2c038ac81,108818,474328638
0xe5dada80aa6477e85d09747f2842f7993d0df71c,108420,474437058
0x923c90b98ee834d118c85ddf44906ee1769df648,108347,474545405
0x7b00ae36c7485b678fe945c2dd9349eb5baf7b6b,108093,474653498
0xd9dbe80995dbe64e371464b94d78baf10a694ed0,107970,474761468
0xcdcfc0f66c522fd086a1b725ea3c0eeb9f9e8814,107718,474869186
0x8c9b261faef3b3c2e64ab5e58e04615f8c788099,107542,474976728
0x3582f0e90a11d1e021b48e70421770a063cc9e57,107279,475084007
0x0fc809dd1475cd6056b6d36a832cb53bcb2e8786,107235,475191242
0x05cde89ccfa0ada8c88d5a23caaa79ef129e7883,107084,475298326
0x75ed2f61837c3d9ef1bf0af4db84664dc6fe56bc,106910,475405236
0x6400b5522f8d448c0803e6245436dd1c81df09ce,106768,475512004
0x0e0989b1f9b8a38983c2ba8053269ca62ec9b195,106727,475618731
0xe36df5bb57e80629cfc28a31e5f794071c085eca,106693,475725424
0x23352036e911a22cfc692b5e2e196692658aded9,106596,475832020
0xb7bbf6d2f5372022cc07b6677a9eb49ce78da8c3,106546,475938566
0x10a0847c2d170008ddca7c3a688124f493630032,106220,476044786
0x82d3a142ddd44d2bd29a683f0691fbead3bccc44,106021,476150807
0x2754b28227f041a66c46509d5620782bfc4766ef,105995,476256802
0x4927643162fe6d18c7f046b3d155d8da0eee80e8,105981,476362783
0x70447f1579ec2d6007f99753427794a466c16f4d,105750,476468533
0x0651842ee1f973367138cd512709d81bf8a62217,105576,476574109
0x85e076361cc813a908ff672f9bad1541474402b2,105463,476679572
0xa37adde3ba20a396338364e2ddb5e0897d11a91d,105064,476784636
0xcda72070e455bb31c7690a170224ce43623d0b6f,104968,476889604
0x2f141ce366a2462f02cea3d12cf93e4dca49e4fd,104475,476994079
0x3839416bd0095d97be9b354cbfb0f6807d4d609e,104461,477098540
0xed6b0dc3aa8de5908ab857a70cb2ff657d9b6c5d,104351,477202891
0x4df9500a02d64dcff99562ad128432832bac29a4,104330,477307221
0x38bcaf0d4fb50e391fb9d8640612cdf90ba8c3eb,103960,477411181
0xd6a062cae6123c158768a5c444ca0896cc60d6b1,103881,477515062
0x006bea43baa3f7a6f765f14f10a1a1b08334ef45,103699,477618761
0xe658e6eb4b478da2cf36d9e3712ba0c1b33786a1,103454,477722215
0x0affa06e7fbe5bc9a764c979aa66e8256a631f02,103404,477825619
0xb2f7eb1f2c37645be61d73953035360e768d81e6,103393,477929012
0x5e2effd98b24a7fd12156c6ecf2f77cf4588b572,103313,478032325
0xf2d87e37ea1e54c7aa913d2447a5f69f61c114cf,102964,478135289
0xf849c59fb20aa98d8a93b16f77c4e39b0ac51d5a,102749,478238038
0x4501b184694b401b53b3a4f266f8ef24fec09df8,102508,478340546
0x52de8d3febd3a06d3c627f59d56e6892b80dcf12,102268,478442814
0x4b9e0d224dabcc96191cace2d367a8d8b75c9c81,102105,478544919
0x3472a5a71965499acd81997a54bba8d852c6e53d,101974,478646893
0xd7bec4d6bf6fc371eb51611a50540f0b59b5f896,101669,478748562
0xc191637e72c59c2060e73e89b6e26e64204d8105,101611,478850173
0x45f24baeef268bb6d63aee5129015d69702bcdfa,101481,478951654
0x1b3006d57d5d9653a4ecaea6cfb0fd72a1537cc9,101451,479053105
0xb7fbe91752dd926a5ea103f1b2e8b6fd2cee4d91,101385,479154490
0x8bcb64bfda77905398b67af0af084c744e777a20,100999,479255489
0x3685ee91777e3ed4ba4122c429c504df833c3b26,100881,479356370
0x70508920986c120bc534f40450390bb1578b2637,100836,479457206
0x83da1beeb89ffaf56d0b7c50afb0a66fb4df8cb1,100656,479557862
0xf5839f46ed000d70cbab1fcd03e29e85f3aecd82,100651,479658513
0x410af23334e26aa13c1f3e630bae006bdd313264,100634,479759147
0x448a5065aebb8e423f0896e6c5d525c040f59af3,100597,479859744
0x0be3e6e3d9e99036ccce4fd0b692016de860aa62,100581,479960325
0x0bcc5683d7704b9c50aad6759c55f9aecbfe8878,100492,480060817
0x944644ea989ec64c2ab9ef341d383cef586a5777,100113,480160930
0x41ab1b6fcbb2fa9dced81acbdec13ea6315f2bf2,100054,480260984
0x194524355f26af663468d4996f207a918c73e013,100025,480361009
0x4f391c202a906eed9e2b63fdd387f28e952782e2,99732,480460741
0xc9bc998d1a9f121ef6695cef5807d1c0083a4f88,99592,480560333
0xe75ad3aab14e4b0df8c5da4286608dabb21bd864,99549,480659882
0x442bc47357919446eabc18c7211e57a13d983469,99525,480759407
0x5d65d971895edc438f465c17db6992698a52318d,99244,480858651
0x41958d44a780696a2f18b7ac3585eae9bbbf0799,99243,480957894
0x7e94a8a23687d8c7058ba5625db2ce358bcbd244,99191,481057085
0xa6714a2e5f0b1bdb97b895b0913b4fcd3a775e4d,99104,481156189
0xb3203db25a01fa7950a860b42b899ad7da52ddd6,98897,481255086
0x00000000219ab540356cbb839cbe05303d7705fa,98746,481353832
0xc6cc22f88edae6667763f7745d4ecd297d535540,98438,481452270
0x1091c132630310aca62f62cb155f2506070c2ec5,98133,481550403
0x2d874077a83618aab75624cc1a4974510a0eb1ae,97975,481648378
0xee6bd04c6164d7f0fa1cb03277c855639d99a7f6,97566,481745944
0x64d14595152b430cf6940da15c6e39545c7c5b7e,97519,481843463
0x55d34b686aa8c04921397c5807db9ecedba00a4c,97502,481940965
0x0aad6509e9d09d2f0fdbbdb68dd9064f3f8c0417,97491,482038456
0x5ca381bbfb58f0092df149bd3d243b08b9a8386e,97405,482135861
0x96a65609a7b84e8842732deb08f56c3e21ac6f8a,97013,482232874
0x8eff575359d56005b816028384c2b386dcb20015,96791,482329665
0x1e797ce986c3cff4472f7d38d5c4aba55dfefe40,96769,482426434
0x97dec872013f6b5fb443861090ad931542878126,96643,482523077
0x72f3dff4cd17816604dd2df6c2741e739484ca62,96466,482619543
0xb64ffdca47d6c3895608c4e05faba6e617b3a031,96207,482715750
0x4a75bfa5b740263e88655a3e1e78892bfc7b036a,96170,482811920
0x4f9254c83eb525f9fcf346490bbb3ed28a81c667,95999,482907919
0xac9bb427953ac7fddc562adca86cf42d988047fd,95981,483003900
0x992ef8145ab8b3dbfc75523281dad6a0981891bb,95711,483099611
0xaf30d2a7e90d7dc361c8c4585e9bb7d2f6f15bc7,95673,483195284
0xf166c22b57f68348972eaf2dc75488fcb9e17428,95638,483290922
0xd01c92937400dd1ece24992b1dc44aeaa47ae72a,95633,483386555
0x31ed1bc96fa75ee33d513a0cef4b65c2500b320b,95574,483482129
0x329319ebe02eac3de77a9aa379d620ba653b2136,95408,483577537
0x96c520a79bf62c955eaa044f600f67e3ecfeff52,94779,483672316
0xe8780b48bdb05f928697a5e8155f672ed91462f7,94727,483767043
0x010589b7c33034b802f7dba2c88cc9cec0f46673,94722,483861765
0x05f02507c7134dbae420ab8c0ef56e999b59da03,94699,483956464
0x8b0ec3e41c7710765675963bd692cbbdc6de8670,94535,484050999
0x507096e1c7f6b8632de56a12c74c343fca3651e4,94316,484145315
0x347ed75c305f4ab85757bfcc5600d9bfcb413898,94297,484239612
0x13f6534d1847be181e6b530b307329d10467f68e,94257,484333869
0xf8fb76b05fd854cc6f35d5088b9d241cbbf616c3,94056,484427925
0x1924e89d9e321efbae49df3bcb3eddf3fe744ef4,93986,484521911
0x1f3f677ecc58f6a1f9e2cf410df4776a8546b5de,93966,484615877
0x57c8d5d5b87a1580fdaf996cef674bb0d7f14c98,93940,484709817
0xbdc18219ebb537557dc0c78b119b5659c575666f,93864,484803681
0x28424a18e22fcbbdc681fdee116ba451582f14fe,93837,484897518
0x75231f58b43240c9718dd58b4967c5114342a86c,93741,484991259
0xc68279ab7758e395f9285021edca7e0b43d338b7,93421,485084680
0xb9280b318a84df5891610f27625b0741951b94b4,93353,485178033
0xd061d61a4d941c39e5453435b6345dc261c2fce0,93293,485271326
0x150631a2e822d3ed7d46df9a270ce7134a16de89,93169,485364495
0x8f2798d8a77f5d51bd9cccc17a6f0bb537da2506,93166,485457661
0xc6725ae749677f21e4d8f85f41cfb6de49b9db29,93097,485550758
0x1158c3c9a70e85d8358972810ed984c8e6ffcf0f,93037,485643795
0x7b78eb388fe213037b0f558a4a5935fe27b1e481,92995,485736790
0x9a0242b7a33dacbe40edb927834f96eb39f8fbcb,92565,485829355
0x0000002263ed26b54a28bbec0db6e51b62297b50,92560,485921915
0x55652ce84d686177c8946e8c78078c0d6cfa4b30,92316,486014231
0x2947f98c42597966a0ec25e92843c09ac17fbaa7,92096,486106327
0x00f2b67b5a5ec2ff88b2be7d5a8d1a39d5929237,92000,486198327
0x38b6ab6b9294cce1ccb59c3e7d390690b4c18b1a,91971,486290298
0x68c86ea06b8c6f2618cf680528107ef695e8dbd6,91951,486382249
0x8a1ba492c2a0b5af4c910a70d53bf8bb76c9a4c0,91910,486474159
0xab8e74017a8cc7c15ffccd726603790d26d7deca,91645,486565804
0xbe9375c6a420d2eeb258962efb95551a5b722803,91274,486657078
0x04ad70466a79dd1251f22ad426248088724ff32b,91253,486748331
0xa1cac442be6673c49f8e74ffc7c4fd746f3cbd0d,91204,486839535
0x4cc19356f2d37338b9802aa8e8fc58b0373296e7,90975,486930510
0x7d2624470429a4fa48f09206238749fbbb45eaa8,90705,487021215
0xaad54c9f27b876d2538455dda69207279ff673a5,90606,487111821
0x00e150d741eda1d49d341189cae4c08a73a49c95,90405,487202226
0x2a842bc64343fad4ec4a8424ba7ff3c0a70b6e55,90395,487292621
0x09cabec1ead1c0ba254b09efb3ee13841712be14,90333,487382954
0x84ca8bc7997272c7cfb4d0cd3d55cd942b3c9419,90237,487473191
0x98b4ca8bd52e4ed1f28d3f30d9f567d1166c9483,90119,487563310
0x1200563cfaeb481e1f0542a246f0cefcde4c4753,90002,487653312
0x1353f846841e8180a354586509457e78594c39fa,89980,487743292
0xba5f11b16b155792cf3b2e6880e8706859a8aeb6,89973,487833265
0x0bb04400fae60dc378143a12bf771927e39adf6e,89914,487923179
0xfbddadd80fe7bda00b901fbaf73803f2238ae655,89646,488012825
0xd02c52f828a35b808ce8335e7f02805dcc380b35,89632,488102457
0x384bfb7db2e58c02dd68c8d584ba639fe4308704,89200,488191657
0xb8eb7073716bcc6beed4fce7cda2e64da8ef8bd3,89021,488280678
0xde7d85157d9714eadf595045cc12ca4a5f3e2adb,88979,488369657
0xbd168cbf9d3a375b38dc51a202b5e8a4e52069ed,88841,488458498
0xa3f440ef604a6380a030360f85bb0dedb6db5a85,88817,488547315
0x986ee2b944c42d017f52af21c4c69b84dbea35d8,88806,488636121
0x2b796e2af6c40c0815405f6414b6d7d5060ba91c,88743,488724864
0x364b810acbad792b8eeac401c7d4e5e001b92b67,88658,488813522
0x443d1236439f43d4ab81b16534affb4522506615,88337,488901859
0x7a6542e629630a6a2c89ccce098386dcec39f6cf,88300,488990159
0x7de5aba7de728950c92c57d08e20d4077161f12f,88224,489078383
0x103c3a209da59d3e7c4a89307e66521e081cfdf0,88215,489166598
0x26c7bdd051318b48092390eabd1b69fce5080b25,87972,489254570
0xa1cb7c6056ca3924b452f9ed016776dd7c4bce5a,87959,489342529
0x01995786f1435743c42b7f2276c496a610b58612,87854,489430383
0xf94800e6e36b0dc860f6f31e7cdf1086099e8c0e,87805,489518188
0x7b45a572ea991887a01fd919c05edf1cac79c311,87666,489605854
0xd65960facb8e4a2dfcb2c2212cb2e44a02e2a57e,87623,489693477
0x04046027549f739edfd5b2a78efdbaf0f0bf4514,87522,489780999
0x0bb217e40f8a5cb79adf04e1aab60e5abd0dfc1e,87446,489868445
0x8a845fc339ceb022a695281554890429a34df120,87417,489955862
0x000000109099b65ba98f0934ddd9c95e8ea3fd48,87360,490043222
0xcbf2af75f33a36afa29870274c8e6893a8d0d806,87241,490130463
0xc7af99fe5513eb6710e6d5f44f9989da40f27f26,87204,490217667
0x39243a59d34169eeb0cac2752a21b982408a0194,86997,490304664
0xa3db33ccfe990fdf89ff311754391b5c3af4ef04,86954,490391618
0x1122b6a0e00dce0563082b6e2953f3a943855c1f,86605,490478223
0x13db74b3cf512f65c4b91683940b4f3955e05085,86438,490564661
0x78f5bbc74fb9137a75d85f3c9c3c599be49f0a56,86172,490650833
0x23a3db04432123ccdf6ef4459684329cc7c0b022,86004,490736837
0xb6f43025b29196af2dddd69b0a58afba079cd600,85931,490822768
0xf73b1f84e0c16cd56b0fad03295213a3098de0de,85815,490908583
0x00000000000017c75025d397b91d284bbe8fc7f2,85799,490994382
0xd0466448fb6bf17beaf9325974b7f71c6937609b,85738,491080120
0x3f17dd476faf0a4855572f0b6ed5115d9bba22ad,85719,491165839
0x54ae4ccb5378b8b7f03c8bbf450d36278262a196,85658,491251497
0xeb46faa47a6a52519839a2e52c7b28a2db17651e,85293,491336790
0x985dd3d42de1e256d09e1c10f112bccb8015ad41,84925,491421715
0x561c7d8fd30d7e555ac86395af1d6ce67d8268e7,84745,491506460
0xe964c79a2a6a94365c0b0c07a65f1c882e3f4059,84633,491591093
0xc44c22fbf9386cd90f02ff5418f3e01b2f3086e5,84569,491675662
0x00c8b2fd3213f089604e7a7ae264e9839a91f097,84361,491760023
0x311f71389e3de68f7b2097ad02c6ad7b2dde4c71,84176,491844199
0x1ed3d2c916cab00631cce4b08a7f880d4badae94,84155,491928354
0x8eca806aecc86ce90da803b080ca4e3a9b8097ad,84051,492012405
0x3fbe1f8fc5ddb27d428aa60f661eaaab0d2000ce,83834,492096239
0x563d2e0791d9c453a644c193d5a4150d69870825,83505,492179744
0x2c974b2d0ba1716e644c1fc59982a89ddd2ff724,83470,492263214
0xaec2e87e0a235266d9c5adc9deb4b2e29b54d009,83230,492346444
0x8e46a1c546857679d5e62133fffb9b82d8f72061,83187,492429631
0x4824a7b64e3966b0133f4f4ffb1b9d6beb75fff7,83081,492512712
0xdd8a513d11bd563e009f8e561c488ba7969470e1,83035,492595747
0x5136c98a80811c3f46bdda8b5c4555cfd9f812f0,83025,492678772
0x136723300aef2aab4b7cf52c3eaac6f997e12a68,82995,492761767
0x6aba1623ea906d1164cbb007e764ebde2514a2ba,82994,492844761
0x9ba6c9d09db964771cb4d526188f6af81e9bcf9e,82978,492927739
0x51db5ad35c671a87207d88fc11d593ac0c8415bd,82732,493010471
0x5cd38b03806da6e84c2fa1db6ba096c172b65853,82533,493093004
0x93c564d4cc593867daae181eb3b494a2362b1ec5,82481,493175485
0x1d462811562cc3675375a6d00c1618a370c27836,82389,493257874
0xe7232a9fd8bf427aa41918bc008d32290e22990e,82140,493340014
0x00000000dc0e59517a8114348d9130e7d3835832,82092,493422106
0x9d8be94d0612170ce533ac4d7b43cc3cd91e5a1a,81936,493504042
0xc7ed8919c70dd8ccf1a57c0ed75b25ceb2dd22d1,81911,493585953
0xa811ff165b082c0507ce9a5a660fb3d7eeecb88a,81668,493667621
0x030c09afd8a0e756d114bfb8c8446fbb80e38311,81588,493749209
0x2a46f2ffd99e19a89476e2f62270e0a35bbf0756,81514,493830723
0x608f006b6813f97097372d0d31fb0f11d1ca3e4e,81422,493912145
0x2c15559489ce4034c95ef2f4923879071ec0a309,81420,493993565
0x735af341f2d9ce3663616cd84ff522dbf62fbc1f,81370,494074935
0xc35e16a4fb05f12e3cb0253c807ee76c2833be65,81278,494156213
0x8ca9ea8e738b609ee79b3c0a80f24fbfff093be3,81261,494237474
0x50282cc400df9e89785d12a9413044ec627ba243,81167,494318641
0x351d5ea36941861d0c03fdfb24a8c2cb106e068b,80958,494399599
0x40395044ac3c0c57051906da938b54bd6557f212,80928,494480527
0x915044526758533dfb918eceb6e44bc21632060d,80867,494561394
0x6767d3789ff7c678612e771b7b78db7fa04a063c,80861,494642255
0xdf6164efd12678bf6a7d5a1ddf73c831493f6574,80763,494723018
0xeda8b016efa8b1161208cf041cd86972eee0f31e,80706,494803724
0xc0f1728d9513efc316d0e93a0758c992f88b0809,80701,494884425
0x63f584fa56e60e4d0fe8802b27c7e6e3b33e007f,80513,494964938
0x8e678b655a6b6e7f31747557a6a90a529b67a990,80509,495045447
0x155697df0d39e18f719fa58e25a53a65ccb4864e,80438,495125885
0xf6b6aa0ef0f5edc2c1c5d925477f97eaf66303e7,80387,495206272
0xf7686cf0d88b3c1b474ec76735b4e94a0c3a28f3,80003,495286275
0x9205c049c231dda51bace0ba569f047e3e1e9979,79956,495366231
0x2c33f5fde437ad4c1de85d5d5cb864921ab583af,79921,495446152
0x7391bb54a24719da7dd81c2e5176cf954d7f7635,79920,495526072
0xb24bb20364ff99fe8c5a7527e44dfe1ec5609a10,79853,495605925
0xc56b13ebbcffa67cfb7979b900b736b3fb480d78,79844,495685769
0x3ab6564d5c214bc416ee8421e05219960504eead,79628,495765397
0x86debf1adf201883d467cc9b636cc8a8658fb989,79585,495844982
0x43afc9058a3debf37eadf99138e449ce8a480a8a,79583,495924565
0xa5407eae9ba41422680e2e00537571bcc53efbfd,79562,496004127
0xe12871cf4c9a64e87959c1cf7c18dca1cc2d07c6,79494,496083621
0x26fb86579e371c7aedc461b2ddef0a8628c93d3b,79389,496163010
0xd0352a019e9ab9d757776f532377aaebd36fd541,79353,496242363
0xf8dbfd7098c0fe93daf06006d040f45a6e4390cf,79306,496321669
0xa4ba60fee8fc18a214140da7a085fff7d2628d2f,79279,496400948
0xdf5e0e81dff6faf3a7e52ba697820c5e32d806a8,79157,496480105
0x496a8a1c9b3aa406a51046e64149b230ccd903a5,79148,496559253
0x8080b66e7505db9bd1d7bb44a7b9518754c8d26b,79088,496638341
0xced13f21d59d6caec0d4d0a31fd6ecc67a203178,79037,496717378
0xb89570f6ad742cb1fd440a930d6c2a2ea29c51ee,78902,496796280
0xab8cc3ebb3e01491b4cb4c07fe13c3ae796ed9d0,78848,496875128
0xe478d4f4a87d4d641af97ca0b5cc3db61e266357,78776,496953904
0x9f91b5aa41b9fbdae6877593910586484d291f05,78699,497032603
0x27492703e18f7ab987d57c1e92d9e5d16d35b163,78621,497111224
0x5be786ad38f5846f605a8003550074cdfd4899a1,78548,497189772
0xffe510a92434a0df346c5e72a3494b043cf249eb,78514,497268286
0x50d1c9771902476076ecfc8b2a83ad6b9355a4c9,78459,497346745
0x48bd67ad140c9d10f94099c1cef7ab17d90ac335,78384,497425129
0x3f9c0a5773817ffaa5a1061e1e33c1d9c8888dff,78374,497503503
0x57ab1ec28d129707052df4df418d58a2d46d5f51,78326,497581829
0xf4eda77f0b455a12f3eb44f8653835f377e36b76,78307,497660136
0xf915bbfbb6c097dc327e64eec55e9ef4d110d627,78306,497738442
0x9d86b1b2554ec410eccffbf111a6994910111340,78156,497816598
0x3e9bc21c9b189c09df3ef1b824798658d5011937,77968,497894566
0xc55a13e36d93371a5b036a21d913a31cd2804ba4,77960,497972526
0x7b596c8f1b4db131503eb4f4a06f81c99d47dae1,77789,498050315
0x00000000cd47aa64daf64f5144b0d7885754374c,77683,498127998
0x1d287cc25dad7ccaf76a26bc660c5f7c8e2a05bd,77654,498205652
0x9cfed76501ac8cf181a9d9fead5af25e2c901959,77527,498283179
0xb6c4267c4877bb0d6b1685cfd85b0fbe82f105ec,77336,498360515
0xebbdf302c940c6bfd49c6b165f457fdb324649bc,77323,498437838
0xd366908c2f249537f905bdae5a77272a9fbda127,77296,498515134
0xfca59cd816ab1ead66534d82bc21e7515ce441cf,77223,498592357
0x7537aef853f63f114e6152956faf26488c08cc84,77195,498669552
0x977b0584b50cdd64e2f8185b682a1f256448c7c8,77172,498746724
0x9d5155fbffd5bbb7555f13819a5b435b7befdcbe,77077,498823801
0x6c22b815904165f3599f0a4a092d458966bd8024,76974,498900775
0xce43921b2fbf3c7f4cf47e28b8261e8e31bc6106,76962,498977737
0x93f2a75d771628856f37f256da95e99ea28aafbe,76804,499054541
0xa2b4c0af19cc16a6cfacce81f192b024d625817d,76758,499131299
0x71ffc95ca3bcebf26024f689f40006182916167f,76641,499207940
0xc54083e77f913a4f99e1232ae80c318ff03c9d17,76581,499284521
0xda2e0aa8f697db190c32034894cf9731f6619960,76419,499360940
0x7c651d7084b4ba899391d2d4d5d3d47fff823351,76391,499437331
0x000d2d31815990fca6f69dfd978c4d4a56b2ed6b,76390,499513721
0xad62f56a03334b647e55dbdb5b8642c24605a801,76337,499590058
0xf77f3939bd69fa7f7e4a77d6d202b9ca88fbb037,76334,499666392
0x511bc4556d823ae99630ae8de28b9b80df90ea2e,76282,499742674
0x5b0e9ff11aae806067787d380967900551919c0d,76203,499818877
0xfca47962d45adfdfd1ab2d972315db4ce7ccf094,76173,499895050
0x04abeda201850ac0124161f037efd70c74ddc74c,76162,499971212
0xff603f43946a3a28df5e6a73172555d8c8b02386,76013,500047225
0xcb8149ccb561c94dfd648a0e8494ea316e5815c1,75872,500123097
0x778fdaf34bb5993d69968f541152451241fab7e3,75860,500198957
0x09a3ecafa817268f77be1283176b946c4ff2e608,75836,500274793
0x00000000000064c443ef440577c26525a3c34a30,75767,500350560
0x8c60d767daf8cbc8e9a4899fb2eb0bbf9bbf8c20,75731,500426291
0x5e7ebea68ab05198f771d77a875480314f1d0aae,75687,500501978
0x3301ee63fb29f863f2333bd4466acb46cd8323e6,75675,500577653
0x741d63278490a33f705519cfd5c56fe470726ee8,75630,500653283
0xfd52a4bd2289aeccf8521f535ec194b7e21cdc96,75529,500728812
0xaa5bbd5a177a588b9f213505ca3740b444dbd586,75523,500804335
0x04cd48c02807a5b2443c6e50e274479642c41232,75506,500879841
0x97e46522e754da786487ec752a1f1c495b9665c1,75453,500955294
0x77fba179c79de5b7653f68b5039af940ada60ce0,75355,501030649
0x87a0110ed1d09af6568392e77cedae95e5f3a674,75253,501105902
0xaae81c0194d6459f320b70ca0cedf88e11a242ce,75218,501181120
0x2baecdf43734f22fd5c152db08e3c27233f0c7d2,75193,501256313
0x7e3abde9d9e80fa2d1a02c89e0eae91b233cde35,75069,501331382
0x5e6b6d9abad9093fdc861ea1600eba1b355cd940,75055,501406437
0x25c2f0e18f8945f5395aa971c99e95f808e79dea,75026,501481463
0xefa6d99630a34933e10397a91dc387c55e77b553,75014,501556477
0x9443528ec80759098287a01c0856eb2cddbd19c2,74997,501631474
0x2fb5d7dda4f1f20f974a0fdd547c38674e8d940c,74969,501706443
0xc55e13adbe3b603b586e1da9c4a49467857c43c9,74945,501781388
0x0d438f3b5175bebc262bf23753c1e53d03432bde,74911,501856299
0x716523231368d43bdfe1f06afe1c62930731ab13,74879,501931178
0xed91879919b71bb6905f23af0a68d231ecf87b14,74867,502006045
0xfa05a73ffe78ef8f1a739473e462c54bae6567d9,74829,502080874
0x63d52a5dafe278860b0486504b57b1d364b37413,74787,502155661
0x73468010efda36a42662f000fce2c2a4ef175097,74748,502230409
0x30426db00a8ab29992fab730a16d26332ce0c439,74738,502305147
0x4dcadd9adfd450c2ef997bb71888c2995e2d33a0,74717,502379864
0x45804880de22913dafe09f4980848ece6ecbaf78,74689,502454553
0xe532a2a37b0707b4306b21b412d2e8c22f9824ec,74502,502529055
0x5913d0f34615923552ee913dbe809f9f348e706e,74496,502603551
0x5d4abc77b8405ad177d8ac6682d584ecbfd46cec,74369,502677920
0xb9ae860baf9d2708f616c226a13303c5aba5c513,74320,502752240
0xe498c0d37e1cab443d7f8bd74bd820bb9d5b6bd6,74272,502826512
0x3cd9024168e6240b4f18b466d9bea9f8efc66004,74238,502900750
0xdc30a5baf62f3ce8d7e74a272bc139fbb7a0cab4,74168,502974918
0xe5a04d98538231b0fab9aba60cd73ce4ff3039df,74098,503049016
0xd18785571ae7f3b100e5b8788e3827120282f170,74031,503123047
0xfd8971d5e8e1740ce2d0a84095fca4de729d0c16,73976,503197023
0x8ba49452e12449240425de9895b1aa51f5f3b90d,73950,503270973
0x26946ada5ecb57f3a1f91605050ce45c482c9eb1,73737,503344710
0x8be4db5926232bc5b02b841dbede8161924495c4,73576,503418286
0xd3804bdd39fce95ab4fd5449bc40b94dbd1a303f,73513,503491799
0x5703840e9ae9ff88c25af351e465a163674f27b2,73438,503565237
0x9af09991ad63814e53ffc1bccf213ee74027608b,73368,503638605
0xabbbb6447b68ffd6141da77c18c7b5876ed6c5ab,73274,503711879
0xf2ddae89449b7d26309a5d54614b1fc99c608af5,73250,503785129
0x498d99de4268cebca264887f591c4ba8fac042e4,73245,503858374
0x0ae055097c6d159879521c384f1d2123d1f195e6,73166,503931540
0x1a7a8bd9106f2b8d977e08582dc7d24c723ab0db,72859,504004399
0x798f509bade66b9f20980abb0dcc024ca7afc530,72785,504077184
0x701c244b988a513c945973defa05de933b23fe1d,72695,504149879
0xacce88f5a63a5e65db9aa7303720be16b556e751,72636,504222515
0xc8ffd394421e09cb48b620dda56168171ca35ab7,72585,504295100
0x705d456d7a99dfde4244e2670f4126bf02cbba32,72470,504367570
0x7c633611d9199faff68bce5c5ad97d3514319b77,72443,504440013
0x485b9a41e8bf06e57bb64c6ba7cb04f9d53d2d76,72356,504512369
0x5f3e759d09e1059e4c46d6984f07cbb36a73bdf1,72246,504584615
0xdf1d6405df92d981a2fb3ce68f6a03bac6c0e41f,72240,504656855
0x4c0ff1b2c1ef5e2b3dd2c74023cbf7ae36f01391,72206,504729061
0x594204d20980c84c2623ed0f4297e4396e6fbd17,72115,504801176
0x314159265dd8dbb310642f98f50c066173c1259b,72049,504873225
0xddb3422497e61e13543bea06989c0789117555c5,72042,504945267
0xfe3e6a25e6b192a42a44ecddcd13796471735acf,71928,505017195
0x30cecb5461a449a90081f5a5f55db4e048397bab,71680,505088875
0xbf83c5368b56d8408858d06f1bce15c1261fbe8f,71669,505160544
0xea11755ae41d889ceec39a63e6ff75a02bc1c00d,71658,505232202
0x0ff69c20206d644331e6b6ca5262eeb8d6ccf7af,71619,505303821
0x0f71b8de197a1c84d31de0f1fa7926c365f052b3,71582,505375403
0x2b932333cc64dab0335706bc233701eff34f72c7,71564,505446967
0x51e7359d008a85a021da36370d78b594079a67b1,71554,505518521
0x79febf6b9f76853edbcbc913e6aae8232cfb9de9,71502,505590023
0x990f341946a3fdb507ae7e52d17851b87168017c,71432,505661455
0xdb25f211ab05b1c97d595516f45794528a807ad8,71364,505732819
0xbd17b1ce622d73bd438b9e658aca5996dc394b0d,71190,505804009
0x4fe83213d56308330ec302a8bd641f1d0113a4cc,71059,505875068
0xc88be04c809856b75e3dfe19eb4dcf0a3b15317a,71058,505946126
0x6733d909e10ddedb8d6181b213de32a30ceac7ed,71054,506017180
0x58d0a58e4b165a27e4e1b8c2a3ef39c89b581180,71046,506088226
0x29e3b3c76e7ae0d681bf1a6bcee1c0e7d17dbaa9,70928,506159154
0x0000000089341e263b85d84a0eea39f47c37a9d2,70802,506229956
0xbe60333fe9d9d10d2801e11c2a0e5060c83c8b30,70683,506300639
0x8798249c2e607446efb7ad49ec89dd1865ff4272,70658,506371297
0x4a03707a1bfefc2836a69b1a6a6bd752270041a9,70651,506441948
0x9469d013805bffb7d3debe5e7839237e535ec483,70636,506512584
0xa33e729bf4fdeb868b534e1f20523463d9c46bee,70606,506583190
0xcdb7ecfd3403eef3882c65b761ef9b5054890a47,70402,506653592
0xba5f00a28f732f23ba946c594716496ebdc9aef5,70384,506723976
0x1844b21593262668b7248d0f57a220caaba46ab9,70367,506794343
0x5fda1bb20918e579793b737cd4d72e1e2e7e83e7,70338,506864681
0xb9812e2fa995ec53b5b6df34d21f9304762c5497,70184,506934865
0xd6e8f8c4fc6fce1d77fd01f7749ae3f35f425d68,70133,507004998
0xaf4dce16da2877f8c9e00544c93b62ac40631f16,70110,507075108
0x254ef3fcae7b468e5ae36d55d9ebb1c5dff21e64,70077,507145185
0x43030fe232ff28b628c58c1466e9238487f2d670,70057,507215242
0x66b279a074faa84e2a29b9a6997dc2957044c486,69995,507285237
0x0bd9bf737f70c339db6b87f6a9fa8f6862b30dd6,69942,507355179
0x0488401c3f535193fa8df029d9ffe615a06e74e6,69743,507424922
0xc8422a8a386eb49ecbf060198938df163c188406,69651,507494573
0x3c6c214b016acfb51e7ce7c39069f352c9ca9a06,69603,507564176
0xbe15c4ebb73a67ddd94b83b237d2bdde5a5079ba,69574,507633750
0x8df6084e3b84a65ab9dd2325b5422e5debd8944a,69492,507703242
0x467bccd9d29f223bce8043b84e8c8b282827790f,69419,507772661
0x4f2c4dffa2f1b0c8695057d3a66b8e1a462f5834,69400,507842061
0x28c69cd429f785954ae4b0263db4d9871c033ca7,69293,507911354
0xbfd0fb15e6c04b396ea12f5bb9ba803e29b282be,69277,507980631
0x14ddda446688b73161aa1382f4e4343353af6fc8,69136,508049767
0x508f8825dd9d993c6d69cb257c902a2f5b877705,69009,508118776
0x558c62533def5e9d77a7e555490c0e2889eacf3a,68963,508187739
0x6a27348483d59150ae76ef4c0f3622a78b0ca698,68902,508256641
0xf46f98a8f6032914921ae9cfb5aaab5083bd9376,68827,508325468
0x4eac6df4b1d8e2faa125d10ba2531b491114c6b6,68824,508394292
0xe79df2d8af756e850f95f386311acd0368344767,68734,508463026
0xd6d62024d82b5bf4fe4a9e214991743d543f1673,68663,508531689
0xa5763bf433f2f154b798b924fb2f6c54137b3522,68618,508600307
0xb0ca787f8cf38f077e8201b05378da230a8b462f,68542,508668849
0xe34e1944e776f39b9252790a0527ebda647ae668,68515,508737364
0x332f26029dddf3f22a64610edebf9405df685589,68492,508805856
0x1fb0b88eaf51420c14b67256ab7dae1de6e116cb,68386,508874242
0xaf4884622fdc0dd436bd229852ae06be8713c4f6,68360,508942602
0x6c2adc2073994fb2ccc5032cc2906fa221e9b391,68213,509010815
0x903625318d13a3529fb4309fd57dd8d105fcd39c,68196,509079011
0x4f17181a6f377796d1a1d19161984af06d6f37ad,68159,509147170
0x0b38210ea11411557c13457d4da7dc6ea731b88a,68137,509215307
0x4212fea9fec90236ecc51e41e2096b16ceb84555,68046,509283353
0x4678f0a6958e4d2bc4f1baf7bc52e8f3564f3fe4,68012,509351365
0x3db6ba6ab6f95efed1a6e794cad492faaabf294d,67991,509419356
0xa5b46ff9a887180c8fb2d97146398ddfc5fef1cd,67955,509487311
0xe30a76ec9168639f09061e602924ae601d341066,67953,509555264
0x93190dbce9b9bd4aa546270a8d1d65905b5fdd28,67896,509623160
0x584b44853680ee34a0f337b712a8f66d816df151,67838,509690998
0x9c6b454d42a69088719ff8b2ab30c04808c8d061,67819,509758817
0x9f138d5d9e24186ec96b35e5b5530c907860a78d,67774,509826591
0x6c5ba91642f10282b576d91922ae6448c9d52f4e,67724,509894315
0x4ed25d8577feb83946b1548998fb7b157ead8bb9,67709,509962024
0x905e337c6c8645263d3521205aa37bf4d034e745,67616,510029640
0xb91318f35bdb262e9423bc7c7c2a3a93dd93c92c,67588,510097228
0x2f85e502a988af76f7ee6d83b7db8d6c0a823bf9,67340,510164568
0xb5917a48a99c1f8c76119a5133fde1169ec11170,67323,510231891
0xe38ab2ad0e3e85983f76fe235b6a9869cda0502d,67306,510299197
0x3f2d1ff4930318b5a7c301e1bf7e703dcf6d83e3,67274,510366471
0x850e8f0e5b83750b1881bf5b50d37f1c73f4aeaf,67170,510433641
0x7208f615f0ad6ecfa2861c763ccd61bb8e13eab8,67157,510500798
0xf4106e7ce40b41976ac8f198bda2c51afa943784,67120,510567918
0xaec0d77fdd6a2a34ec3eaf915260496ae27f9d25,67098,510635016
0x8eb4144d343f4c5679f4bd86871acd04a4a8dc95,67018,510702034
0x185b257aa51fdc45176cf1ffac6a0bfb5cf28afd,66974,510769008
0xf5dce57282a584d2746faf1593d3121fcac444dc,66886,510835894
0xc461ea86efe08cc97465cdcf7aa694055a9667df,66807,510902701
0x221657776846890989a759ba2973e427dff5c9bb,66764,510969465
0x0000000094acb89a43eac2fbb3a07973efc2435c,66733,511036198
0xd67b1db49801b6f4c96a01a4f7964233150dc58b,66639,511102837
0xf366005f71f63cdec1be2a2f2ae9a5bb807e0da4,66592,511169429
0x5c4ed1f2e64f0aa8c6ddfdc5814f169dae487dcc,66535,511235964
0x0258f474786ddfd37abce6df6bbb1dd5dfc4434a,66526,511302490
0x19d97d8fa813ee2f51ad4b4e04ea08baf4dffc28,66417,511368907
0x00000000000080c886232e9b7ebbfb942b5987aa,66415,511435322
0x100c2982e01679be991428448a7b8371af0cf478,66311,511501633
0x5825fba40871aaacba45e4b34629abb86520b807,66279,511567912
0xdf40c333f87cc4db4c210f7114d9c29d178d67f0,66249,511634161
0x2d0e95bd4795d7ace0da3c0ff7b706a5970eb9d3,66236,511700397
0xee4458e052b533b1aabd493b5f8c4d85d7b263dc,66214,511766611
0x1680cfdad75da2bb56ded4f36bb9423c86ffa7b7,66164,511832775
0x13f25cd52b21650caa8225c9942337d914c9b030,66094,511898869
0x81ea14e770101e2dfa61df3f38b663084bb0b7e8,66089,511964958
0x9b20dabcec77f6289113e61893f7beefaeb1990a,66077,512031035
0x446c9033e7516d820cc9a2ce2d0b7328b579406f,66065,512097100
0x4ecdc839fcfe8d80c69877acf692e6a65b364b38,66045,512163145
0xbbe5f5aa4d39d6c3cc1e4f03a1d96adc8940cf3a,66025,512229170
0x241e82c79452f51fbfc89fac6d912e021db1a3b7,66015,512295185
0x528d068ae69e90c90ad090b3c2b0d18241e9e9b5,65997,512361182
0xfb5a551374b656c6e39787b1d3a03feab7f3a98e,65969,512427151
0x059a62926ab1df24a6ffff082ccef1d5c6a3bc7e,65948,512493099
0x6f6deb5db0c4994a8283a01d6cfeeb27fc3bbe9c,65942,512559041
0x973e52691176d36453868d9d86572788d27041a9,65898,512624939
0x41f274c0023f83391de4e0733c609df5a124c3d4,65823,512690762
0x264dc2dedcdcbb897561a57cba5085ca416fb7b4,65801,512756563
0xfbc6336ea5319daba3a1d6fa3028fc54a9022f9a,65720,512822283
0x5c43df7448a6350e77cf77e867987087dc85515c,65641,512887924
0x1acb5586b4d030ddf37228ebbf25278142086659,65628,512953552
0xf650c3d88d12db855b8bf7d11be6c55a4e07dcc9,65622,513019174
0x4bffc9b4d4dcf730820a2edcad48ff5d7e0ae807,65590,513084764
0xa4d17ab1ee0efdd23edc2869e7ba96b89eecf9ab,65580,513150344
0xe5b9746dfcc2ef1054d47a451a77bb5f390c468d,65288,513215632
0xced4e93198734ddaff8492d525bd258d49eb388e,65230,513280862
0xbba84f48a96bae2a2e551825280eb18759ece1ae,65142,513346004
0xe60d2325f996e197eedded8964227a0c6ca82d0f,65121,513411125
0xd78a3280085ee846196cb5fab7d510b279486d44,65082,513476207
0x1ebd8d3ca115451b9b6bbaa7ee2f7b0f96e49fd8,65041,513541248
0x7869c4a1a3f6f8684fbcc422a21ad7abe3167834,65007,513606255
0x81c9151de0c8bafcd325a57e3db5a5df1cebf79c,64878,513671133
0x8d75959f1e61ec2571aa72798237101f084de63a,64847,513735980
0xcb3d6f40bcf01eac9111f85436b2cfc5aac1a60c,64703,513800683
0x35b08722aa26be119c1608029ccbc976ac5c1082,64701,513865384
0x58aff91f5b48245bd83deeb2c7d31875f68b3f0d,64389,513929773
0x3e3b311cd6ed7f27432f82a08fbca19141cc0509,64336,513994109
0x94d6b4fb35fb08cb34aa716ab40049ec88002079,64302,514058411
0x4689a4e169eb39cc9078c0940e21ff1aa8a39b9c,64203,514122614
0xe01dd5ee7dfbb48baf94b1c885faaa5bc6bbd70a,64174,514186788
0x000000002605006ff4ad30ac969f0726821ebd7c,64091,514250879
0x7d3b3b1aef60bf891bc2ad3c202f791707f0645c,64080,514314959
0xb4d9b203d8d16f41916a62deab83389cf2b7eecb,64031,514378990
0x1ceb5cb57c4d4e2b2433641b95dd330a33185a44,64027,514443017
0x43dfc4159d86f3a37a5a4b3d4580b888ad7d4ddd,63976,514506993
0xe44061f043682ff77c1d51d4e0f93ab2bb5b2ae0,63921,514570914
0x57ad67acf9bf015e4820fbd66ea1a21bed8852ec,63773,514634687
0x4d7fd9f3fecb85e4cd68ffda1ef3015e3d3b8dfe,63700,514698387
0x1dfabf381d80dd29d43bc347207b30a5c484bbd0,63691,514762078
0x0de845955e2bf089012f682fe9bc81dd5f11b372,63547,514825625
0xb4a00005aacb2d82d9c6d9a4cc4ab5a942f0fbcc,63527,514889152
0x8c15ef5b4b21951d50e53e4fbda8298ffad25057,63521,514952673
0x7bcec0ef877533ab557add0db19f833fdc18181c,63418,515016091
0xe4815ae53b124e7263f08dcdbbb757d41ed658c6,63413,515079504
0xfe1657d77b3814f2e811d0ccbeb89ade63c7a0af,63412,515142916
0xe17dbb844ba602e189889d941d1297184ce63664,63403,515206319
0xd7aca469370a67917f687ca61f225caa0b3dc8cb,63307,515269626
0x08b67e38b4ecc788eb0cfbab72074c374ecddbf3,63244,515332870
0x0089659f609933d16a5cd6c2be1a5dca1abe24ad,63237,515396107
0xbcd7109e8c9b27d27b28a94bd9212377f8124881,63111,515459218
0x8b3b3b624c3c0397d3da8fd861512393d51dcbac,62967,515522185
0xd1c300000000b961df238700ef00600097000049,62870,515585055
0xa4ea687a2a7f29cf2dc66b39c68e4411c0d00c49,62862,515647917
0x0ce0224ba488ffc0f46be32b333a874eb775c613,62828,515710745
0xac3ae8acd3ae1705359cee2c6d98e946d508eb1b,62758,515773503
0x1fcdce58959f536621d76f5b7ffb955baa5a672f,62699,515836202
0x7b74c19124a9ca92c6141a2ed5f92130fc2791f2,62661,515898863
0xda022ca91df99413e8cb0caab4d1cba4e9018bea,62659,515961522
0x304e52b3a2d5ff618da436134e9a6c405e4b0a22,62592,516024114
0xcbcc0f036ed4788f63fc0fee32873d6a7487b908,62492,516086606
0x1c4481750daa5ff521a2a7490d9981ed46465dbd,62487,516149093
0x518aaaf9af1ebaefa206574e16f61f6af9c36235,62427,516211520
0xb7b03ce91e5826bd8d223b15dedbdb8ef4ddd4a8,62417,516273937
0x9e3319636e2126e3c0bc9e3134aec5e1508a46c7,62378,516336315
0xc81774fd1b51bc7e26b2bad562dcdb0a2cbebaf2,62362,516398677
0x60cd862c9c687a9de49aecdc3a99b74a4fc54ab6,62165,516460842
0x25367741a23464b41b4ab978bd8092d56a3590c0,62078,516522920
0x744704c31a2e46ad60c7cdf0212933b4c4c2c9ec,62041,516584961
0x4ae0ede482f825fb9cccce8f0fe089f0379eaa2a,62038,516646999
0xc44948cbbaf37a4d7f1315c08972b4338080bf59,61989,516708988
0xe53ec727dbdeb9e2d5456c3be40cff031ab40a55,61984,516770972
0x00868b5f38673a0c6804a4e1c130b7676177bb48,61898,516832870
0xcb94be6f13a1182e4a4b6140cb7bf2025d28e41b,61886,516894756
0x1410434b0346f5be678d0fb554e5c7ab620f8f4a,61886,516956642
0x36b0c7c8a3555111f44df5fe609ae24de11091d3,61881,517018523
0x36905fc93280f52362a1cbab151f25dc46742fb5,61866,517080389
0xc5903fe72a9530e4382187f729ccc050d7e89fae,61836,517142225
0x56d811088235f11c8920698a204a5010a788f4b3,61825,517204050
0x43d99d54f14c64994fd9666beab6023b0069de20,61813,517265863
0x0c632ec5982e3a8dc116a02eba7a419efec170b1,61812,517327675
0x2c4bd064b998838076fa341a83d007fc2fa50957,61696,517389371
0x51c6a6ef1352578ff01b078313e6779b88bdcb1e,61594,517450965
0xae31b85bfe62747d0836b82608b4830361a3d37a,61593,517512558
0xa619651c323923ecd5a8e5311771d57ac7e64d87,61557,517574115
0x30e0130141b3f113480a5941ca180ad8c5f98612,61487,517635602
0x29536b7ca7029b5cddeb03c0451715615aca35ba,61373,517696975
0x526afe8e3a1ac3e9051daf3f3e11eea1974bf8e8,61351,517758326
0xabea9132b05a70803a4e85094fd0e1800777fbef,61269,517819595
0x0f51bb10119727a7e5ea3538074fb341f56b09ad,61230,517880825
0x0000000000005117dd3a72e64a705198753fdd54,61151,517941976
0x71320e08c267746616456aeca4efde73ed98caf3,61150,518003126
0xe5caef4af8780e59df925470b050fb23c43ca68c,61135,518064261
0x57f0b53926dd62f2e26bc40b30140abea474da94,61117,518125378
0x342156c8d3ba54abc67920d35ba1d1e67201ac9c,60995,518186373
0x2e4d380052c2db43cbed951e511db84aaa1b3c6e,60959,518247332
0x661f3361afbbdf2a128ffbcf041d8f6b155dd124,60939,518308271
0x61c86828fd30ca479c51413abc03f0f8dcec2120,60877,518369148
0xd2f81cd7a20d60c0d558496c7169a20968389b40,60795,518429943
0x312a90b32bbfdd064f3b223a0ce5fe1ff44b44a8,60777,518490720
0xd2dda223b2617cb616c1580db421e4cfae6a8a85,60727,518551447
0x9b072979932831d9a8fbe426b491f840a2b2620b,60662,518612109
0x90888cddad598570c6edc443eee9aadb63cda3c4,60558,518672667
0xdb504ac3d8f625c3bd44b3a07c30d10730e95469,60481,518733148
0x622dffcc4e83c64ba959530a5a5580687a57581b,60459,518793607
0xed0da07aab7257df53efc4dfc076745744138ed9,60385,518853992
0x9b11efcaaa1890f6ee52c6bb7cf8153ac5d74139,60384,518914376
0x94cb815f4b601b00b363b3177b4d8ed8e0eb7cf2,60371,518974747
0xd294fb1b8b1169dc634017f60d9ca36a5701bd7d,60360,519035107
0x957c30ab0426e0c93cd8241e2c60392d08c6ac8e,60310,519095417
0x491c9a23db85623eed455a8efdd6aba9b911c5df,60171,519155588
0x15e0716b2bb4c1e4906d34291064960f122d779a,60134,519215722
0x1058a82c25f55ab8ab0ce717f3e6e164e80f1a0b,60096,519275818
0xffe02ee4c69edf1b340fcad64fbd6b37a7b9e265,60022,519335840
0xe2a0bfe759e2a4444442da5064ec549616fff101,60018,519395858
0xc6e6dd6a0c61651d1bc055dc1c22418a729d41bb,59894,519455752
0x8c85a06eb3854df0d502b2b00169dbfb8b603bf3,59721,519515473
0xfd61352232157815cf7b71045557192bf0ce1884,59694,519575167
0x1ad98d6a14681e9c20994d9c471bbe6ce5aa321a,59608,519634775
0xc528c28fec0a90c083328bc45f587ee215760a0f,59601,519694376
0x5ef3260396e263dfcd0ee9d66b258da77101fcbe,59594,519753970
0x22941e38116f21923b7d82ed003375dd7fca9d45,59587,519813557
0xa1faa113cbe53436df28ff0aee54275c13b40975,59586,519873143
0x875eaa41917ced7c1e435272888d23f05098fc97,59575,519932718
0xddddddd1fd4e3708869c00cabe6b0b9d15181bb9,59472,519992190
0x9ea5abf7c3aa95233832bd7e6362945112629c3c,59379,520051569
0x34364bee11607b1963d66bca665fde93fca666a8,59361,520110930
0xb35da08825dc90c15ddb55e9e15005a3db9c5ebb,59344,520170274
0xf19d54ebd001d40642963882e583b75967b8c13c,59320,520229594
0x9d8e0b763e43975008528ea2e18ba547c40722e1,59227,520288821
0x660802fc641b154aba66a62137e71f331b6d787a,59223,520348044
0x846c66cf71c43f80403b51fe3906b3599d63336f,59179,520407223
0xa2b1f45de96b8d8661b1476ff78ac4752b1b9559,59160,520466383
0xfae4ee59cdd86e3be9e8b90b53aa866327d7c090,59154,520525537
0x3589d05a1ec4af9f65b0e5554e645707775ee43c,59141,520584678
0x2cab2d282e588f00beabe2bf5577c7644972e10f,58982,520643660
0x05c7065d644096a4e4c3fe24af86e36de021074b,58922,520702582
0x55f93985431fc9304077687a35a1ba103dc1e081,58879,520761461
0xca896381b8b0f5a73dd2122e261f1e8eee3e8b0e,58850,520820311
0xe4c94d45f7aef7018a5d66f44af780ec6023378e,58813,520879124
0x00d02526ca08488342ab634de3b2d0050ecc7f60,58780,520937904
0x5d09922f91da3b13b175781c61d39f62dc7cee1a,58770,520996674
0x81c30c0e827e732878f8df74a63a8df63934da27,58742,521055416
0xae6814472dac803b82d4ea4588cf7af8b2b12d1d,58735,521114151
0x01c1452d4f0cdce13bcd16582951b8d84ac45095,58711,521172862
0x72908dd978292635c669bad1bafd48894fd1b405,58710,521231572
0x38cb8642a0fc558918fced939450d689d0e5a7be,58706,521290278
0x9899af5aa1efa90921d686212c87e70f4fbea035,58594,521348872
0x7b188a8b3a2113621895fb35fc67a779caffa92d,58589,521407461
0xaa69ff87ef591b0684311be365a4fc597715b6ef,58585,521466046
0x2cb4b49c0d6e9db2164d94ce48853bf77c4d883e,58567,521524613
0x86cd9cd0992f04231751e3761de45cecea5d1801,58563,521583176
0x86e6a4f512b1290c043970b04e0b570d4fc98291,58528,521641704
0x9765fea9752505a685c1bce137ae5b2efe8ddf62,58434,521700138
0xdb91670cb86a36067a72a4e73b283bb5cdbd4e58,58390,521758528
0x38c6a68304cdefb9bec48bbfaaba5c5b47818bb2,58382,521816910
0xacbe6529b2064c6ace953da9a87f29b6ebeb55fd,58259,521875169
0xffa93aacf49297d51e211817452839052fdfb961,58109,521933278
0x3c020e014069df790d4f4e63fd297ba4e1c8e51f,58105,521991383
0xe2aed72a80cf9651431cad9c312ba11a589af4c7,58047,522049430
0x62caf75a67252f7be236a7335fed1410c7434b7f,58037,522107467
0xfe7b915a0baa0e79f85c5553266513f7c1c03ed0,57982,522165449
0x8640798469204dbbad5842f8688b152c510f7777,57977,522223426
0x6ec8a24cabdc339a06a172f8223ea557055adaa5,57933,522281359
0xe09e2f59de8c2596a6d4fc4c3cb673a8275bc397,57895,522339254
0x1d462414fe14cf489c7a21cac78509f4bf8cd7c0,57877,522397131
0x6149c26cd2f7b5ccdb32029af817123f6e37df5b,57865,522454996
0xf93be1f6c7336e78f4a3859a9d01f44595a82ab4,57854,522512850
0x6e8b3bf967405f2b1feaeb3a09c76bc94a8f37a4,57801,522570651
0x5a753021ce28cbc5a7c51f732ba83873d673d8cc,57745,522628396
0x60b4b0c6a1c518be1f7f68a8ced6af510fd21b4b,57726,522686122
0x3d207d98e762fb64e163abddcb25a913eeb741cd,57720,522743842
0x6780846518290724038e86c98a1e903888338875,57569,522801411
0xc4bcd64cb216d49fd3c643a32762f34626b45a1a,57488,522858899
0xc538143202f3b11382d8606aae90a96b042a19db,57455,522916354
0xbd0793332e9fb844a52a205a233ef27a5b34b927,57401,522973755
0xf91d60c576fc809bea7a08d45ee3d6d77fbf5ff7,57349,523031104
0x41306eb5fc11a68c284c19ba3b9510c0252e0a34,57268,523088372
0x74d4344bf8cead0779e2041f19d2985985c67d7b,57247,523145619
0xb0d761755efc1a7c45391815e0057b9598ddae18,57200,523202819
0x9799b475dec92bd99bbdd943013325c36157f383,57117,523259936
0x6aef0e0e522848aa3fe2c9d83cdbe60517a8d749,57060,523316996
0x865ec58b06bf6305b886793aa20a2da31d034e68,57014,523374010
0xc64500dd7b0f1794807e67802f8abbf5f8ffb054,56937,523430947
0x8ad6739649f1fbf079882c14d27862d5c2206660,56885,523487832
0x2ba592f78db6436527729929aaf6c908497cb200,56841,523544673
0x331d077518216c07c87f4f18ba64cd384c411f84,56816,523601489
0x5ecd84482176db90bb741ddc8c2f9ccc290e29ce,56763,523658252
0xe907b807df4b56cf4bfb16f288d4f2044dbd2d87,56751,523715003
0x4540fcf016bcb67290c3e14238702c64e6a51600,56613,523771616
0x4b94c8567763654101f690cf4d54957206383b75,56574,523828190
0x3137619705b5fc22a3048989f983905e456b59ab,56537,523884727
0x4d3ddfee61326469a1b353920a313f226ea84314,56504,523941231
0xc42209accc14029c1012fb5680d95fbd6036e2a0,56457,523997688
0x5d4d57cd06fa7fe99e26fdc481b468f77f05073c,56383,524054071
0xa821f14fb6394e82839f5161f214cacc90372453,56372,524110443
0x000000000000740a22fa209cf6806d38f7605385,56352,524166795
0xfad45e47083e4607302aa43c65fb3106f1cd7607,56185,524222980
0xf75edffec3202650114c42337eefc52d70be0138,56182,524279162
0xd866a07dea5ee3c093e21d33660b5579c21f140b,56108,524335270
0x85aeace84a130bc1accce2a9f4f933f6765b0b9b,55931,524391201
0xc05d14442a510de4d3d71a3d316585aa0ce32b50,55908,524447109
0xda58fb36cdb37a0de8bb9cb6c78b8715dcd0d1e8,55849,524502958
0xafb559485401f81fcab7af7f5b5f6dd3b962c63f,55817,524558775
0x8fd3121013a07c57f0d69646e86e7a4880b467b7,55811,524614586
0xdc9ac3c20d1ed0b540df9b1fedc10039df13f99c,55809,524670395
0xa0a6b8f5f8d41b88a4306c6a9e85028cbefad8e1,55752,524726147
0x31f65c7e03f83314f4a368b750823dc57f95280c,55722,524781869
0x127cae460d6e8d039f1371f54548190efe73e756,55708,524837577
0x575ccd8e2d300e2377b43478339e364000318e2c,55692,524893269
0x60cf284021f58e87d3360cbec8b906e7d3185236,55689,524948958
0x4289c043a12392f1027307fb58272d8ebd853912,55634,525004592
0xbffb152b9392e38cddc275d818a3db7fe364596b,55622,525060214
0xc36cf0cfcb5d905b8b513860db0cfe63f6cf9f5c,55539,525115753
0x814e0908b12a99fecf5bc101bb5d0b8b5cdf7d26,55489,525171242
0x01021a579f2385992e9277306b8b647d6e8138b4,55384,525226626
0x649eff2dc5d9c5c641260c8b9bede4770fccf5e7,55361,525281987
0xcdf7cfc9f7c129a0d7aec376bc205ab87fc878e1,55266,525337253
0x15d4c048f83bd7e37d49ea4c83a07267ec4203da,55242,525392495
0xd8deaedd223a2150612c5c6f33609be89d553d9b,55219,525447714
0xf3dd3acf1662a564e15d7569fd80c105596e8846,55211,525502925
0x488e3a4bbbb2386ba619eed88319e807c3ddb6c2,55102,525558027
0x8d8812b72d1e4ffcec158d25f56748b7d67c1e78,54889,525612916
0x8b40761142b9aa6dc8964e61d0585995425c3d94,54786,525667702
0x0e8d6b471e332f140e7d9dbb99e5e3822f728da6,54709,525722411
0x7090a6e22c838469c9e67851d6489ba9c933a43f,54680,525777091
0xadd9b56a2be55b6310ca4d9412381863c6d74bc9,54646,525831737
0x589891a198195061cb8ad1a75357a3b7dbadd7bc,54469,525886206
0x1db92e2eebc8e0c075a02bea49a2935bcd2dfcf4,54466,525940672
0x628642fe0abf20dcc2c82f28fe4f3e406928c229,54420,525995092
0x85332b222787eacab0fff68cf3b884798823528c,54418,526049510
0xdfb410994b66778bd6cc2c82e8ffe4f7b2870006,54366,526103876
0x00000000441378008ea67f4284a57932b1c000a5,54340,526158216
0x5650ca3f0289c762f83dde1894faa9b6d0d89798,54335,526212551
0xf7b098298f7c69fc14610bf71d5e02c60792894c,54303,526266854
0xaaaf91d9b90df800df4f55c205fd6989c977e73a,54286,526321140
0xc8058d59e208399b76e66da1ec669dd6b1bee2ea,54268,526375408
0x53a0f816c2ba51565cdc850ac314c42cb33cbfc8,54230,526429638
0xa3bed4e1c75d00fa6f4e5e6922db7261b5e9acd2,54230,526483868
0xadebeafcdcf5de0a5a7f7dfdd467b0e9fb205be9,54087,526537955
0xca947c9ddf31ee6c2e994efb794fdb0819aeeed0,54078,526592033
0x20e94867794dba030ee287f1406e100d03c84cd3,53992,526646025
0xda6cb58a0d0c01610a29c5a65c303e13e885887c,53990,526700015
0x0a7d984c7f91e9be3ea02a5369fcc9f1a4f6a322,53990,526754005
0x614fd8f06ce4d93aa2361b342c86554eb5cb39f1,53960,526807965
0xf3b3cad094b89392fce5fafd40bc03b80f2bc624,53951,526861916
0xf8c595d070d104377f58715ce2e6c93e49a87f3c,53907,526915823
0xa36972e347e538e6c7afb9f44fb10dda7bba9ba2,53854,526969677
0x773301b28178f5669f928bd561f3486cb8711ca0,53751,527023428
0x7c9ca5adcba43d968d9e0ddca16293d66c07482d,53743,527077171
0xbbd2beee98281114ca34dd16c9b783c42ea3da2c,53725,527130896
0x8711415edd6d1c7936e8ee30f807a7799c3bb970,53688,527184584
0x4f92e5038e400383d5827681ef9951e7f3beb33d,53673,527238257
0x060f728deb96875f992c97414eff2b3ef6c58ec7,53662,527291919
0x9f5f3cfd7a32700c93f971637407ff17b91c7342,53659,527345578
0x72adadb447784dd7ab1f472467750fc485e4cb2d,53609,527399187
0xbc46d9961a3932f7d6b64abfdec80c1816c4b835,53522,527452709
0xe5f166c0d8872b68790061317bb6cca04582c912,53397,527506106
0x715e5efcfe32ccc73d71c61f3a1fe80ed99b0e21,53319,527559425
0x226bb599a12c826476e3a771454697ea52e9e220,53296,527612721
0xbbc81d23ea2c3ec7e56d39296f0cbb648873a5d3,53243,527665964
0x37f04d2c3ae075fad5483bb918491f656b12bdb6,53243,527719207
0x412d397ddca07d753e3e0c61e367fb1b474b3e7d,53238,527772445
0xe803267c5086252425befe8e1f9c4cec0ea3a952,53184,527825629
0xe7775a6e9bcf904eb39da2b68c5efb4f9360e08c,53135,527878764
0xf8c3527cc04340b208c854e985240c02f7b7793f,53072,527931836
0xad22f63404f7305e4713ccbd4f296f34770513f4,53071,527984907
0x610ff0ca7c04b1f8e06e12aa5b85c6f9502b5b63,52954,528037861
0xea38eaa3c86c8f9b751533ba2e562deb9acded40,52925,528090786
0x41dbecc1cdc5517c6f76f6a6e836adbee2754de3,52886,528143672
0x7c5d5100b339fe7d995a893af6cb496b9474373c,52861,528196533
0xfb2f26f266fb2805a387230f2aa0a331b4d96fba,52773,528249306
0x977e5f1bc595db78dcc0e78a6fdfa08e988ca264,52770,528302076
0x2602669a92fccf44e5319ff51b0f453aab9db021,52742,528354818
0xea2524bb0773de6a5f641aa97294401f116572e7,52653,528407471
0x5885d2a27bd4c6d111b83bc3fc359ed951e8e6f8,52626,528460097
0x781fb4f25d07de3f3cfe2476645e52e0c661eefc,52565,528512662
0x4d35fe9c85233a8e00ae2d3c0d912a45bc781025,52553,528565215
0x00000000751edf02c727ea9d0c1c8e64f169e343,52512,528617727
0xdecf7be29f8832e9c2ddf0388c9778b8ba76af43,52500,528670227
0x26166d50556a829d0527beac492ad38a80d3101c,52398,528722625
0x940a2db1b7008b6c776d4faaca729d6d4a4aa551,52372,528774997
0x51b4b27a7bd296fd34ca7c469f49d5bcd7fe5137,52157,528827154
0x87c9dbff0016af23f5b1ab9b8e072124ab729193,52144,528879298
0xa88fc5e2b9aa4e3bb40d67fa553517a1569c8e72,52084,528931382
0xfef0d2f3a79b4338d8418003dd9df89281242063,52069,528983451
0xd8f46c7e5f9a0dcfac79a79763634fce9302985f,51987,529035438
0x1b793e49237758dbd8b752afc9eb4b329d5da016,51970,529087408
0x72dac6b2b6b5a1bb2527f9824ae7f095b5f36dd3,51938,529139346
0x519475b31653e46d20cd09f9fdcf3b12bdacb4f5,51896,529191242
0xd518ea731f523b6a53f6eb3db2bae217b95d958b,51875,529243117
0x6f919d67967a97ea36195a2346d9244e60fe0ddb,51861,529294978
0xe477292f1b3268687a29376116b0ed27a9c76170,51854,529346832
0xb626a5facc4de1c813f5293ec3be31979f1d1c78,51841,529398673
0xfe39e6a32acd2af7955cb3d406ba2b55c901f247,51733,529450406
0x4bd70556ae3f8a6ec6c4080a0c327b24325438f3,51677,529502083
0x39ec39f6573247efb3954974d8618217f980e3a0,51566,529553649
0xd6cc43ac66902302074a19e52bacc68d15421551,51556,529605205
0x78e76126719715eddf107cd70f3a31dddf31f85a,51426,529656631
0x37304b0ab297f13f5520c523102797121182fb5b,51334,529707965
0x5e3346444010135322268a4630d2ed5f8d09446c,51263,529759228
0x66668757b73deecc5d7241ea8daf39b509de3ae9,51243,529810471
0x912d92502de8ec2b4057f7f3b39bb67b0418192b,51174,529861645
0x2bf64b7edd273f6ed813a806b717a3c547cc4d55,51159,529912804
0xaf2dc9d375d3de6535d8c8aa2096371b8d5df8fd,51121,529963925
0x05b1d5b3ad20769b3b71b658a1df2290cd5a2376,51119,530015044
0xd27d76a1ba55ce5c0291ccd04febbe793d22ebf4,51098,530066142
0x00000000b1786c9698c160d78232c78d6f6474fe,51013,530117155
0x7d8344b6cbe6c2a26d56cbb5af75faebe47a7846,51004,530168159
0x25caf15e1cc43e7bfa9853a68de463bfb0d27021,50942,530219101
0x9dd5b5c71842a4fd51533532e5470298bfa398fd,50911,530270012
0xf9986d445ced31882377b5d6a5f58eaea72288c3,50819,530320831
0x7c6e28b33fa22291f5e5fafc48555b922173ee8b,50787,530371618
0x5d48aca3954d288a5fea9fc374ac48a5dbf5fa6d,50774,530422392
0x8a77e40936bbc27e80e9a3f526368c967869c86d,50769,530473161
0xd5d10172e8d8b84ac83031c16fe093cba4c84fc6,50739,530523900
0x393e0000cc906900d800a91b9830380028eebfc6,50717,530574617
0xf173214c720f58e03e194085b1db28b50acdeead,50678,530625295
0x7e6c635d6a53b5033d1b0cee84eccea9096859e4,50646,530675941
0xd1f1c5ff90fb6f3b0d57f5f6ad4aaf7400f4b39b,50526,530726467
0x80bc5512561c7f85a3a9508c7df7901b370fa1df,50500,530776967
0x00006100f7090010005f1bd7ae6122c3c2cf0090,50491,530827458
0x64bd1817153457412f004bfcd4586f0a30450d23,50483,530877941
0xdd16ec0f66e54d453e6756713e533355989040e4,50464,530928405
0xf278c1ca969095ffddded020290cf8b5c424ace2,50415,530978820
0x069c66319b4faa64f48612d59e5dfc4986814fa9,50379,531029199
0xe57cf6e88505f36954e7c8e6ca9d6b645d030375,50377,531079576
0x982e49cb023bbdbdc7d5dd8b867fc83cb2c0def4,50354,531129930
0x4134872700a8c53e49216dd4b28bd1fd3128e41d,50351,531180281
0x111111f7e9b1fe072ade438f77e1ce861c7ee4e3,50326,531230607
0x98d8d146e644171cd47ff8588987b7bdeef72a87,50214,531280821
0x9af839687f6c94542ac5ece2e317daae355493a1,50099,531330920
0x035df12e0f3ac6671126525f1015e47d79dfeddf,50061,531380981
0x36d10c6800d569bb8c4fe284a05ffe3b752f972c,50048,531431029
0xb37a769b37224449d92aac57de379e1267cd3b00,49972,531481001
0xa6a840e50bcaa50da017b91a0d86b8b2d41156ee,49825,531530826
0xd8002cd05d5b2a85557e1caaa179cc2408d5ad42,49783,531580609
0x153ed9cc1b792979d2bde0bbf45cc2a7e436a5f9,49768,531630377
0x352e504813b9e0b30f9ca70efc27a52d298f6697,49759,531680136
0xb81aabd91528a02136f194be78f93e640b2be5c3,49742,531729878
0x2e954cfc5cb4f089f5f3d7331449861249106d85,49684,531779562
0x0000000000ebbdaf01e3de2506ca1e4c08d3ceba,49671,531829233
0x1234567461d3f8db7496581774bd869c83d51c93,49634,531878867
0x8b1f49491477e0fb46a29fef53f1ea320d13c349,49608,531928475
0xc47d7d42e44b2e04c83a45cf45898e597a0c2311,49577,531978052
0xc5514178e11ee84b7445777bd28298c2d7b21f87,49498,532027550
0x8d4b2cffe2dcbbf06eaa5920401db86ca5fb8177,49484,532077034
0x7c39a481e17ccafbe8e50ec1388fdbb01bbb3bf4,49457,532126491
0xf1ec455e3ea962dc2840138ba5780a3853a8fc6d,49402,532175893
0x17fc9b03c1a14874157ea8c64ea75cce02a18f70,49383,532225276
0x4485561db76614ff727f8e0a3ea95690b8b16022,49374,532274650
0xe7d3e4413e29ae35b0893140f4500965c74365e5,49334,532323984
0x7dd9c5cba05e151c895fde1cf355c9a1d5da6429,49301,532373285
0xd99b8a7fa48e25cce83b81812220a3e03bf64e5f,49175,532422460
0xfa9ffdf4f8b2d74526021aa088486e5fa6f81132,49171,532471631
0x204a6fe11de66aa463879f47f3533dd87d47020d,49168,532520799
0xdc969012dcc40402316a1964dc77ae85cbb33e2d,49134,532569933
0xa356867fdcea8e71aeaf87805808803806231fdc,49113,532619046
0xb22c1c159d12461ea124b0deb4b5b93020e6ad16,49088,532668134
0xa2b47bc1f3e58c30d7744ef1194e2dbb4363e287,49028,532717162
0x20a859058d4ae68301003b981d5d675795c64a70,48999,532766161
0x761d38e5ddf6ccf6cf7c55759d5210750b5d60f3,48987,532815148
0xff0e5e014cf97e0615cb50f6f39da6388e2fae6e,48938,532864086
0xaf9f549774ecedbd0966c52f250acc548d3f36e5,48935,532913021
0x21bfbda47a0b4b5b1248c767ee49f7caa9b23697,48924,532961945
0xe9a95d175a5f4c9369f3b74222402eb1b837693b,48917,533010862
0x07597255910a51509ca469568b048f2597e72504,48870,533059732
0x1961b3331969ed52770751fc718ef530838b6dee,48867,533108599
0x9dfc4b433d359024eb3e810d77d60fbe8b0d9b82,48816,533157415
0x5f53f7a8075614b699baad0bc2c899f4bad8fbbf,48792,533206207
0xfac701d9554a008e48b6307fb90457ba3959e8a8,48723,533254930
0x095acec11f4fb352681c2ddc930388fecec7cf25,48705,533303635
0xa5fd1a791c4dfcaacc963d4f73c6ae5824149ea7,48651,533352286
0xc7e5e9434f4a71e6db978bd65b4d61d3593e5f27,48649,533400935
0xc9699b8f83264275953c75d48e27aa6f0c5974d5,48642,533449577
0x661be809784e094ea70f980939cf3f09337a3178,48610,533498187
0x93ed3fbe21207ec2e8f2d3c3de6e058cb73bc04d,48568,533546755
0x1d72e76e38c815b9f91661c340949e8673e897b3,48470,533595225
0xfbbc141e8386c070855e431aa725376e1ce8eed1,48445,533643670
0x14884a04608413a0837ed4d9d1fa0a33eb456400,48371,533692041
0x9d9832d1beb29cc949d75d61415fd00279f84dc2,48354,533740395
0x820fdda87a6fae864d3da0c2d9819b9e50a87fc9,48327,533788722
0x04f2e7221fdb1b52a68169b25793e51478ff0329,48282,533837004
0x95cee155a405c45b1c5fe5328b4618acedd9be8d,48268,533885272
0xc221e5645892cf6f3afa4d4552c5464f603ce7a2,48223,533933495
0x168296bb09e24a88805cb9c33356536b980d3fc5,48157,533981652
0x1871e5063b3734c0235028bf8a0212cf0b8559cc,48136,534029788
0x5e6cd341b81671d3e96f6286272b2e7e2a921e6e,48128,534077916
0xad640689e6950b7453729a4686edb3fdfd754616,47955,534125871
0x10d45d929f1191d2796b28a9d8fc635f61460a0b,47888,534173759
0xafbec4d65bc7b116d85107fd05d912491029bf46,47817,534221576
0x4da27a545c0c5b758a6ba100e3a049001de870f5,47803,534269379
0x022865ccce84fa9f715207d047d78a05313dc86d,47757,534317136
0xd19aed43cf6733af666b30b6272cbe93744a2fd2,47740,534364876
0x000000000099bee67b9d593aa8ff5447ef99d8c5,47738,534412614
0x33d0568941c0c64ff7e0fb4fba0b11bd37deed9f,47664,534460278
0xf9918ce795c6cdea4875a906512bbc15a7d61abd,47626,534507904
0x0e5c8681609560f4e48f6a7d95379e9b68a5b4f3,47610,534555514
0xddd460bbd9f79847ea08681563e8a9696867210c,47580,534603094
0x5c1b16991ee5c7555a340dd72bb293a5eaadd8ac,47558,534650652
0xdcb5410ef70f59a5a2839fc6d4d0b2ca981f5e2d,47557,534698209
0xbbf51be40c51f7d4025ad980a80303d5247d2509,47546,534745755
0x57b946008913b82e4df85f501cbaed910e58d26c,47498,534793253
0x4aee792a88edda29932254099b9d1e06d537883f,47495,534840748
0x66a0f676479cee1d7373f3dc2e2952778bff5bd6,47474,534888222
0x6531f133e6deebe7f2dce5a0441aa7ef330b4e53,47467,534935689
0xb3104b4b9da82025e8b9f8fb28b3553ce2f67069,47443,534983132
0x6ee10c4c566166135c8de574ce63f583afc6d2b2,47424,535030556
0x10dc623fcb8a3c151875f03d442103cbf6469be6,47408,535077964
0x5c743a35e903f6c584514ec617acee0611cf44f3,47387,535125351
0x642f4be6da9d9daa9076f8d161b15a166e966069,47370,535172721
0x4a527d8fc13c5203ab24ba0944f4cb14658d1db6,47367,535220088
0x485be770a7a1c3bbf286a2136bd045cbf37b5317,47356,535267444
0xad97c2fcca6bc28dd2dd20f6c28ab76ab35d3601,47340,535314784
0x05fc95c91ef6c3e2d8970cc70c6a16ad550afa7f,47337,535362121
0x998b3b82bc9dba173990be7afb772788b5acb8bd,47305,535409426
0x75b02aa1084a12b8729f5acbe1078bd450abe552,47274,535456700
0xa5c43fff568fc2115d54499d4cf202bb490ef152,47230,535503930
0x017925fdb447544da8ed671b5305461cfc6c6e1d,47193,535551123
0x8b8e088c7ad40d70d0a8183a399c8f9c24b5c8d8,47190,535598313
0x9af285f84645892dd57ae135af6e97f952a5922c,47168,535645481
0xe28b3b32b6c345a34ff64674606124dd5aceca30,47156,535692637
0x0000852600ceb001e08e00bc008be620d60031f2,47108,535739745
0x3b5d2b254224954547a33cbf753bcaa5eb4b27bd,47106,535786851
0xa8b0279acc96efebd09955ad8240b2d30b53055e,47069,535833920
0x18aaa7115705e8be94bffebde57af9bfc265b998,47067,535880987
0x5c64031c62061865e5fd0f53d3cdaef80f72e99d,47043,535928030
0xb31c219959e06f9afbeb36b388a4bad13e802725,47031,535975061
0x00000100f2a2bd000715001920eb70d229700085,46961,536022022
0x00c83aecc790e8a4453e5dd3b0b4b3680501a7a7,46883,536068905
0xd50649aab1d39d68bc965e0f6d1cfe0010e4908b,46872,536115777
0x1dc2189b355b5f53b5fdf64d22891900b19fb5ea,46812,536162589
0xb1eef147028e9f480dbc5ccaa3277d417d1b85f0,46811,536209400
0x6102407f07029892eb5ff02164adfafb85f4d222,46795,536256195
0x2008e3057bd734e10ad13c9eae45ff132abc1722,46785,536302980
0x9c1065e4a2fe67715ce82772cfc223bd76009451,46778,536349758
0xf7dca20054469a1d548b20859a100b9ec6ff1f61,46694,536396452
0x11eef04c884e24d9b7b4760e7476d06ddf797f36,46655,536443107
0x07e3c70653548b04f0a75970c1f81b4cbbfb606f,46591,536489698
0xb9ab8eed48852de901c13543042204c6c569b811,46566,536536264
0x7d3761297d48e3364448560de2a40a3ccce399e2,46541,536582805
0x44f58b8c6ca2dceba72d61a4d59b0098d48f915e,46521,536629326
0xafd75caff5c1d402cbf3692e289775438df6a9f0,46509,536675835
0x29b8aaca11e888b3fec76de6970771f610ad8ae8,46401,536722236
0x51acf0af77adcb20de482e1cd678f620baf07e0c,46384,536768620
0x74a499a6e541a9a69f7d9cbd8aefbb6218050aa5,46381,536815001
0xb8baa0e4287890a5f79863ab62b7f175cecbd433,46376,536861377
0x65ccd72c0813ce6f2703593b633202a0f3ca6a0c,46348,536907725
0xb705268213d593b8fd88d3fdeff93aff5cbdcfae,46343,536954068
0x65292eeadf1426cd2df1c4793a3d7519f253913b,46292,537000360
0xda1faeb056a2f568b138ca0ad9ad8a51915ba336,46238,537046598
0x4827f5a52c9787c6684f74ba1481313451a22d7c,46178,537092776
0x1af811872f00dde459580e0140887bf6ff007a65,46137,537138913
0xff8be4b22cedc440591dcb1e641eb2a0dd9d25a5,46136,537185049
0xca694eb79ef355ea0999485d211e68f39ae98493,46110,537231159
0x3bac7400123bde8bbe813fbb781796d470164a1c,46071,537277230
0x3b3ee1931dc30c1957379fac9aba94d1c48a5405,46056,537323286
0x0aab3ac447ea90739bdbe4e0e00af0a54038904a,45940,537369226
0x7a3c45f34ea5df6fe5f6af710ec8a04d388a71d1,45876,537415102
0x0c3ef32f802967db75b9d49fe1e76620151ccb81,45807,537460909
0x4e842537966b0f0e90829b275543bca01c405484,45763,537506672
0xbc396689893d065f41bc2c6ecbee5e0085233447,45731,537552403
0x91f273b7a28f5169fd7b7995a54b767ca797bc63,45711,537598114
0x08a2246dcb48db6a5a9e1f6bc082752fceddd106,45707,537643821
0xf87e31492faf9a91b02ee0deaad50d51d56d5d4d,45683,537689504
0x24a718307ce9b2420962fd5043fb876e17430934,45649,537735153
0xa159656d4d32d4cdc40bc795978142e4b676c198,45641,537780794
0x2aa4a3e8bb72be68a31c9c3c98ca7bec723c6222,45631,537826425
0x13c2fab6354d3790d8ece4f0f1a3280b4a25ad96,45601,537872026
0x1a0db91e635c1a8adf9933559596058213a5d0e6,45584,537917610
0xa140297bd7aa035d6a4d5abc29b787555aae109f,45538,537963148
0x0fd10b9899882a6f2fcb5c371e17e70fdee00c38,45529,538008677
0xd341d1680eeee3255b8c4c75bcce7eb57f144dae,45509,538054186
0x7d0c785fb9d0d69b0d5eeadabe6911080c0ec4ac,45492,538099678
0x8a3e08353e3c64d9fa5683bb5e2fbbf8aef7e7e9,45371,538145049
0x3f382dbd960e3a9bbceae22651e88158d2791550,45327,538190376
0x7865af71cf0b288b4e7f654f4f7851eb46a2b7f8,45288,538235664
0x463cd03db739b8a8c67adc8732f708a649478681,45254,538280918
0xb67d7a6644d9e191cac4da2b88d6817351c7ff62,45209,538326127
0x9f2df004713f8bf9b1daf14566d8c832fc010282,45209,538371336
0x952b65d976e8669c4ce92a17cce5b2586912adb5,45199,538416535
0x630d98424efe0ea27fb1b3ab7741907dffeaad78,45148,538461683
0x95a41fb80ca70306e9ecf4e51cea31bd18379c18,45141,538506824
0xe5a3229ccb22b6484594973a03a3851dcd948756,45107,538551931
0x067d4d3ce63450e74f880f86b5b52ea3edf9db0f,45084,538597015
0x6c8c6b02e7b2be14d4fa6022dfd6d75921d90e4e,45065,538642080
0x4edbffd8e728875483c6b98593d4164c790c97b4,45053,538687133
0x92e52a1a235d9a103d970901066ce910aacefd37,45023,538732156
0x2d0e8d97b314a774b3ca666ede4bca50e0e4da87,44978,538777134
0xd084b83c305dafd76ae3e1b4e1f1fe2ecccb3988,44952,538822086
0x27b4bc90fbe56f02ef50f2e2f79d7813aa8941a7,44928,538867014
0xe295ad71242373c37c5fda7b57f26f9ea1088afe,44923,538911937
0x735c9f293b5cd45510657cb003783f55430b9212,44890,538956827
0x000000130bf3701f7b17958add2608b06bc718d2,44852,539001679
0x80e9540c204c05be63cfe44b43302780175b60ff,44797,539046476
0x97d43f3301b3f35433bc6af38f7046da20206579,44750,539091226
0xbc86727e770de68b1060c91f6bb6945c73e10388,44654,539135880
0xa3b112a66576e0305f7628945ac79bd4c5801136,44625,539180505
0x75db8b92937f8f86213e523788ab9f066efde3fe,44623,539225128
0x491604c0fdf08347dd1fa4ee062a822a5dd06b5d,44618,539269746
0x2f102963f61acf1ca4badfe82057b440f2fc722c,44599,539314345
0x1fe70be734e473e5721ea57c8b5b01e6caa52686,44562,539358907
0xb936525a77ba0529f6c0feab28f8b0ae6c0398c7,44549,539403456
0x3b22779a1132c405d8a92e241357fb370b279889,44493,539447949
0x27156f672cf277d83a58170d21c1c2211b00d0db,44410,539492359
0xf4faea455575354d2699bc209b0a65ca99f69982,44400,539536759
0x4cac2515716ab2531402ca8f992e235189f29c5a,44389,539581148
0x3fdb50062c5c6b9608700e7528a204dd53bada11,44386,539625534
0x5d034d0d0d98fb76192ef2ef27e197fcfd9386ec,44326,539669860
0x00b92f05a3c241c86433ba3e339637d26258d72a,44320,539714180
0x3d96695dec050d1d57feaa22b42078bc12f557d1,44319,539758499
0xcf8335727b776d190f9d15a54e6b9b9348439eee,44249,539802748
0x2859021ee7f2cb10162e67f33af2d22764b31aff,44238,539846986
0xd137ed189a8a3e9bf5541431c9b9ff1d4eb5c196,44196,539891182
0x29880855d419c6fa0e8c7fdfd985c80f286d914e,44155,539935337
0x40fd72257597aa14c7231a7b1aaa29fce868f677,44152,539979489
0x762da2ed5188f117e9937fc52f7571e40b1e923b,44089,540023578
0xe0c8087ce1a17bdd5d6c12eb52f8d7eff7791987,44074,540067652
0x87c9ea70f72ad55a12bc6155a30e047cf2acd798,44000,540111652
0x3a859b9ea4998d344547283c7ce8ebc4abb77656,43992,540155644
0x107c4504cd79c5d2696ea0030a8dd4e92601b82e,43983,540199627
0xd31e8b5c7df0b457a96934bb082e6739baa8715f,43857,540243484
0x95428a90405aa352c7739a2944602cfa86830f15,43843,540287327
0x50212e78d96a183f415e1235e56e64416d972e93,43817,540331144
0x340d2bde5eb28c1eed91b2f790723e3b160613b7,43788,540374932
0xc7029ed9eba97a096e72607f4340c34049c7af48,43723,540418655
0x42c41dabf7962be4f510d54aa9eb0d2240634842,43691,540462346
0x3143ec5a285adfb248c9e4de934ee735d4b7d734,43688,540506034
0xa9429271a28f8543efffa136994c0839e7d7bf77,43644,540549678
0xa838be6e4b760e6061d4732d6b9f11bf578f9a76,43613,540593291
0x4270bb238f6dd8b1c3ca01f96ca65b2647c06d3c,43585,540636876
0xe45ec6b57d9bf1f8eb14820b1b4b9c633f10ee7e,43581,540680457
0x00bf034cec51975faece51b285724301436b21c4,43574,540724031
0xdf6ef343350780bf8c3410bf062e0c015b1dd671,43572,540767603
0x0c9db9c8b73de01da4953644febc1975b7dd9754,43535,540811138
0x1daed74ed1dd7c9dabbe51361ac90a69d851234d,43531,540854669
0x3d71d79c224998e608d03c5ec9b405e7a38505f0,43510,540898179
0xb96eb33e4a1a9ea3b8581abc8185f9597e45e8aa,43506,540941685
0xf5d669627376ebd411e34b98f19c868c8aba5ada,43465,540985150
0x23684d7c10a772d1fecd828814dd250473ec6b2d,43446,541028596
0x3282eb043414888a7c818ac9db0e8086fd5741c2,43416,541072012
0x389999216860ab8e0175387a0c90e5c52522c945,43400,541115412
0x3162c2de0c254b97d869a070929b518b5b9b56b3,43381,541158793
0xfc05987bd2be489accf0f509e44b0145d68240f7,43363,541202156
0x607a5c47978e2eb6d59c6c6f51bc0bf411f4b85a,43357,541245513
0x0f8c45b896784a1e408526b9300519ef8660209c,43338,541288851
0x7833ea847fe0784658037ed3afdaee4ab7b25021,43330,541332181
0x7b2ef92fdecdf4a156365eb78c9e92b44588fe84,43295,541375476
0x89cf87c35e69a9b84f7a3e50eaf54bfc3cabc377,43279,541418755
0xdfc85c08d5e5924ab49750e006cf8a826ffb7b13,43222,541461977
0x0a3ec7050884f00b5d9b11131de59dced0fafedb,43213,541505190
0x33bfd20660eeaf952e8d5bc3236e1918701f17d0,43193,541548383
0x8e306b005773bee6ba6a6e8972bc79d766cc15c8,43188,541591571
0x4e8ecf79ade5e2c49b9e30d795517a81e0bf00b8,43182,541634753
0xbebc44782c7db0a1a60cb6fe97d0b483032ff1c7,43125,541677878
0xadacf6d4843da1606646c4aa7e3bfd85b38b8fef,43108,541720986
0x7788d759f21f53533051a9ae657fa05a1e068fc6,43093,541764079
0xff6b1cdfd2d3e37977d7938aa06b6d89d6675e27,43086,541807165
0x8e1bb728b37832754a260d99b5467fe6d164c068,43041,541850206
0x3258ff5a650d2a4601c12bc3da495557ef354066,42966,541893172
0xd8912c10681d8b21fd3742244f44658dba12264e,42956,541936128
0x43ee79e379e7b78d871100ed696e803e7893b644,42901,541979029
0x84936cf7630aa3e27dd9aff968b140d5aee49f5a,42832,542021861
0xbbc2ae13b23d715c30720f079fcd9b4a74093505,42807,542064668
0xe8ff5c9c75deb346acac493c463c8950be03dfba,42757,542107425
0x8888888883585b9a8202db34d8b09d7252bfc61c,42740,542150165
0x9999998a72a185006f1d17e57d4e586599afb75f,42708,542192873
0x0a3e9a3c0a95c7d66d0178508437ee94c4e033a1,42692,542235565
0xa98ad92a642570b83b369c4eb70efefe638bc895,42669,542278234
0x9b62ec1453cea5dde760aaf662048ca6eeb66e7f,42662,542320896
0x2e68dfb3f50ea302c88f8db74096d57565d9970a,42626,542363522
0xaba8cac6866b83ae4eec97dd07ed254282f6ad8a,42601,542406123
0x35a69642857083ba2f30bfab735dacc7f0bac969,42589,542448712
0x87d9ef8951de64b7246fdb7c7d5a52760677f361,42568,542491280
0x49e833337ece7afe375e44f4e3e8481029218e5c,42561,542533841
0xf35a3215e8098544f1c352ef57c3c745e224fb38,42540,542576381
0x3eec8dc0e30fb282384eccb6bede76f1a901afc9,42467,542618848
0xb3bca6f5052c7e24726b44da7403b56a8a1b98f8,42449,542661297
0x38e4adb44ef08f22f5b5b76a8f0c2d0dcbe7dca1,42426,542703723
0x9827f6e8df0ccc584ff7b37144de8bac7c446385,42419,542746142
0xa0246c9032bc3a600820415ae600c6388619a14d,42340,542788482
0xf189b157085fbef22d5b04cbde98410824d233bc,42335,542830817
0xb3a55b726fc34abbf4aae99f4c5285df5cc1537b,42324,542873141
0xf497b83cfbd31e7ba1ab646f3b50ae0af52d03a1,42301,542915442
0x763fa6806e1acf68130d2d0f0df754c93cc546b2,42286,542957728
0x423b5f62b328d0d6d44870f4eee316befa0b2df5,42281,543000009
0xa720911a58d948fc9328560aecfc51e907404fc4,42216,543042225
0xfef4185594457050cc9c23980d301908fe057bb1,42191,543084416
0x3958b4ec427f8fa24eb60f42821760e88d485f7f,42170,543126586
0xfdc77b9cb732eb8c896b152e28294521f5f62e67,42125,543168711
0xc0c50200e12a1d728846a53fe201a7511770091c,42064,543210775
0x39e505e1518813ab3834d57d06c22b2e5a7fb9f2,42052,543252827
0x560e389a2b032319e742a59ae8bafa62671089fe,42046,543294873
0xa5b0f0d4d586f20f7d49005b5e9b856358332a2a,42006,543336879
0x1531b6e3d51bf80f634957df81a990b92da4b154,41884,543378763
0xf429b7270f7078d5561789c15d301692e32b1e48,41874,543420637
0x02f61fd266da6e8b102d4121f5ce7b992640cf98,41839,543462476
0x12f649a9e821f90bb143089a6e56846945892ffb,41835,543504311
0x2b6d87f12b106e1d3fa7137494751566329d1045,41802,543546113
0x0c963a1b52eb97c5e457c7d76696f8b95c3087ed,41783,543587896
0xba1f6c431cb148566c11ef9a3ca3d1fdc6a98ca0,41772,543629668
0xceb90e4c17d626be0facd78b79c9c87d7ca181b3,41641,543671309
0x6661b55c84ee1000edcbe4dd9cc833e26d16210c,41553,543712862
0x372226e23f02e3e7a9a7bf4bf48922a9915a598d,41550,543754412
0x7d2d8ad6d6c689b583fbd91f7b54c4395815de30,41518,543795930
0x61d9d820c6b257697d0f3fdf4e3535e1aa110670,41505,543837435
0x591102816799f43c68b6491b7a598ee3252e8f12,41494,543878929
0xf485c5e679238f9304d986bb2fc28fe3379200e5,41430,543920359
0xb88c46cc79a7ce693c6aaa5d61cbfe384c387097,41338,543961697
0xa47c8bf37f92abed4a126bda807a7b7498661acd,41336,544003033
0x0bebbde3c93abe3b353fa02fc759a4b967964f30,41329,544044362
0x3de253f2f412d7bef1c31349498b25f000944041,41322,544085684
0x71396a6410249725c5609646c4e449c6c4d41e27,41320,544127004
0x2e642b8d59b45a1d8c5aef716a84ff44ea665914,41317,544168321
0x048fe49be32adfc9ed68c37d32b5ec9df17b3603,41291,544209612
0x2774b5771f607938d4e9197b3a5ca9f21110cf11,41275,544250887
0x78cce34b82f8cef05eb658ddcf10f9a154298ed4,41271,544292158
0xe3c51fc064053ebc5a802e6f1d2897bf457c244f,41262,544333420
0x5f0bfe2ac3c0a34eca548d377315c2d3fe60c84f,41262,544374682
0xecb73bc75f8ecbdb84fa5ec7e0de3c9b60d332ba,41247,544415929
0x63e0fbb150fd016714be00051d729f32a5295d39,41167,544457096
0xcbeaec699431857fdb4d37addbbdc20e132d4903,41104,544498200
0xb60c12d2a4069d339f49943fc45df6785b436096,41032,544539232
0x83984d6142934bb535793a82adb0a46ef0f66b6d,41000,544580232
0x86741069119e1492e9917c1b721df5cd7de8ddce,40988,544621220
0x6ff73ee2255c30e072d35598f9b06795122d4e64,40963,544662183
0xe2f2a5c287993345a840db3b0845fbc70f5935a5,40939,544703122
0x45245bc59219eeaaf6cd3f382e078a461ff9de7b,40933,544744055
0x89700d6cd7b77d1f52c29ca776a1eae313320fc5,40869,544784924
0xd79c42be9f47f54a37a835ad2bea06f0e847cc91,40865,544825789
0x9a291353201da3a0b9b6b2e67eb589ed1a05e32b,40862,544866651
0xc6689eb9a6d724b8d7b1d923ffd65b7005da1b62,40821,544907472
0x699e2f9c3b2d5928404424368621828487d25a74,40811,544948283
0x29df948c1c337024ebe4bf818e4800017ea083d1,40794,544989077
0x5d285f735998f36631f678ff41fb56a10a4d0429,40759,545029836
0xcad49c39b72c37b32cee8b14f33f316d3a8bc335,40757,545070593
0xc770eefad204b5180df6a14ee197d99d808ee52d,40720,545111313
0xeed3ae7b0f8b5b9bb8c035a9941382b1822671cd,40651,545151964
0x6704b673c70de9bf74c8fba4b4bd748f0e2190e1,40641,545192605
0x9af0807c7be19e5e015c7dd783c649a0d23224e6,40545,545233150
0xe0f9aeed02e0e8e0711b545bbec73db2384b94c3,40537,545273687
0x60a640e2d10e020fee94217707bfa9543c8b59e0,40519,545314206
0x7f7710e0c7c5c0ff043963dd22c3988e8bdb7acc,40502,545354708
0x540e5fff293f523acd26291b5bc7ac5713991feb,40497,545395205
0x0555bdebc3429585b4594285a76f853725a49532,40479,545435684
0x6f21854a903f396efdd36c2d145af973e2efe004,40468,545476152
0x4d62c46898bdcd6b14118646ed1401336c9a47b3,40446,545516598
0x6ba460ab75cd2c56343b3517ffeba60748654d26,40420,545557018
0x026f8d523d49f36db657e012c96488465d8d88f9,40336,545597354
0x989581f7f3e2b2d9045a06dbbc7feb7cce21a77e,40316,545637670
0x89dd662cc0651a6f3631a617724525f2ff373b1e,40294,545677964
0xb0963da9baef08711583252f5000df44d4f56925,40279,545718243
0xe769d988ceda1559aee07963e59e62bd730dbba6,40267,545758510
0x17609152b35dcc57c5cde9fffa204f30767c462e,40256,545798766
0x04f062809b244e37e7fdc21d9409469c989c2342,40223,545838989
0x1c39ba39e4735cb65978d4db400ddd70a72dc750,40218,545879207
0xa4bb1a6a2dc26653185daff59de6a32cd3ebf0aa,40191,545919398
0x2baac9330cf9ac479d819195794d79ad0c7616e3,40064,545959462
0x258ab32997cbbe508b5a2af17d16df1139a04474,40061,545999523
0xf936987b8c35d1f8dbb76d114a689293b008d53e,40050,546039573
0x4b182469337d46e6603ed7e26ba60c56930a342c,40031,546079604
0x3449fc1cd036255ba1eb19d65ff4ba2b8903a69a,40028,546119632
0xab014858716f1010de51401c5e149bfac25f91b6,40025,546159657
0xa849eaae994fb86afa73382e9bd88c2b6b18dc71,40014,546199671
0x2af5d2ad76741191d15dfe7bf6ac92d4bd912ca3,40005,546239676
0xaea46a60368a7bd060eec7df8cba43b7ef41ad85,39962,546279638
0x7ba9caa5d19002618f1d93e691490377361d5e60,39952,546319590
0x13f1b7fdfbe1fc66676d56483e21b1ecb40b58e2,39949,546359539
0x82ef94294c95ad0930055f31e53a34509227c5f7,39907,546399446
0xc218b132d165d5017144734943bc003a4ceaccf8,39857,546439303
0x8a2279d4a90b6fe1c4b30fa660cc9f926797baa2,39837,546479140
0x195336ffb6792b8e268d206e985e931e236539d6,39819,546518959
0xf908ba803b3a42967054d84cde4f206bded2e85a,39796,546558755
0xdf1bac82673d6b9a18d9c476fd90bbecf00fce5d,39784,546598539
0xc5be99a02c6857f9eac67bbce58df5572498f40c,39692,546638231
0xd20bcbd56d9d551cac10a6bc2a83635bfb72f3f4,39687,546677918
0x744c9c36d1cc3268a4b9b2e28c60b1752c85e97d,39676,546717594
0xa4433e8c00114d7719f15d67bb828357e802980a,39637,546757231
0x8e87f1811de0025d2335174dbc7338a43df6d7cc,39634,546796865
0x2bba3cf6de6058cc1b4457ce00deb359e2703d7f,39623,546836488
0x8b32631e6260cc0d29986c0821b22be9a26971ae,39561,546876049
0x8cbad22e65e7aa6f450a465c0588befd661b6bcb,39560,546915609
0x9308b0bd23794063423f484cd21c59ed38898108,39512,546955121
0x1dea979ae76f26071870f824088da78979eb91c8,39485,546994606
0xa699153e046531b7580da3e59d139fb8844e3f85,39474,547034080
0xd13c7342e1ef687c5ad21b27c2b65d772cab5c8c,39432,547073512
0x000000000a2daefe11b26dcdaecde7d33ad03e9d,39432,547112944
0xda96eb2fa67642c171650c428f93abdfb8a63a2d,39399,547152343
0x3e65e1eefde5ea7ccfc9a9a1634abe90f32262f8,39287,547191630
0xe25b0bba01dc5630312b6a21927e578061a13f55,39260,547230890
0xddf0d0b9914d530e0b743808249d9af901f1bd01,39230,547270120
0x13119e34e140097a507b07a5564bde1bc375d9e6,39223,547309343
0xd01db73e047855efb414e6202098c4be4cd2423b,39212,547348555
0x3bff697e966b77cb4f0e32815dd020b09750b22d,39203,547387758
0x485c07a35382275c9debabec007d930aebdadfed,39197,547426955
0x6a42e13cb78363e58217d8f3e27ca6307158e245,39138,547466093
0x66e2e867b93fbe69f84387427d08861285a9a65a,39124,547505217
0xa1484c3aa22a66c62b77e0ae78e15258bd0cb711,39103,547544320
0xc5f5d88c6d39828cdb5e1150a13125e98b26b65e,39029,547583349
0x141766882733cafa9033e8707548fdcac908db22,39025,547622374
0x7872eb21639ae8193f1aaf495b967202713c8fe5,38962,547661336
0xf0ad5cad05e10572efceb849f6ff0c68f9700455,38930,547700266
0xdb13025b219db5e4529f48b65ff009a26b6ae733,38923,547739189
0x9921497a0a58b95110edf8911defb803fac5c8cf,38892,547778081
0xc690f7c7fcffa6a82b79fab7508c466fefdfc8c5,38878,547816959
0xd5d5f935f652c557e42641c68a60ee4de05257e6,38876,547855835
0x7fce2856899a6806eeef70807985fc7554c66340,38869,547894704
0x25ce333b325f02c9720da526a01b5f5be889b4e3,38859,547933563
0xab95e915c123fded5bdfb6325e35ef5515f1ea69,38808,547972371
0x08daf71efa7915807bc5675ad402989d7820cf6f,38740,548011111
0x636991bf69febcdd9eb1a58e11021d33d40c5660,38737,548049848
0x426ca1ea2406c07d75db9585f22781c096e3d0e0,38698,548088546
0xee03e3d55d52a35ee364fce45cd1373e0f53f8d9,38649,548127195
0xdb8646f5b487b5dd979fac618350e85018f557d4,38646,548165841
0x68781d90b45aad5a828a52f808a12c34954cd668,38603,548204444
0xc7c9b856d33651cc2bcd9e0099efa85f59f78302,38592,548243036
0xffa39dcbaff181656d485e818ef8b1f3a411052c,38541,548281577
0x7b0c06043468469967dba22d1af33d77d44056c8,38524,548320101
0xe54b3458c47e44c37a267e7c633afef88287c294,38521,548358622
0x942cae0dddfb3fe89ac0b9c140dd2e3b8af2f587,38488,548397110
0x012fd5049a203df08c02fb2e0ed15ceed10d9ed4,38483,548435593
0x3dad8cf200799f82fd8eb68f608220d8f3ebf8de,38472,548474065
0xe12128d653b62f08fbed56bdeb65db729b6691c3,38445,548512510
0x8e4290b07bd2c7e02c2cd71e60660e2488e25e4a,38427,548550937
0x69af81e73a73b40adf4f3d4223cd9b1ece623074,38424,548589361
0x2fe39f22eac6d3c1c86dd9d143640ebb94609fce,38409,548627770
0xb879da8b24c9b8685de8526cf492e954f165d74b,38383,548666153
0x3543638ed4a9006e4840b105944271bcea15605d,38351,548704504
0x71fbc1d795fcfbca43a3ebf6de0101952f31a410,38309,548742813
0xd49ff13661451313ca1553fd6954bd1d9b6e02b9,38259,548781072
0x6781a0f84c7e9e846dcb84a9a5bd49333067b104,38200,548819272
0x91c359d404c033496f45c0076dc9c67d37d721ba,38194,548857466
0xe50365f5d679cb98a1dd62d6f6e58e59321bcddf,38168,548895634
0x25e1474170c4c0aa64fa98123bdc8db49d7802fa,38113,548933747
0x2b89ec8b7d018ca574e844edff24c17c6bb3e3a1,38056,548971803
0xf4fe95603881d0e07954fd7605e0e9a916e42c44,38055,549009858
0x05d412ce18f24040bb3fa45cf2c69e506586d8e8,38044,549047902
0x399f9a95305114efacb91d1d6c02cbe234dd36af,37998,549085900
0xd5525d397898e5502075ea5e830d8914f6f0affe,37954,549123854
0x660e78e77b0a4eef978ef198c7229259f0eff8ac,37946,549161800
0xb4f2c164347bba5f56fda11b9abc27f1e9dde90d,37918,549199718
0xa7437c148c782d260b929140262a8e873e7f7ff4,37917,549237635
0xc27a2f05fa577a83ba0fdb4c38443c0718356501,37915,549275550
0xa622397cfd777766f4b31ee2fdfe733e85c0c6c8,37876,549313426
0x61958a8c7accf7018f023ee1ee3065a8ce71387f,37857,549351283
0x32f4cb1012fc57b8de5835395b2339a4cd6aeac8,37820,549389103
0xdc0ade842de0d85b92a056396de939002b8657df,37798,549426901
0x25550cccbd68533fa04bfd3e3ac4d09f9e00fc50,37785,549464686
0x64704e92440ee2f94d2cc2f4b8b662a292cb7b3b,37777,549502463
0x5dbcf33d8c2e976c6b560249878e6f1491bca25c,37772,549540235
0xfc858154c0b2c4a3323046fb505811f110ebda57,37753,549577988
0x1f0f468ee03a6d99cd8a09dd071494a83dc1c0e5,37738,549615726
0xbf82a4d24bd1b8261b683b12cfc876d30fbb0469,37729,549653455
0x6c0b51971650d28821ce30b15b02b9826a20b129,37703,549691158
0xc21022c5b4d5dba5ee61044c065fc90d79dfb933,37680,549728838
0xfcad3d4e29e21465fbbd065a4b06ca21d7fe1054,37672,549766510
0x9d5963ba32e877871dff3e2e697283dc64066271,37669,549804179
0xc40d7b9ca90eaca4a6e067b6ec689fd29f4a8b3c,37668,549841847
0x85eee30c52b0b379b046fb0f85f4f3dc3009afec,37659,549879506
0xdbe29649c763d18b37c65c8fdd12ccbb241faafd,37641,549917147
0xad3cdf38ccace151cdf5f03fa64c1518a75cf7af,37601,549954748
0x64a60493d888728cf42616e034a0dfeae38efcf0,37580,549992328
0x38c87aa89b2b8cd9b95b736e1fa7b612ea972169,37533,550029861
0x9992ec8cb404d95c52611bdc08e38fa71d159fd4,37521,550067382
0xfedae5642668f8636a11987ff386bfd215f942ee,37485,550104867
0xebaa45cc86d8d4b8ebcf92d6f7d0bac977fea576,37425,550142292
0x12d7d45a4b9693b312ede375074a48b9b9f2b6ec,37425,550179717
0x1e3fe98d1c89865b6b819bbfd532dadab3b34d2d,37385,550217102
0x700f5b6fbef95f3fbd4f50233e6d05d4eab6dd03,37353,550254455
0xf1dd5964eabcc6e86230fa6f222677cfdaaf9f0e,37328,550291783
0x33e7e9bac33ee273d7c81de3fc772fc65364810f,37324,550329107
0xf26d144bd92260fb1c770b5b19b8caf2c5529e62,37311,550366418
0xb8e8a15c42681af2419d7e6c48d053697fdbe1df,37307,550403725
0xc4c2614e694cf534d407ee49f8e44d125e4681c4,37293,550441018
0x243f207f9358cf67243ade4a8ff3c5235aa7b8f6,37273,550478291
0xf55041e37e12cd407ad00ce2910b8269b01263b9,37265,550515556
0x6425c6be902d692ae2db752b3c268afadb099d3b,37262,550552818
0xa923e6992ffe1323cbfcc5903482a271741f09ff,37253,550590071
0x4549c04465e1a89c16d5037c962077857e3923c4,37246,550627317
0x172e09691dfbbc035e37c73b62095caa16ee2388,37237,550664554
0x905b63fff465b9ffbf41dea908ceb12478ec7601,37209,550701763
0x72ebd62060f78d91dc4bc33e8d88f39307365f87,37181,550738944
0x4d2c05109a1309c6de0d3b7f06f397c9c41b8fae,37176,550776120
0x5f5ff74b198e5095069cf132d2523dbae516613f,37160,550813280
0x6546eaa75455f10f4b4f3e967bf64c0c979ce6fe,37153,550850433
0x4dec52b759be2c51e6ee50dae05033c0e6cbc635,37149,550887582
0xe23eeba6a662cca33e57cb22ea8479122e7ff2cd,37140,550924722
0xbd8d34701a8613100164b81a7e4e1e9cc0c13736,37121,550961843
0xc5cacb708425961594b63ec171f4df27a9c0d8c9,37118,550998961
0x3ad2bfea535bf1673f22de61b19f758a2dd0efff,37100,551036061
0x945f171de4ea81a213dcc7a1e8c4f6feb3b4b806,37080,551073141
0x8fe19c447821b4cdcdd5012bca1b5469ca96d80d,37060,551110201
0x9b02dd390a603add5c07f9fd9175b7dabe8d63b7,37059,551147260
0xf244176246168f24e3187f7288edbca29267739b,37055,551184315
0x09a701a2513bc2244af6f2f279f1a53682778d4c,37052,551221367
0xdbe484a4907ffb825f39fa8f3ad8d25ac55e7ccb,37050,551258417
0xd44bb6663936cab1310584a277f7daa6943d4904,37047,551295464
0xea7a7bc3ba38b2569b6bee8dcd8acb4218c08716,37031,551332495
0xe2fb6529ef566a080e6d23de0bd351311087d567,37019,551369514
0x374cb8c27130e2c9e04f44303f3c8351b9de61c1,37001,551406515
0xe947b388fbe682784170b62f2bd4665f9719a285,36976,551443491
0xce00901a0638d758d6f89d59dfa32120d2259b0c,36929,551480420
0xfa3118b34522580c35ae27f6cf52da1dbb756288,36922,551517342
0xc25a3a3b969415c80451098fa907ec722572917f,36904,551554246
0x3665d085e997bb00d59c1ece3e1189f1a1a47302,36887,551591133
0xe0438add89129061b62b881938efbe27609e9134,36884,551628017
0x0ebc5a3a74245588e5c599be1036b7d98041f0e6,36880,551664897
0xc7bba5b765581efb2cdd2679db5bea9ee79b201f,36835,551701732
0x028f10cb6a8fec9492b7b54ff3fd5eccd9d4fc70,36783,551738515
0xe58af3dcbe423c1e330f9d6e61cd47cb530239ac,36781,551775296
0xa0008f510fe9ee696e7e320c9e5cbf61e27791ee,36771,551812067
0xf4cd3d3fda8d7fd6c5a500203e38640a70bf9577,36749,551848816
0xa3d58c4e56fedcae3a7c43a725aee9a71f0ece4e,36740,551885556
0xf44745fbd41f6a1ba151df190db0564c5fcc4410,36707,551922263
0x779217ea96fb7cdfc8c31e180f4c45dab515225c,36707,551958970
0x40dde6092a77ec2d00eb4fa14f0c5d92d835d673,36660,551995630
0x5f937f2556fda10f5ebac54a902a93e5e7504c3e,36650,552032280
0xaed7384f03844af886b830862ff0a7afce0a632c,36638,552068918
0xe5d7ccc5fc3b3216c4dff3a59442f1d83038468c,36611,552105529
0x7f6f3012373b4fc7c33812402a880407eeac317c,36608,552142137
0x37ee79e0b44866876de2fb7f416d0443dd5ae481,36605,552178742
0x7995ab36bb307afa6a683c24a25d90dc1ea83566,36596,552215338
0x23b88d66fa8df792fa1d607b559414c0fda61b6a,36560,552251898
0xb72c794effb775197287d767ca80c22ae9094cb5,36557,552288455
0xfe9c42dc5f00943760876b3044ffd67d8c0884c8,36533,552324988
0x7a41e0517a5eca4fdbc7fbeba4d4c47b9ff6dc63,36514,552361502
0x76ca81c40cea079d3cfba0540229fb3df33620b7,36491,552397993
0x6dfe212d1461014be1781b0be710dda1c036d8ef,36485,552434478
0xc0e0c1dba795bfe7c4aa302a189423460cca57ad,36476,552470954
0x0dbc58bfe5f3cc094ad57f8f3049e60570e9b120,36472,552507426
0x401f6c983ea34274ec46f84d70b31c151321188b,36453,552543879
0x14580a944246339d9151ab4e22458b3ab926438b,36419,552580298
0xff18dbc487b4c2e3222d115952babfda8ba52f5f,36389,552616687
0xa117000000f279d81a1d3cc75430faa017fa5a2e,36343,552653030
0x3833dda0aeb6947b98ce454d89366cba8cc55528,36312,552689342
0x5581c0bc21a762e43d148b06d310f088b6cf97b3,36299,552725641
0x6226caa1857afbc6dfb6ca66071eb241228031a1,36292,552761933
0x8ae4bf2c33a8e667de34b54938b0ccd03eb8cc06,36284,552798217
0x482fcb1174a178c0b28b8497824077b91632bd80,36275,552834492
0x9282dc5c422fa91ff2f6ff3a0b45b7bf97cf78e7,36258,552870750
0xb1e867f3a3bfe5c3417c792f3fe12ff683ca1a33,36250,552907000
0x3930e4ddb4d24ef2f4cb54c1f009a3694b708428,36237,552943237
0xdceaf1652a131f32a821468dc03a92df0edd86ea,36188,552979425
0x64340ed116881e2b435b7240b3a60cf224630e01,36141,553015566
0x4f3d2b3609bd1e73971c5a330c74cd780048c3b6,36110,553051676
0x38f0cf58ce49907f746958fdee7bfa4dd9aaebc9,36102,553087778
0xbc34985b4d345aea933d5cac19f3a86bd1fb398f,36085,553123863
0x84876f2b2e37110bf7886bc9e5a4d757fd82f274,36072,553159935
0x88ef27e69108b2633f8e1c184cc37940a075cc02,36053,553195988
0x5d3f542634070284671b87ff25a7e7b008d75d69,36030,553232018
0xc3c12a9e63e466a3ba99e07f3ef1f38b8b81ae1b,36016,553268034
0x94a0370e0b2b3d6dbbd3203d82a45f7bc0af244b,35989,553304023
0x037a54aab062628c9bbae1fdb1583c195585fe41,35966,553339989
0x66186008c1050627f979d464eabb258860563dbe,35964,553375953
0xf4134146af2d511dd5ea8cdb1c4ac88c57d60404,35962,553411915
0x57bb3a50fe277b6961063042479d70f0e28b2ae5,35960,553447875
0xdfc328c19c8de45ac0117f836646378c10e0cda3,35954,553483829
0x02557a5e05defeffd4cae6d83ea3d173b272c904,35950,553519779
0x5bc901cbebefb03a56d45e57e4f356dc4db30ab5,35922,553555701
0xeec92c01c5ba99620cc801f8c3d50af7ddeffd49,35907,553591608
0x662abcad0b7f345ab7ffb1b1fbb9df7894f18e66,35834,553627442
0x8c905b210abe598b105e840fc2ea382801c12529,35828,553663270
0x18de1a0a1c0a8bc315460886961ab80cb6aaeca4,35826,553699096
0x4691937a7508860f876c9c0a2a617e7d9e945d4b,35816,553734912
0x34950ff2b487d9e5282c5ab342d08a2f712eb79f,35798,553770710
0x02c4c78c462e32cca4a90bc499bf411fb7bc6afb,35796,553806506
0xbc8deee89f1cf4b661514185aa1ab780336c4c4a,35790,553842296
0xa0c81655e84c31c4c5bd86d7f927f8cbe3c8a806,35789,553878085
0x1829aa045e21e0d59580024a951db48096e01782,35741,553913826
0xade00c28244d5ce17d72e40330b1c318cd12b7c3,35735,553949561
0xd588b586d61c826a0e87919b3d1a239206d58bf2,35734,553985295
0x03495bd33e4f184106933a075cb43a6604b2c436,35722,554021017
0xa974c709cfb4566686553a20790685a47aceaa33,35716,554056733
0xb33b557a86d78639135541cb59dee907e6b20345,35705,554092438
0x09403fd14510f8196f7879ef514827cd76960b5d,35697,554128135
0xf816725650497630642b52dbc3a734e118cf2ed2,35658,554163793
0x527bff3529539ebd56c96eea8b342e723333af2f,35643,554199436
0x24e2b1d415e6e0d04042eaa45dc2a08fc33ca6cd,35627,554235063
0x69d2779533a4d2c780639713558b2cc98c46a9b7,35615,554270678
0x95c41f88f11953d3642ca29d7aa327087313c7f0,35576,554306254
0x18a672e11d637fffadccc99b152f4895da069601,35565,554341819
0x48783486ddd7fa85eca6b0c4ae8920bc25dfbcd7,35550,554377369
0xdeeaa1726cc544486eea4d0e114aebd04a5016bd,35530,554412899
0x3593d125a4f7849a1b059e64f4517a86dd60c95d,35509,554448408
0x215ce36e90b1b64e6fa2e358305177f8fe5daf25,35500,554483908
0x5ef696212d8f198204e2f823f9deadc5f8eaa361,35493,554519401
0x1a0f2ab46ec630f9fd638029027b552afa64b94c,35484,554554885
0x139d415b5fd0981fbee78d0fa503168855b34652,35476,554590361
0x460de59c7768e7ff17939f01cb84f965c4e88266,35402,554625763
0xd37532d304214d588aeeac4c365e8f1d72e2304a,35381,554661144
0xe66747a101bff2dba3697199dcce5b743b454759,35371,554696515
0xa43ebd8939d8328f5858119a3fb65f65c864c6dd,35369,554731884
0xcb378ea13660951792ab37bcd8e1188e385d15c5,35361,554767245
0x50c6ed8237087d996fc086428d90355384d22e9b,35360,554802605
0xe469c4473af82217b30cf17b10bcdb6c8c796e75,35338,554837943
0x9bbb9387c9e2477a6b5d81afece00255875c48ce,35328,554873271
0x0f00f1696218eaefa2d2330df3d6d1f94813b38f,35299,554908570
0xe31763aad9294f073ddf18b36503ed037ae5e737,35297,554943867
0x41a322b28d0ff354040e2cbc676f0320d8c8850d,35283,554979150
0xdd98b423dc61a756e1070de151b1485425505954,35262,555014412
0x7de91b204c1c737bcee6f000aaa6569cf7061cb7,35225,555049637
0x18a70fc100f88ac6fea703743d76d418b8ee9d7d,35219,555084856
0xfc0d912896ea2cadfc49735f8c564809ebec593e,35191,555120047
0x9588fc24a9796fbd870951a2cd54c6f1f24b2e7c,35181,555155228
0xa31b1767e09f842ecfd4bc471fe44f830e3891aa,35156,555190384
0xbe59434473c50021b30686b6d34cdd0b1b4f6198,35153,555225537
0x9c821d1eed859080c307e326fcc888c230d2bf86,35150,555260687
0xa1edc78199a6e56fd52f69cf7c10f67ded15185d,35150,555295837
0x8934677594804eb9448268b9205da0a8b366d19a,35080,555330917
0x949bd9e6031a3d43623fec3f85e9adbf8a6d9f7a,35059,555365976
0xa8258abc8f2811dd48eccd209db68f25e3e34667,34983,555400959
0x1942e46c4b69b9d0768608fc599734884cf8cba8,34975,555435934
0x749f35ff65932e68267dd82f6cd85eea735d700e,34970,555470904
0x36428d742ef49848336a68144a63b973e9e26d8f,34964,555505868
0x12e837221e02eab3d4629947940734250f7ee817,34961,555540829
0x0946e36c2887025c389ef85ea5f9150e0bed4d69,34852,555575681
0x327682779bab2bf4d1337e8974ab9de8275a7ca8,34840,555610521
0x0a913bead80f321e7ac35285ee10d9d922659cb7,34819,555645340
0x78b7fada55a64dd895d8c8c35779dd8b67fa8a05,34811,555680151
0x6109dd117aa5486605fc85e040ab00163a75c662,34790,555714941
0xf180852dd717f3b2fb12b6fa3bd805a4a07c5d6a,34788,555749729
0xb4a677b0e363c3815d46326954a4e4d2b1ace357,34739,555784468
0x543ff227f64aa17ea132bf9886cab5db55dcaddf,34734,555819202
0xabefec93451a2cd5d864ff7b0b1604dfc60e9688,34717,555853919
0x7ec72e5c2e3e9c4b8757e43f80973ef6f39d374c,34677,555888596
0x8a6ed334b561842b7bf3f8130be02afaf69832af,34646,555923242
0x7105ec15995a97496ec25de36cf7eec47b703375,34611,555957853
0x1796ae0b0fa4862485106a0de9b654efe301d0b2,34561,555992414
0x78b819f1b13d412b1c7094fa52b8b425704157e9,34521,556026935
0xeac0db4ffc0c3c5678bb2bbb73db693b96359919,34492,556061427
0xa1561569950868c6ecdb809826774b81ee043ae2,34486,556095913
0xb9ef770b6a5e12e45983c5d80545258aa38f3b78,34484,556130397
0xefcec6d87e3ce625c90865a49f2b7482963d73fe,34467,556164864
0x5f3789907b35dce5605b00c0be0a7ecdbfa8a841,34465,556199329
0x83c4b3f75c094a13bf343670211efb65c264d356,34455,556233784
0xa54da2581dd4828e4aa00638aab835119500a284,34448,556268232
0x0bd57fc1289c2b8e090e5f2f7d972514e6a494fb,34447,556302679
0x4010f529605bd6e04f3f23d27b57b428a46a497e,34439,556337118
0x95daaab98046846bf4b2853e23cba236fa394a31,34426,556371544
0x5c8118fc0237697422ced89a448dce2c8e34b4ef,34421,556405965
0x4086f6c05207d0747499fcf41328d736a18c564b,34415,556440380
0x362bc847a3a9637d3af6624eec853618a43ed7d2,34392,556474772
0x2fe0bc5ffb80a84739da913f0a393a4b0cce661b,34381,556509153
0xfa7c200d0c1e6f0117ffc7b2f2485c53fd4c1ac4,34361,556543514
0xab76c6d00c603a7615d5459132c1745eb1fb4f6c,34345,556577859
0x8b353021189375591723e7384262f45709a3c3dc,34337,556612196
0x45408418ea69238376fcda67245d12751eff5deb,34314,556646510
0x12fd19dac0fab61bed5e0f09091b470c452d4d61,34240,556680750
0x49aaa160506f7e07e6c3f6cd6316b6866025cdcb,34233,556714983
0x49ceb57714000f18f3749cf2d130e135f9c473a4,34199,556749182
0x212b32f8ab8a1b5751632ba0729149c5db98348a,34197,556783379
0x336db6c1ead9cc4d5b0a33ac03c057e20640126a,34155,556817534
0x7c20218efc2e07c8fe2532ff860d4a5d8287cb31,34148,556851682
0xc8c424b91d8ce0137bab4b832b7f7d154156ba6c,34139,556885821
0xe6987cd613dfda0995a95b3e6acbabececd41376,34114,556919935
0xae66d00496aaa25418f829140bb259163c06986e,34110,556954045
0x0000000000a465c1748042c300df063a877546ea,34106,556988151
0x238f0eab0263e695cdf7cecd5dd9ebb3082f83ff,34095,557022246
0x68aa3f232da9bdc2343465545794ef3eea5209bd,34092,557056338
0xc36442b4a4522e871399cd717abdd847ab11fe88,34039,557090377
0xea0211c84edfd5e9b1e56b5514c3f3190e349d85,34039,557124416
0x24700a297960e8477ce3ca6c58b70a7af3410398,34030,557158446
0x1d41e18e8ed1ef148547ceade01912e638f464b8,34014,557192460
0x22de9912cd3d74953b1cd1f250b825133cc2c1b3,33999,557226459
0xf3e014fe81267870624132ef3a646b8e83853a96,33978,557260437
0x8d8abb4dc065bbd45b7ddb281ddf17e94d66b7dc,33968,557294405
0xcfb152e5b93fc2c9906d4ff41fc8407dfa5e8851,33967,557328372
0x5acd07353106306a6530ac4d49233271ec372963,33948,557362320
0xad572bba83cd36902b508e89488b0a038986a9f3,33921,557396241
0xf78fbcf6babc3df94b3c2d2f6dc213f695d9ef1f,33918,557430159
0x4bbbc57af270138ef2ff2c50dbfad684e9e0e604,33894,557464053
0x6c217dd1f9ff509ca957a15cbba3f7d473958791,33887,557497940
0xc9f6953d5986812a6284dda0999aa8656c7655fd,33865,557531805
0xa0b5d75fef7b024294411cd92bf7e68ba5f18c99,33851,557565656
0xbb5ed1edeb5149af3ab43ea9c7a6963b3c1374f7,33813,557599469
0xc80c5e40220172b36adee2c951f26f2a577810c5,33782,557633251
0x862da0a691bb0b74038377295f8ff523d0493eb4,33780,557667031
0xbd530a1c060dc600b951f16dc656e4ea451d1a2d,33777,557700808
0x24ebfc20bb2e1daadd98d28341ab37d0c154f4cb,33775,557734583
0x96fe94c07ee88fc2a4b3e978d875202fd113e654,33762,557768345
0x554c20b7c486beee439277b4540a434566dc4c02,33756,557802101
0x7eefdabcf01ea45d60b3fffca90df1a160c5311d,33713,557835814
0x01ff50f8b7f74e4f00580d9596cd3d0d6d6e326f,33707,557869521
0x12fef5e57bf45873cd9b62e9dbd7bfb99e32d73e,33700,557903221
0x044aad8ec3010f1126b4269d9e0d16ddd5a7a298,33675,557936896
0x4976fb03c32e5b8cfe2b6ccb31c09ba78ebaba41,33673,557970569
0xae66bea480f7a6c91f07c58f2aee185883558fb8,33664,558004233
0xf09404cf54c48763b56f96c8080aaa72bd407cb7,33654,558037887
0xff5a7299ff6f0fbaad9b38906b77d08c0fbdc9a7,33640,558071527
0x3136ef851592acf49ca4c825131e364170fa32b3,33637,558105164
0x1b80eeeadcc590f305945bcc258cfa770bbe1890,33616,558138780
0xd01534f4564234a4579b1bc1f3413873b7b3d9d7,33582,558172362
0xb0866289e870d2efc282406cf4123df6e5bcb652,33573,558205935
0xb0514a5b4aa58ac6e954f537598dd42a71916581,33566,558239501
0x4e0a22606a1abaa857ec4958ae9b0b38451dff4a,33552,558273053
0x30f271c9e86d2b7d00a6376cd96a1cfbd5f0b9b3,33547,558306600
0xb2edc59fc6108884b7bde8d623887badf031fc4b,33539,558340139
0xb1d10df229f96428f0e2087a1cc95bd85f59488f,33531,558373670
0x1d18f44256a27862d886e27191d55ab4029172c1,33526,558407196
0x9f76ff3336597feab30f5a66a053ae4a4a7ebe13,33509,558440705
0x79181b28976d691181776016b3d6a7d3d08f70e8,33498,558474203
0xb932a70a57673d89f4acffbe830e8ed7f75fb9e0,33497,558507700
0x9041fe5b3fdea0f5e4afdc17e75180738d877a01,33430,558541130
0xb7bc86cb0183af5853274ae4e20d36de387c4a64,33429,558574559
0xd3f9d7f8b0a6dd663bc5dc1a2229ae845fb9e779,33407,558607966
0xe13ef257cf4d5df928ca11d230427c037666d466,33404,558641370
0x5584ebc9fab3177166451b40631990063987ed2c,33403,558674773
0x913d8adf7ce6986a8cbfee5a54725d9eea4f0729,33370,558708143
0x4ee51d6484b1789ba6e6ae766e93263f713bcb4d,33346,558741489
0x662b67d00a13faf93254714dd601f5ed49ef2f51,33342,558774831
0x19b32a79edfda406b1070a98a11f8bf7170c3a75,33332,558808163
0x1101c52fc25dc6d2691cec4b06569cef3c83933c,33321,558841484
0xff8e926d0d92b5da930f5534a79e5b821f719f8a,33289,558874773
0xb0f14f66cae71164d89e8a0cf0875ef2c32fb660,33286,558908059
0xcfd069247bd5f01a17f1ca76424c9e424256908d,33283,558941342
0x4df812f6064def1e5e029f1ca858777cc98d2d81,33272,558974614
0x8bc67d00253fd60b1afcce88b78820413139f4c6,33271,559007885
0x584bc13c7d411c00c01a62e8019472de68768430,33252,559041137
0x5cfa14533098e13b6a61fc0970f030f177cedc61,33230,559074367
0xbadc39c84dcaa7d25528dc49b467a2c2f10c90bb,33222,559107589
0xa5d7d68d7975e89feb240f42fed1d77bb71b1caf,33220,559140809
0xa00a186a9ac56ddb39b4e0741fc72fb903db4751,33201,559174010
0x0d262e5dc4a06a0f1c90ce79c7a60c09dfc884e4,33198,559207208
0x79b2f239bc75755a6bf38f55e697356fe7c61bec,33196,559240404
0x95b00984a9c38417cdba9653ce4f4a0a3e54451c,33161,559273565
0x6bd8dcd59071c2a67d69c1900afea8957cb0c5a6,33154,559306719
0x81e74a3ea4bab2277aa3b941e9d9f37b08ac5374,33148,559339867
0x22d1755515bef4afd277d8acd42adbac49c77d43,33132,559372999
0xf320e19b2ed82f1b226b006cd43fe600fea56615,33105,559406104
0x05860d453c7974cbf46508c06cba14e211c629ce,33063,559439167
0x3a61da6d37493e2f248a6832f49b52af0a6f4fbb,33040,559472207
0xcce629ba507d7256cce7d30628279a155c5309c5,33036,559505243
0x582f18016f5444af0c114c1495d7cc2699748edc,32987,559538230
0x3f469d3049ddadb15f9608693537d6b50ec94045,32985,559571215
0x5d6c182fe79640e1866a74458c5d800d3c58cee2,32983,559604198
0x3c4a3ffd813a107febd57b2f01bc344264d90fde,32977,559637175
0xa9d2927d3a04309e008b6af6e2e282ae2952e7fd,32966,559670141
0x95151e4615c5c0924b918c85ad8d8a94d6644ab3,32962,559703103
0x8db90e3e7d04c875a51997092f9178fcac9defdb,32947,559736050
0x69beab403438253f13b6e92db91f7fb849258263,32929,559768979
0xf41861f194e7ba8de95144a89e0c6ed16ee0b3a0,32928,559801907
0xe9428d4a341ac20e9f2e6b95b12c9ad52733fcd9,32908,559834815
0x429881672b9ae42b8eba0e26cd9c73711b891ca5,32889,559867704
0xe915058df18e7efe92af5c44df3f575fba061b64,32863,559900567
0x2c58b11405a6a8154fd3bbc4ccaa43924f2be769,32856,559933423
0x58edb6f0ffffe081de157789053cee5dcd774da0,32837,559966260
0x504b8a3f60fcf3bf2fc41e3be715e6fe68ce59ec,32822,559999082
0xd7732e3783b0047aa251928960063f863ad022d8,32805,560031887
0xf7a6e15dfd5cdd9ef12711bd757a9b6021abf643,32779,560064666
0xd1560b3984b7481cd9a8f40435a53c860187174d,32758,560097424
0x2bcd929283ad0ee603e743412ddb214b91fbab88,32749,560130173
0x2077adf7fcae0f3b147ab12465e4ac381274d625,32735,560162908
0x28cb7e841ee97947a86b06fa4090c8451f64c0be,32725,560195633
0xafe0e7de1ff45bc31618b39dfe42dd9439eebb32,32710,560228343
0xfa0ef5e034cae1ae752d59bdb8adcde37ed7ab97,32705,560261048
0x0ec1f1573f3a2db0ad396c843e6a079e2a53e557,32694,560293742
0x8dec670f7f87490ebcf2957263cff142d1a6632b,32682,560326424
0xf4b00c937b4ec4bb5ac051c3c719036c668a31ec,32661,560359085
0xfb8bf095ebcdad57d2e37573a505e7d3bafdd3cc,32638,560391723
0xfad95b6089c53a0d1d861eabfaadd8901b0f8533,32634,560424357
0x151202c9c18e495656f372281f493eb7698961d5,32619,560456976
0x38b2012e5f32ca876d8e6d1cbf83a78dbb734e3e,32607,560489583
0x5382069bab09032965554ef185929b273d860825,32594,560522177
0x0e2298e3b3390e3b945a5456fbf59ecc3f55da16,32580,560554757
0x04de23e912cec433eabf3260ecc71cfd1f9d328f,32569,560587326
0x8432a5a61cf1cc5ca5bc5ab919d0665427fb513c,32558,560619884
0xf1290473e210b2108a85237fbcd7b6eb42cc654f,32549,560652433
0x357af180d6822ebcdc269ea147cd3d36ed971596,32547,560684980
0xf36ccb6465fa93bf90771b5459b0b210a2d82392,32489,560717469
0x9dbb719bddc0868ddf24af7f7841c813c6d5e6d8,32479,560749948
0xae1e3e7c920f7ed0f850701988059dc209d60257,32477,560782425
0xee29fa63e27a392f454accd489233f4483174025,32437,560814862
0x8e5272cec02272e232c4c8bdd1d64d3a4aa532e5,32421,560847283
0xb9e7f8568e08d5659f5d29c4997173d84cdf2607,32420,560879703
0x47dd62d4d075dead71d0e00299fc56a2d747bebb,32417,560912120
0x8b6cda5cc518c904e8844f445e1a7c7d2db0ff16,32395,560944515
0x4db612bc1b35d78e05bbfdbd2aac046c00b2036d,32390,560976905
0xd2d0f85b690604c245f61513bf4679b24ed64c35,32388,561009293
0xbd6467a31899590474ce1e84f70594c53d628e46,32356,561041649
0x24692791bc444c5cd0b81e3cbcaba4b04acd1f3b,32330,561073979
0xb36e18137b2d787760137df1f462d52f80d48813,32319,561106298
0x189394dcd1824c3af35f664d8d47119875278330,32262,561138560
0x131aebbfe55bca0c9eaad4ea24d386c5c082dd58,32248,561170808
0x785cfc135cd5e26f55a791d177c3cbdfb16f9fea,32226,561203034
0x77777feddddffc19ff86db637967013e6c6a116c,32205,561235239
0xbb99a5b15fc7e5e8273cc3e380741f1899485aea,32202,561267441
0xae98b0e0c112b6d85ba32ff521b051f3fb2bafab,32190,561299631
0x494cc492c9f01699bff1449180201dbfbd592ea5,32188,561331819
0x964f35fae36d75b1e72770e244f6595b68508cf5,32185,561364004
0x1ecb25dffce3cd2824b446e2e7e9d3f48b6f9c90,32182,561396186
0x3fda67f7583380e67ef93072294a7fac882fd7e7,32160,561428346
0x4e53ff445f80b349ca6af3dd735c5f07a7c8927a,32146,561460492
0xb2c19ba4d5246d4c587a62f0dfe9f78083568455,32113,561492605
0x0a97094c19295e320d5121d72139a150021a2702,32105,561524710
0x495f947276749ce646f68ac8c248420045cb7b5e,32067,561556777
0x7203841a3d0f4e9ce2ed0a043c3b03a7ec972767,32059,561588836
0x20aff4833e5d261bb34bc3980d88ad17a3fe90dc,32038,561620874
0x40cf17eb9740913b699352dc323a0ac121d51924,32028,561652902
0x9bcb0733c56b1d8f0c7c4310949e00485cae4e9d,31993,561684895
0xec476a434747c28dc12909b4024519b01c86b874,31974,561716869
0xf04436b2edaa1b777045e1eefc6dba8bd2aebab8,31948,561748817
0x7444e28d8d8db540054271b1e9a9c2573aaf01b7,31924,561780741
0x0fb843d37aa2a99db8d81af9fe2f0a6485c7c002,31905,561812646
0x9c7868322f7c944759a7dded0fe5d5ad6e42da31,31887,561844533
0x3f5fa71ea48ae374faae502afa2e27715484c3b7,31885,561876418
0xd6cd31f283d24cfb442cba1bcf42290c07c15792,31869,561908287
0x1a8f615f0dd39b9de8ad26db89cfa76f7c9d0274,31852,561940139
0x409b512e1cf94500877c5353b2a0c13b2d24914f,31832,561971971
0xbdc5bac39dbe132b1e030e898ae3830017d7d969,31815,562003786
0x7c5a0ce9267ed19b22f8cae653f198e3e8daf098,31803,562035589
0x00000000553a85582988aa8ad43fb7dda2466bc7,31791,562067380
0xfa5047c9c78b8877af97bdcb85db743fd7313d4a,31787,562099167
0x2f77b0e2ed1a288a53a9ae681dd0368a28188c56,31780,562130947
0x7b02c6118baefe500058cfc07d708fb404ef5bc6,31747,562162694
0x6d212b34cb8e25ac680c2ae1fad23a57928746b1,31736,562194430
0x01a7f09ff0173dad97b0cea89306bdf5efab9641,31736,562226166
0xfd1e80508f243e64ce234ea88a5fd2827c71d4b7,31728,562257894
0x67a5de922c1f4d1a4dbd848466b86b5455fb6a3b,31721,562289615
0x70c629875dadbe702489a5e1e3baae60e38924fa,31719,562321334
0xbea9ba2527f584b9543d1fdf402493bf23ef156f,31714,562353048
0xcaef67f72114b4d2b4f43e7407455285b7de8de5,31704,562384752
0xd0ca12e5d73c5780c0ec7410b4b8f0820457979e,31702,562416454
0xaa843f65872a25d6e9552ea0b360fb1d5e333124,31680,562448134
0x82622209cef6ebf4b8bdb353a8fc7e0b8655d0b0,31641,562479775
0x2f8ff07e607c6e489cdea3d107abecc9b8024531,31627,562511402
0x521d32f3d23f1fc82b1dbe306edc3ef668e5d973,31616,562543018
0x00000000000c2e074ec69a0dfb2997ba6c7d2e1e,31603,562574621
0x26e601133b24200c4d59aade6b4c7095291ea735,31548,562606169
0x6f87d756daf0503d08eb8993686c7fc01dc44fb1,31544,562637713
0xe3fedaecd47aa8eab6b23227b0ee56f092c967a9,31521,562669234
0xd54f502e184b6b739d7d27a6410a67dc462d69c8,31518,562700752
0x56502588e56ee6f03a879db440c0e35a79ec97a6,31493,562732245
0xe4129ceec7e622287810815d16939303089ddff3,31481,562763726
0xd7fe0f404891c1ee6fade9a53a1ee29ea12ae35b,31480,562795206
0xa645264c5603e96c3b0b078cdab68733794b0a71,31445,562826651
0x661c650c8bfcde6d842f465b3d69ed008638d614,31427,562858078
0xa8b919680258d369114910511cc87595aec0be6d,31415,562889493
0xad5fe5b0b8ec8ff4565204990e4405b2da117d8e,31414,562920907
0x9509665d015bfe3c77aa5ad6ca20c8afa1d98989,31380,562952287
0x77599d2c6db170224243e255e6669280f11f1473,31337,562983624
0xc20d22035ac33d2cc00e65c9da158ffb7e66e212,31337,563014961
0x539efe69bcdd21a83efd9122571a64cc25e0282b,31308,563046269
0x02c6a29ba667ec3a1f9fcf3d901fd6bb9c918248,31264,563077533
0x56f527c3f4a24bb2beba449ffd766331da840ffa,31259,563108792
0x5d0fa08aeb173ade44b0cf7f31d506d8e04f0ac8,31245,563140037
0xc140abe6bc2439650a76d615cb1abb56e4815ce6,31240,563171277
0x40ee9c1b312d43574476f3f3775408b7549cfe3e,31220,563202497
0x1b40183efb4dd766f11bda7a7c3ad8982e998421,31214,563233711
0xc47b8d6d6595f7934fc467ded288e1a267d71758,31208,563264919
0x4ef40d1bf0983899892946830abf99eca2dbc5ce,31208,563296127
0x8542325b72c6d9fc0ad2ca965a78435413a915a0,31161,563327288
0x5beabaebb3146685dd74176f68a0721f91297d37,31145,563358433
0xfb2ddbcea1e9d43402e6089e5210d59522b1dce2,31099,563389532
0x4a6058666cf1057eac3cd3a5a614620547559fc9,31097,563420629
0xd72f60b2e7649bbc5835d25e30ef917f04d9131c,31058,563451687
0xf4c27b8b002389864ac214cb13bfeef4cc5c4e8d,31034,563482721
0xeb5b09033d80af2b61541ca2d70ee44c5f6d0082,31023,563513744
0xbc8b8cd5902dd5172dd29c82506c72fcddae1240,31004,563544748
0x5659f7bbd2297f24c51940c846198628f5da5615,30990,563575738
0xdf7d9630d5c43f2ece338843c019f050f72dcd79,30980,563606718
0x1bf68a9d1eaee7826b3593c20a0ca93293cb489a,30935,563637653
0x3616fd03f11e22942e4fc01cdd0f1ca7cc7bb93d,30926,563668579
0x3634e210739c09c7b215cc87a77318798884c903,30900,563699479
0xba37b002abafdd8e89a1995da52740bbc013d992,30852,563730331
0x05fbd3b849a87c9608a2252d095d8cb818d0d239,30823,563761154
0xdf49c9f599a0a9049d97cff34d0c30e468987389,30822,563791976
0x2cd12274a3e93b9bf59d1babc7859aaf398be80a,30800,563822776
0x740f8b58f5562c8379f2a8c2230c9be5c03ac3fc,30792,563853568
0x8d2da938d6f717eb5d84f68bb0eca7584c8faf2a,30779,563884347
0x8d0c47ad7f3cc519b39b6d4d63b1a010431307a2,30768,563915115
0x840c435f593b358fee263824cd54f5c7fca5aa1e,30732,563945847
0x96b845abe346b49135b865e5cedd735fc448c3ad,30729,563976576
0xd47fdf51d61c100c447e2d4747c7126f19fa23ef,30729,564007305
0xd1ef9a7310d0806855c672288ef5a1bab62cef33,30710,564038015
0xa2a35f5a6463f501cd7c323486a83442756d3c8d,30674,564068689
0x2daf5060a0ce14e2dc28011b9e3d89e964030837,30666,564099355
0xc92e74b131d7b1d46e60e07f3fae5d8877dd03f0,30660,564130015
0xeb91a27e79bddbac9569d512f15064c8466883da,30622,564160637
0x9bb674bdd5190e27af0d72feb38447c101a3540b,30553,564191190
0x37e1160184f7dd29f00b78c050bf13224780b0b0,30548,564221738
0xff10c9186aa36617d0b442e4514251a5fed9576e,30516,564252254
0x525794473f7ab5715c81d06d10f52d11cc052804,30508,564282762
0x6ac07b7c4601b5ce11de8dfe6335b871c7c4dd4d,30475,564313237
0x9b209d0df02c25fa7570c28c2add15225c3536ac,30471,564343708
0x33a76025dd06ecc2002e4c80b02405b52c02bfaf,30448,564374156
0x56b4f1c2eb2126ecbfe16e14d85e51f20e0ca3c3,30389,564404545
0x622cd54deb2bb7a051515192417109bcf3fe098f,30374,564434919
0xf46df22b35d0f56c90241c362db892ddf62da60b,30354,564465273
0x4290563c2d7c255b5eec87f2d3bd10389f991d68,30332,564495605
0xb9b4cfe4194d7e8511aa9b9f1260bc7b9634249e,30332,564525937
0xdf5d68d54433661b1e5e90a547237ffb0adf6ec2,30331,564556268
0x263c618480dbe35c300d8d5ecda19bbb986acaed,30330,564586598
0x3f499fe484a61af03b01ea5c81eab14f67c11a5a,30311,564616909
0x577af3dce5aaa89510135d7f6e095e33c06b8b1f,30305,564647214
0xf30cb9e6f48cde5f3df13231d466fd85e2687e7c,30303,564677517
0x9750ce7823568c9354720407e2763fd16bf0b1c6,30302,564707819
0xee744c63328c39983c3bf554dc366560ba8aa4c8,30297,564738116
0x6482ccfc48cd7ff95bb4def3355617fe0d507052,30295,564768411
0xc39e626a04c5971d770e319760d7926502975e47,30270,564798681
0x5995ca61d845e045cd1327a32707a66f7daccf6d,30251,564828932
0x081f67afa0ccf8c7b17540767bbe95df2ba8d97f,30209,564859141
0xaa19961b6b858d9f18a115f25aa1d98abc1fdba8,30208,564889349
0x0c6373e6724dc09ff175323a9aa04f2bc3461162,30185,564919534
0x450bbc727100d806797cd617c88d1319563f8416,30166,564949700
0x38ac9a725d7f78f73ebdebb400921434feb931ae,30156,564979856
0xeb4c2781e4eba804ce9a9803c67d0893436bb27d,30118,565009974
0x5f822140f77ae228e0838fea425adfa9cba0bb73,30102,565040076
0xf97b5d65da6b0468b90d531ddae2a69843e6797d,30099,565070175
0x59c337ef937d0ba9cb1cc47d4e6ded632d22d623,30090,565100265
0x464ebe77c293e473b48cfe96ddcf88fcf7bfdac0,30087,565130352
0x10cdc55aff063eb94b6f7ea03d14165e0a5edeca,30086,565160438
0x1bdac750132eb91e569f6fd2582d2d67f6f1ea0c,30064,565190502
0x654f75e491acf8c380d2a6906e67e2e56813665e,30062,565220564
0xa146240bf2c04005a743032dc0d241ec0bb2ba2b,30060,565250624
0x3f2b9e1ae008aa43e68b882f8d0440d25432c7e4,30055,565280679
0xc6263703a572f208617524afe9e27990922ea21b,30053,565310732
0xe5ca68b3ca2e219085914cd2a78f801c2d5ee29a,30007,565340739
0xa8c8cfb141a3bb59fea1e2ea6b79b5ecbcd7b6ca,29992,565370731
0x88a3e4f35d64aad41a6d4030ac9afe4356cb84fa,29913,565400644
0x18af482b91373d4a64ae12ea7c626da0a6b64cca,29907,565430551
0xbc66d51898dd2efa3c214c87d4645c0478ccbc95,29900,565460451
0xc207e3c81e038d2cfddd6d86644ecb4e166605d8,29880,565490331
0x916db810de68a6ea1f3ba9ada7ba87a5df3fcf58,29859,565520190
0x46fc7b42f4522bfbd8b4565130aaed1e407d9957,29856,565550046
0x86c9f9df4a0bfc9a52eb3d16bcce3bc50d1a34ae,29850,565579896
0xd8d48e52f39ab2d169c8b562c53589e6c71ac4d3,29830,565609726
0xe479dfd9664c693b2e2992300930b00bfde08233,29829,565639555
0xd840a4501df78d56ae18700dbed0c84be7def4da,29828,565669383
0xc4dc589b8eb5f44d6c36e0dc8fdc7a96bbe33bcb,29822,565699205
0x47b28f365bf4cb38db4b6356864bde7bc4b35129,29805,565729010
0x386cabc0b14a507a4e024dea15554342865b20de,29785,565758795
0x42d6622dece394b54999fbd73d108123806f6a18,29771,565788566
0x1ca64d12c404d809bb5850d6597c83fd6c3c8385,29770,565818336
0x4c0fbe1bb46612915e7967d2c3213cd4d87257ad,29761,565848097
0x06a01a4d579479dd5d884ebf61a31727a3d8d442,29748,565877845
0xf94b5c5651c888d928439ab6514b93944eee6f48,29729,565907574
0x0d88ed6e74bbfd96b831231638b66c05571e824f,29705,565937279
0x85ca6710d0f1d511d130f6935edda88acbd921bd,29704,565966983
0xf651da6419c6a1a4b09f843ecaa7506a4db3f2c9,29674,565996657
0x8a69b34968aab824295e10b1c1fa49b453c0fada,29674,566026331
0x4946583c5b86e01ccd30c71a05617d06e3e73060,29660,566055991
0x67cbbb366a51fff9ad869d027e496ba49f5f6d55,29645,566085636
0xe9ab982f08c96578275232aa758523d4961c070d,29641,566115277
0xbeb9ef514a379b997e0798fdcc901ee474b6d9a1,29636,566144913
0x4e355b98f94c4a6461bcbcf06efb1ad5633b7595,29631,566174544
0xf8c8c211e976cf65ec8f01b7c70021a3b8bf5575,29609,566204153
0x2ef2b15d7b356faccd5ee13b6deb74be939818f0,29602,566233755
0xeae57ce9cc1984f202e15e038b964bb8bdf7229a,29595,566263350
0x10905cf4a5b11e7afa064971b60701c71a04d7f3,29578,566292928
0x13f11c9905a08ca76e3e853be63d4f0944326c72,29572,566322500
0x2daee1aa61d60a252dc80564499a69802853583a,29551,566352051
0x273f7f8e6489682df756151f5525576e322d51a3,29496,566381547
0xc0eb85285d83217cd7c891702bcbc0fc401e2d9d,29484,566411031
0xe678c8f185c9fdaeb0f97f7327713a73dd4a2788,29476,566440507
0x2129ff6000b95a973236020bcd2b2006b0d8e019,29454,566469961
0xb753428af26e81097e7fd17f40c88aaa3e04902c,29451,566499412
0xfa28ec7198028438514b49a3cf353bca5541ce1d,29437,566528849
0x9e96604445ec19ffed9a5e8dd7b50a29c899a10c,29425,566558274
0x577a32aa9c40cf4266e49fc1e44c749c356309bd,29376,566587650
0xdc83fe0b85c22e8446b8cde5c78e3d53eb37e75f,29369,566617019
0x455680d077ee0af6440289a2c767c19eaa3d4372,29352,566646371
0x42a952ac23d020610355cf425d0dfa58295287be,29309,566675680
0xaa7fb1c8ce6f18d4fd4aabb61a2193d4d441c54f,29271,566704951
0x5c7f7e79b710a7bd29d8a381621e0268c98dcf06,29252,566734203
0xe33b15629739770a27c4726a22be61128aa1c781,29250,566763453
0x4238c2e2e9e387b6feb23acbb81b3b6dea648b8d,29248,566792701
0x049399a6b048d52971f7d122ae21a1532722285f,29239,566821940
0x4c6ec08cf3fc987c6c4beb03184d335a2dfc4042,29224,566851164
0x4017af82089bae71922a42c89cf5fdddbc0fa421,29205,566880369
0x4d55f76ce2dbbae7b48661bef9bd144ce0c9091b,29197,566909566
0xd8ef149b4e1e8f050d52925f9c68d3a296e77227,29192,566938758
0x7377aa41144e7f78f5f67dc27daad39079bb96f8,29172,566967930
0x1ccaa0f2a7210d76e1fdec740d5f323e2e1b1672,29144,566997074
0xec67005c4e498ec7f55e092bd1d35cbc47c91892,29139,567026213
0x6c3e4cb2e96b01f4b866965a91ed4437839a121a,29135,567055348
0x5bf02dd201419d380110b63c126efc5f1c5ef588,29135,567084483
0x6e5d4a29833e51a83539a57461e803bcff409050,29132,567113615
0x55f287e77274deb12c798c039da92dd653b025ab,29091,567142706
0xd20fb5cf926dc29c88f64725e6f911f40f7bf531,29087,567171793
0x8e5610ab5e39d26828167640ea29823fe1dd5843,29086,567200879
0xf25c91c87e0b1fd9b4064af0f427157aab0193a7,29067,567229946
0x881ef48211982d01e2cb7092c915e647cd40d85c,29065,567259011
0x138a35ee20e40f019e7e7c00386ab2ef42d66d1e,29028,567288039
0x0e3a2a1f2146d86a604adc220b4967a898d7fe07,28927,567316966
0x26ce25148832c04f3d7f26f32478a9fe55197166,28920,567345886
0xb22c9f8e45b3e351a955d89d777d2ccf14915268,28917,567374803
0x63c880aab2e8aad1a571d38a70a79b6c4729c468,28895,567403698
0xaaf37055188feee4869de63464937e683d61b2a1,28892,567432590
0x72ebd5af462bc879013ee11fe47824ccc5d6196f,28888,567461478
0x5f43578ec5a2aeb661b15bb2fb9d71154bae84f2,28881,567490359
0xcd2ddec1150ded7a28834169683a0dbc93a782c2,28880,567519239
0x47f37866c3e5ce9e1932f3cb76c359fbf66bb373,28872,567548111
0x91af0fbb28aba7e31403cb457106ce79397fd4e6,28872,567576983
0xda6b746b76fdc8424764d6981e9ef5c3b13a56af,28860,567605843
0xe534619defdbf0caf673b8abf7158714f5bd4bd9,28843,567634686
0x7654915a1b82d6d2d0afc37c52af556ea8983c7e,28833,567663519
0x51504928bf128dfcb01dd6ae343c6c1a42cc5342,28824,567692343
0xb3fa5ba98fdb56e493c4c362920289a42948294e,28813,567721156
0x78b6174cc8a3848251704b8a5ced7f86e5d8ddf1,28802,567749958
0x432555e5c898f83fc5f00df631bd9c2801fea289,28786,567778744
0x689744e7ebd5155ab5a945e1c863ce413c7a8013,28769,567807513
0xd6875274b000462f59e9327cbde2cef637914569,28762,567836275
0xe1aee98495365fc179699c1bb3e761fa716bee62,28750,567865025
0xdf34fb7dae1b3fa37efc2c64bd0026da574b8840,28742,567893767
0x36c4ee013d4df2acb5ab4d0d11f43773295f29ba,28732,567922499
0x1871e60fd1feceefab91eb5d97379c24851f801e,28728,567951227
0xff1f9c77a0f1fd8f48cfeee58b714ca03420ddac,28718,567979945
0xd6a55c63865affd67e2fb9f284f87b7a9e5ff3bd,28718,568008663
0xd69c5070eb238d928f4ebc027195fefbd5144de9,28706,568037369
0xd31a5afcf4f2168d0e3a47685c85b2166edf69d9,28704,568066073
0xf65b5c5104c4fafd4b709d9d60a185eae063276c,28697,568094770
0x420a43153da24b9e2aedcec2b8158a8653a3317e,28679,568123449
0xcc7d26d8ea6281bb363c8448515f2c61f7bc19f0,28636,568152085
0xf84df2db2c87dd650641f8904af71ebfc3dde0ea,28628,568180713
0x7a4e1e2518d56b33f0a350f0e6d68b686873eba5,28625,568209338
0xf506828b166de88ca2edb2a98d960abba0d2402a,28601,568237939
0xd495cc8c7c29c7fa3e027a5759561ab68c363609,28599,568266538
0x272f022a374fc7e9213b35952e167ea217303e18,28597,568295135
0xc5b106f17246b2f5c0c658dbd6e8d168695806ab,28596,568323731
0x75e58a2e1391a22110d72ebd2b059a80126a6b92,28595,568352326
0x9653a4bd4895f5a6d187ac13e0df953507c7e96e,28583,568380909
0x60002b9904a3cdebad33dab9d3df768034d76017,28570,568409479
0xa506758544a71943b5e8728d2df8ec9e72473a9a,28566,568438045
0x92877b6ea305830f20d8488ad658718a9c855236,28546,568466591
0xa3eaec3ab66048e6f3cf23d81881a3fcd9a3d2ed,28518,568495109
0xe7d84cbee9b2234e53bde7ea093e7d1e198ca46a,28517,568523626
0x1460a58096d80a50a2f1f956dda497611fa4f165,28513,568552139
0x6a9620d939ebafc4fe2c8756b36f4484661a201a,28512,568580651
0x4f41d10f7e67fd16bde916b4a6dc3dd101c57394,28506,568609157
0x4fbb0b4cd8f960ac3428194f1c94c805d5b35836,28482,568637639
0x56ba2ee7890461f463f7be02aac3099f6d5811a8,28455,568666094
0x2832373dddad96bbfb44f1b7da11b6541026bf40,28452,568694546
0x892b14321a4fcba80669ae30bd0cd99a7ecf6ac0,28439,568722985
0x431ad2ff6a9c365805ebad47ee021148d6f7dbe0,28413,568751398
0x5d51fcced3114a8bb5e90cdd0f9d682bcbcc5393,28406,568779804
0xe0c6ce3e73029f201e5c0bedb97f67572a93711c,28388,568808192
0x1a53bf1bfffb7a2b33e1931d33423c7c94f675ee,28388,568836580
0x12b306fa98f4cbb8d4457fdff3a0a0a56f07ccdf,28383,568864963
0x9aab071b4129b083b01cb5a0cb513ce7eca26fa5,28367,568893330
0x032024f77d2b306a3e184e9b0f967c59b4fb4eb7,28347,568921677
0x0c6f5f7d555e7518f6841a79436bd2b1eef03381,28263,568949940
0x4a57e687b9126435a9b19e4a802113e266adebde,28261,568978201
0xb982fad15538647743b983f4aa5deaf8266e0d67,28253,569006454
0x0aacfbec6a24756c20d41914f2caba817c0d8521,28228,569034682
0x712fb6ef9783fcd1e35f0d52c9961897d8e69121,28226,569062908
0x1687f4e3293cc8abeb896b9e082f6b195202d95e,28213,569091121
0xb1c96f736181fc1dc89577f752815f96f6ac92c5,28178,569119299
0xb0fa2beee3cf36a7ac7e99b885b48538ab364853,28124,569147423
0x913298b73cfd04bd2117fd50f7de8df34a39bf52,28123,569175546
0x4d3814d4da8083b41861dec2f45b4840e8b72d68,28106,569203652
0x57f1887a8bf19b14fc0df6fd9b2acc9af147ea85,28091,569231743
0x0dba7ca3d25f8c2f46d9b06ba7b1b3144e206f38,28060,569259803
0x9d7f70af5df5d5cc79780032d47a34615d1f1d77,28046,569287849
0x00a8b738e453ffd858a7edf03bccfe20412f0eb0,28031,569315880
0xd74ae0816128e512f37bddc4e784fd77ea06e6c1,28004,569343884
0x0ff6ffcfda92c53f615a4a75d982f399c989366b,28000,569371884
0x49b127bc33ce7e1586ec28cec6a65b112596c822,27999,569399883
0x07abe965500a49370d331ecd613c7ac47dd6e547,27986,569427869
0x4abe410ae11835263203d4ca8ee222a38725396b,27981,569455850
0x075af08596c26a81384e1f06757f96c96bb1e896,27972,569483822
0x8efbadd950ac0910d92fcae60cfd69d15e573da0,27935,569511757
0x58379bf685ea2e251ae63d3ee26269c7c3848a17,27930,569539687
0xa26e80e7dea86279c6d778d702cc413e6cffa777,27924,569567611
0x12b2028d5ecb59a7172c3d784f8938040e234fb6,27920,569595531
0xb311d4e8afa3f13c868ef96e0f37958f907a39f7,27920,569623451
0xf3dcbc6d72a4e1892f7917b7c43b74131df8480e,27917,569651368
0xb9871cb10738eada636432e86fc0cb920dc3de24,27911,569679279
0xd7efb00d12c2c13131fd319336fdf952525da2af,27903,569707182
0x6d6761e7b5a644cab1b7002fb097749604a2549e,27899,569735081
0x0fa8a6059ea8192755d4c253de1721337efb339a,27898,569762979
0xf81c64c864d87ec0e6d0455b59a7b4aa87bcdc81,27894,569790873
0x00e3ea0019005cba812824d95814d7133ed616b7,27881,569818754
0x67b66c99d3eb37fa76aa3ed1ff33e8e39f0b9c7a,27879,569846633
0xc11b1268c1a384e55c48c2391d8d480264a3a7f4,27846,569874479
0xe54bed429c033bae5cb0747efa0f41beefd9e99a,27821,569902300
0xf67acb7b9226e482afcf7f08aac9466c50c19d9c,27787,569930087
0xae24f4a77f80e1ba13a0891d3231358d9d5eb427,27783,569957870
0x6de037ef9ad2725eb40118bb1702ebb27e4aeb24,27781,569985651
0x823ac2e3177e81ce1ad3afdae4fb41870b221495,27774,570013425
0xe11609b9a51caf7d32a55896386ac52ed90e66f1,27756,570041181
0x63b4f3e3fa4e438698ce330e365e831f7ccd1ef4,27742,570068923
0x6651f86473b4de2850ed5b48a143a1e8a8671607,27724,570096647
0x5218e472cfcfe0b64a064f055b43b4cdc9efd3a6,27704,570124351
0x7de3e919d1d7e5f1b1b27bdb3575b65c5874a5f6,27694,570152045
0x9fbfed658919a896b5dc7b00456ce22d780f9b65,27683,570179728
0xcfd5c8820d43de0fd9542f8d2d5b6b7fc978f912,27663,570207391
0x8a854288a5976036a725879164ca3e91d30c6a1b,27662,570235053
0x5e3b08cd8a3b909e4396eda0818d5b1e4f43d4da,27642,570262695
0xae73b38d1c9a8b274127ec30160a4927c4d71824,27638,570290333
0xba7fbbbef465121bf42daafb8499c915c3de29ce,27628,570317961
0xe7c2a3404f8dd0783719df1e3a27b814caca2009,27606,570345567
0x9f235d23354857efe6c541db92a9ef1877689bcb,27595,570373162
0x24ddff6d8b8a42d835af3b440de91f3386554aa4,27574,570400736
0x841ea7e00c9c6f8ce0c751a5f8151c928fb63a91,27559,570428295
0xbbff862d906e348e9946bfb2132ecb157da3d4b4,27542,570455837
0x3a5d6df61ec0a90e2cad7af1fe3311cf1b8dc4da,27494,570483331
0x62359ed7505efc61ff1d56fef82158ccaffa23d7,27492,570510823
0xebbdcd19b78d32fefa3c250b87f6fd7550cb911d,27484,570538307
0xd0c323b8fdbd543861c9dfef6008204430f80493,27472,570565779
0x8a60806f05876f4d6db00c877b0558dbcad30682,27459,570593238
0x444a26b5ab3edb28be8cd462c48b922594f8e175,27458,570620696
0xcf3c8be2e2c42331da80ef210e9b1b307c03d36a,27444,570648140
0x1920d646574e097c2c487f69f40814f95d45bf8c,27426,570675566
0xa44e5137293e855b1b7bc7e2c6f8cd796ffcb037,27406,570702972
0xb1cfb2421f6f12ebda4f9b8d0336518c82e63b2c,27395,570730367
0x42cead70158235a6ca4868f3cfaf600c7a7b0ebb,27386,570757753
0x5259aa3b262b3390eeef0a6e7b89c08d60c94622,27356,570785109
0xd98f75b1a3261dab9eed4956c93f33749027a964,27341,570812450
0x443d2f2755db5942601fa062cc248aaa153313d3,27326,570839776
0x899f3b22908ff5674f8237c321ab309417887606,27304,570867080
0x000000000075a43abafc7c8ac407c6ce74f3cc28,27295,570894375
0x68ce5357c20af3490fe2b787b8dddaf1050df66a,27294,570921669
0x25cb947ebef1c56e14d5386a80262829739dbdbe,27292,570948961
0x11ecbf984888c6ad172538c5cfb7de3832e46db6,27290,570976251
0x6066150a2070cc165222141b47fd2ba0642b57a1,27264,571003515
0x26d37f2d8d9703255cd79a383c3f80b528b2342c,27221,571030736
0x201fbe9e789d10d893b43ed5aaa5f1b7149f6de8,27176,571057912
0x9b68bfae21df5a510931a262cecf63f41338f264,27172,571085084
0xce96c5c02dd87a9ef4e7353383d121bb7edf1333,27162,571112246
0xa8daa52ded91f7c82b4bb02b4b87c6a841db1fd5,27142,571139388
0xfa2d8fd3505e7adceaf1a6d3bf0a9da091337480,27139,571166527
0x0ffef1bf3a19dd96310194e73b38c069d1d1c31f,27121,571193648
0x97aeb5066e1a590e868b511457beb6fe99d329f5,27111,571220759
0x151bc71a40c56c7cb3317d86996fd0b4ff9bd907,27081,571247840
0x79863e225b6875e4aea2709a7f783f16299bab5c,27076,571274916
0xbac6a38d9479b8a989d8fa3d57955fef4455d7be,27075,571301991
0x556d9e146cc7fe7df93fbdd90347af8930acb104,27063,571329054
0xb62d18dea74045e822352ce4b3ee77319dc5ff2f,27039,571356093
0xfc96e234d4b31c63051e707105fcc4aba37807fa,27033,571383126
0xa4df03373a178223a0fa228bef4d125b9b6632f5,27029,571410155
0x8effd494eb698cc399af6231fccd39e08fd20b15,27011,571437166
0xfe76be9cec465ed3219a9972c21655d57d21aec6,27005,571464171
0xa1d2eff5a390c7cee2e826fb244dab2600f4dc65,26964,571491135
0x3f06b5d78406cd97bdf10f5c420b241d32759c80,26962,571518097
0x29488e24cfdaa52a0b837217926c0c0853db7962,26950,571545047
0xb4d0c929cd3a1fbdc6d57e7d3315cf0c4d6b4bfa,26947,571571994
0x7d4b8cce0591c9044a22ee543533b72e976e36c3,26937,571598931
0xe1a178b681bd05964d3e3ed33ae731577d9d96dd,26935,571625866
0x8c3a6d0e9b962a0e6c1eea61c0a0e0b280999ec0,26921,571652787
0x1f7a8fc2427c86f551db4fdd04a60ab6c7bcb85b,26911,571679698
0xe9e73e1ae76d17a16cc53e3e87a9a7da78834d37,26900,571706598
0xeca2e07abc83c78a7178c46b84962af86de342ff,26877,571733475
0x71171dd621352260edb11525c8b657fd75517c77,26875,571760350
0x1abdb309aa592f00a101c545168bfdf9a6ec61ce,26875,571787225
0x803127947afd6c7e26ca667110371cecf792908f,26860,571814085
0x4d8346d46229ef4aa64c456a37b2661be272c772,26832,571840917
0x0202be363b8a4820f3f4de7faf5224ff05943ab1,26825,571867742
0x48b04d2a05b6b604d8d5223fd1984f191ded51af,26823,571894565
0xd865f7cc808857875d966cf6c034b1029be5a18a,26816,571921381
0x4ba72f0f8dad13709ee28a992869e79d0fe47030,26766,571948147
0x5a1a29dbb6ad6153db764568c1289076bc876df6,26760,571974907
0x5f236f062f16a9b19819c535127398df9a01d762,26754,572001661
0xe4f1bcae296ff9385842fc24cc7d18ab94121223,26746,572028407
0xb89215d9af9183aeb3f843c33e61683e42526e04,26734,572055141
0xd6411ec9c8a12bfbda6b960efaeb5ce6c289d91b,26724,572081865
0x702b1b84bb83bb2c651780bf83ba0cb17c656182,26722,572108587
0xca35e32e7926b96a9988f61d510e038108d8068e,26716,572135303
0xd52dca990cfc3760e0cb0a60d96be0da43febf19,26710,572162013
0xd216153c06e857cd7f72665e0af1d7d82172f494,26699,572188712
0x9e2b209afc38b74b3278b4e3e2e61dcefc752bb2,26692,572215404
0x30cad439137d3805c5f41587380edda770ac2ef1,26686,572242090
0xb1e93236ab6073fdac58ada5564897177d4bcc43,26657,572268747
0x86e3490bfe0a042658027dc96ca975191aef7e20,26632,572295379
0x705ee96c1c160842c92c1aecfcffccc9c412e3d9,26630,572322009
0xffda94636747d3305912873d32ff31e364961409,26614,572348623
0x63825c174ab367968ec60f061753d3bbd36a0d8f,26593,572375216
0x028b1e152d9fc838e5c0d480ed2d39b3d11ea2f0,26589,572401805
0xe5a59faba28969c78565ef4e7ba966328d39047c,26572,572428377
0xc86d054809623432210c107af2e3f619dcfbf652,26569,572454946
0xa7f976c360ebbed4465c2855684d1aae5271efa9,26565,572481511
0x2b074ab88e5f4a48b8389c8dd62f0f5be496ada6,26560,572508071
0x737fa0372c8d001904ae6acaf0552d4015f9c947,26558,572534629
0x100e46cd540191802975a175132080818c47836b,26542,572561171
0xa7ece0911fe8c60bff9e99f8fafcdbe56e07aff1,26532,572587703
0x7a05c6ee615b532364fc21582d817e25431fe1c5,26504,572614207
0xb5a73f5fc8bbdbce59bfd01ca8d35062e0dad801,26497,572640704
0x66666672e63f056350c3e79dc605edc36aa8b952,26486,572667190
0x00000f2d00b7a76100366c0013c2000595ee0067,26485,572693675
0x469eda64aed3a3ad6f868c44564291aa415cb1d9,26481,572720156
0xa5c62860475ce15c5e38a8443ca53f72113c0a5c,26474,572746630
0xca2dc2b334a4bdf9a0165b851ee3d8e39528b461,26473,572773103
0xc3ca90684fd7b8c7e4be88c329269fc32111c4bd,26462,572799565
0x2567c677473d110d75a8360c35309e63b1d52429,26441,572826006
0xc40af1e4fecfa05ce6bab79dcd8b373d2e436c4e,26428,572852434
0x7ba8a5d59b21390a70b2ba968a183712e12a049c,26415,572878849
0xc09f65274c9c7c3ebf52598b1cd3fd81cf558dee,26415,572905264
0x8377ee6d3545bc6ff1425ee3015dc648b149c7b2,26405,572931669
0x123ab195dd38b1b40510d467a6a359b201af056f,26379,572958048
0x36a28c7c9b3dea22f07f4df67833cbe764feeeb4,26373,572984421
0xccda5213d453388fb5fb43054bc261c8636b1e51,26327,573010748
0x84136c48d0ed75c384d0e9b04745f0208561a5b9,26325,573037073
0x7d8b9f24320dab5369144eb46927667f4a58dc49,26300,573063373
0x3a966ffa8451cbf3769b7d1f94d5b47da254edb0,26283,573089656
0xd2d6158683aee4cc838067727209a0aaf4359de3,26281,573115937
0x4234f63b1d202f6c016ca3b6a0d41d7d85f17716,26280,573142217
0x5d8d9f5b96f4438195be9b99eee6118ed4304286,26248,573168465
0x1f0678d1238921dc99309360668b16a17098aa2a,26242,573194707
0xea610b1153477720748dc13ed378003941d84fab,26228,573220935
0xc6335206e56a3c5bc15a5096dfc2795c04c47619,26213,573247148
0x5dd0815a4cf119ad91ba045bbbf879f3f7de3c68,26202,573273350
0x0eb152d2bba8af722d7e296a1f223d819c3bbb1f,26193,573299543
0xd54661c39362c2f1137f42307036f5b75a722a20,26187,573325730
0x1383c16c927c4a853684d1a9c676986f25e22111,26176,573351906
0x1c2349acbb7f83d07577692c75b6d7654899bf10,26150,573378056
0x054d64b73d3d8a21af3d764efd76bcaa774f3bb2,26148,573404204
0xcf44a275680b4f099bc7b74961e6e3d2948fe406,26130,573430334
0xea5f88e54d982cbb0c441cde4e79bc305e5b43bc,26113,573456447
0x9b62513c8a27290cf6a7a9e29386e600245ea819,26106,573482553
0x5c89736e9454200141b80c37eb28eaceca2ce8cb,26096,573508649
0xc0ba369c8db6eb3924965e5c4fd0b4c1b91e305f,26087,573534736
0x6d6c3beda37ba83a4962746c43e3a20db46399ec,26063,573560799
0x101f62fb0bd47814c0bcd1e2499909adac5008c0,26058,573586857
0x079ca51f7f7bca4b971eb8b6f826d0933ac2bb79,26050,573612907
0x5e178fd2408fcc411db928e2ee8f4adade5b1232,26037,573638944
0x931ad0628aa11791c26ff4d41ce23e40c31c5e4e,26035,573664979
0x36d06ccc92cefd9ec38fe759d957da0b0ecc249f,26034,573691013
0x199ac13e5a01742a56885d82ea6d3c0c514b7dc5,25977,573716990
0x59de2a5c00c7ee1c9cc823146cd18580fc5ff7b5,25972,573742962
0x07150e919b4de5fd6a63de1f9384828396f25fdc,25972,573768934
0x0ef1b8a0e726fc3948e15b23993015eb1627f210,25968,573794902
0x16b00b9d7b54406625eed1044e009b5a4b3ad710,25938,573820840
0x91780bcd29620338d2d3bc16bc576d1055e85e38,25929,573846769
0xd56b85d52dda1fc2c3c1077f6287e547b68510eb,25929,573872698
0x83eea00d838f92dec4d1475697b9f4d3537b56e3,25925,573898623
0x28d3e409bb9bc58f1ca6e009f8fc78a1db85e6b7,25917,573924540
0xfeca834e7da9d437645b474450688da9327112a5,25905,573950445
0x6710c63432a2de02954fc0f851db07146a6c0312,25896,573976341
0x4c11249814f11b9346808179cf06e71ac328c1b5,25894,574002235
0x16fce53c10792c7bb2c7cd991a8957743e4620d2,25893,574028128
0xf82c0514f95e7a036e60c07509c745c5ae236305,25892,574054020
0x3109af90eedbeeba9df921a23dc6ac45188b4366,25845,574079865
0xd82df0abd3f51425eb15ef7580fda55727875f14,25819,574105684
0xf3d4aa3c6925b38d40c2ae4c7a935d83666ae5f7,25819,574131503
0x1d90d50d5dd04fa7c8bef89aa5872f0701be7982,25804,574157307
0xc16b542ff490e01fcc0dc58a60e1efdc3e357ca6,25791,574183098
0xfafae755cbaf09cff8f5b0a0f1e0a4a719a9c32a,25778,574208876
0x125791524f4a870ccc1c738271107ceddd8a7d26,25771,574234647
0x47e67ba66b0699500f18a53f94e2b9db3d47437e,25757,574260404
0x8a2cf9aeb7633040d6ed23f84787647c912ecfee,25756,574286160
0xdcc27bbaa14cafd8a6aeb847e1b01c5dffb70935,25742,574311902
0x557b933a7c2c45672b610f8954a3deb39a51a8ca,25729,574337631
0x284900d5ab66356fbf936a0469ab0e138f965114,25715,574363346
0x57b9d10157f66d8c00a815b5e289a152dedbe7ed,25711,574389057
0xc6abf3c09341741ac6041b0b08195701bdfd460c,25704,574414761
0x1485e9852ac841b52ed44d573036429504f4f602,25683,574440444
0x8c8687fc965593dfb2f0b4eaefd55e9d8df348df,25682,574466126
0x81b4d08645da11374a03749ab170836e4e539767,25670,574491796
0x1602af2c782cc03f9241992e243290fccf73bb13,25664,574517460
0xe6517b766e6ee07f91b517435ed855926bcb1aae,25649,574543109
0x3635e381c67252405c1c0e550973155832d5e490,25599,574568708
0xbd4b50bbf385195c410a625681ff29d439ba61f3,25569,574594277
0xb86021cba87337dea87bc055666146a263c9e0cd,25563,574619840
0x390d6673c1fa9dbb8000db1ae89252b7d531ab75,25563,574645403
0x461733c17b0755ca5649b6db08b3e213fcf22546,25551,574670954
0xed1199093b1abd07a368dd1c0cdc77d8517ba2a0,25539,574696493
0x693e963d5625befe83c855146dd6ff705726bab5,25538,574722031
0x65b49f7aee40347f5a90b714be4ef086f3fe5e2c,25534,574747565
0x2c1488284e9cf2bd49de85e7ded8b82eaef63b77,25525,574773090
0xf8ce90c2710713552fb564869694b2505bfc0846,25518,574798608
0x948d96486a4cea19b1462ceea424b987c7ff3ada,25506,574824114
0x2f1364d1af83afa748a452579b09d69ee83e8c86,25499,574849613
0x5b26c5d0772e5bbac8b3182ae9a13f9bb2d03765,25497,574875110
0xad5d22a3451e1d85b39827e0d8fe8f3c46d40341,25482,574900592
0xe96256bb2970c73ed17bc7c74fc3696e43f30608,25481,574926073
0xa08f3503933d050ce415ca1db26ddba6a2231e3e,25475,574951548
0xf83301c5cd1ccbb86f466a6b3c53316ed2f8465a,25470,574977018
0x4ee7c0f5480eb1edd8902a5e8b991ed52992d5f5,25437,575002455
0xc8c6a31a4a806d3710a7b38b7b296d2fabccdba8,25412,575027867
0xda9079aa12d366c75e28d664428e543f9f866b5d,25400,575053267
0x171d750d42d661b62c277a6b486adb82348c3eca,25399,575078666
0xc3972ac283b3a7a56125674631a5c254f7f373cf,25387,575104053
0xf069d9f8e394f23878e6beccbdef41c4a957b662,25381,575129434
0x1a2a1c938ce3ec39b6d47113c7955baa9dd454f2,25371,575154805
0x0bfa2dff84fba6d6e4f7193b0c58a740e2f1523a,25351,575180156
0x4a73b222c80f700990246a88cd695eec92df92b3,25346,575205502
0x4a3232cde9670e5214f6864089b70f7426729dc8,25342,575230844
0xc7f7295d1bb957db59f4105eeb1320fca7ede75d,25321,575256165
0x5adc961d6ac3f7062d2ea45fefb8d8167d44b190,25310,575281475
0xddd690c36d19dd6f19553f953f41c58a3718d715,25298,575306773
0x859a9c0b44cb7066d956a958b0b82e54c9e44b4b,25294,575332067
0x5b82b3da49a6a7b5eea8f1b5d3c35766af614cf0,25262,575357329
0x57d90b64a1a57749b0f932f1a3395792e12e7055,25255,575382584
0x1f28f618a2b4e1882ed062db9a4f6298f125e4b8,25250,575407834
0x076641af1b8f06b7f8c92587156143c109002cbe,25243,575433077
0xcceed0b7185fbe7f69c083a6c0f6ff5910548d75,25236,575458313
0x53d4e5bf62a91ec53ea15991e2389310eeb855b2,25228,575483541
0x4c19596f5aaff459fa38b0f7ed92f11ae6543784,25201,575508742
0xf0ddd41ac68b71ecbad395aa6240c41c5b55c749,25189,575533931
0xd2502768fb84b1e543daafcef5ccee39011b6cb4,25171,575559102
0x6bb0969d0090af8e0fa3a17cdf32857d6e83c733,25147,575584249
0x9876d4dc358354e9eda6c3d3870e911a50b768b0,25135,575609384
0xd5a2938266b7806cbf8810c75593c397a5deab8c,25121,575634505
0x32dbbd9b7241e31d33fa4f8505b96dbb2ebe0ab5,25114,575659619
0x42f1d3380cc1526eb182343dc3bdd970ce664322,25106,575684725
0xabecc14b8d049b341888170945a048061fcbb7ed,25105,575709830
0x42f3b59f72772eb5794b04d2d85afac0d30a5683,25099,575734929
0x67000dc0860ac241c2cbb45d59d894a20a3ccb0f,25094,575760023
0xf4aafbb5e9207cee9c21ab652072a01b045f9939,25081,575785104
0xc324a2f6b05880503444451b8b27e6f9e63287cb,25029,575810133
0x1edc9ba729ef6fb017ef9c687b1a37d48b6a166c,25003,575835136
0x14409b0fc5c7f87b5dad20754fe22d29a3de8217,25003,575860139
0x14633ea8d5d75f895dfb9d15fe82d0042e7ee042,24980,575885119
0xb5adb233f28c86cef693451b67e1f2d41da97d21,24976,575910095
0xbd65f6f9f9f87af2a677709e132debc3f242671d,24964,575935059
0xfef3884b603c33ef8ed4183346e093a173c94da6,24964,575960023
0x70a87e1b97436d2f194b8b9ebf337bfc7521c70f,24956,575984979
0x898bf39cd67658bd63577fb00a2a3571daecbc53,24943,576009922
0x05984006707585f66465e8a6505341f46b64fa7a,24935,576034857
0x4f45901e24ab443529dc52aff4452b081f9564fa,24933,576059790
0x95408930d6323ac7aa69e6c2cbfe58774d565fa8,24920,576084710
0x14468ff6b324f1c5a869e62b9c442846e7d0baf1,24886,576109596
0x737424bfef17e9883b57ee17de230523e871c5f5,24881,576134477
0x343fe92bc5f7cd3238154ec3e493502aa83776de,24877,576159354
0x0eef70ab0638a763acb5178dd3c62e49767fd940,24855,576184209
0xc72fe8e3dd5bef0f9f31f259399f301272ef2a2d,24848,576209057
0x4fdf8098f5d70ba791b306678fa26ab53f2b4ab3,24845,576233902
0x56a980328aee33aabb540a02e002c8323326bf36,24841,576258743
0x4d8fc1453a0f359e99c9675954e656d80d996fbf,24829,576283572
0x8a86dd148ff6f6c34da53a18e3d88e8334c6b75a,24826,576308398
0x9d5e6b92ba3f75589943372df82dbd3a8a802e80,24824,576333222
0x8fddc81dfebd4263be5266fed3a079598dfce870,24815,576358037
0x83e2be8d114f9661221384b3a50d24b96a5653f5,24815,576382852
0xe860da4d95e0eb555ecc22ef06b780754daaa8b8,24812,576407664
0x7728dfef5abd468669eb7f9b48a7f70a501ed29d,24776,576432440
0x2f70323d7199855a50b077c3164bd030543e3a12,24736,576457176
0x8a564f4823c34a8277cd5160de8f45d2042e7ecd,24732,576481908
0x540449e4d172cd9491c76320440cd74933d5691a,24724,576506632
0x1183af06c2b1cbe50791422a3214cfee6f53b676,24710,576531342
0x595821df5d09a36e84c96e381bdad3ca71f5e099,24700,576556042
0x58002f81260cee7878cdc6e8486b8b3c067b8bf7,24699,576580741
0x5f5fa025d9db0a3a26264bfa93aa27875111d9b1,24697,576605438
0x95a4492f028aa1fd432ea71146b433e7b4446611,24695,576630133
0x60171346d4b5de8df67549d297188eafb90803e1,24690,576654823
0xbfd6b15eabeb62a014a5b7ac0a1aa32a797fbc35,24681,576679504
0x4607cde2730cd1389c665d02f5a7b09e680f9bdb,24662,576704166
0x953e22945b416730bad05009af05b420e598e412,24661,576728827
0x1bf7fd22709733ccd7c45ab27dd02c7ec8e50078,24639,576753466
0x0874c27e9561b178cdad3aa02936fd6d0224c145,24621,576778087
0xdf677d5f4ac6e5cd24583fcd9b5683b379bfd785,24616,576802703
0x48c1b2f3efa85fbafb2ab951bf4ba860a08cdbb7,24614,576827317
0x7a94edacea312198fba1142b3ef26bdd4f910d4c,24614,576851931
0x000000ed5113006b6f24002dd7577bb547e2005a,24612,576876543
0x86e20ffae2741f9fb5b615ca3e99f09a14e2bd99,24609,576901152
0x933326d0e0a31c9ad9d6709e59282dddebe2e8e4,24607,576925759
0x79bfd2670b6bb2219d30a6fd0dbf287f2b66633d,24607,576950366
0xeb7c20027172e5d143fb030d50f91cece2d1485d,24605,576974971
0x3432b6a60d23ca0dfca7761b7ab56459d9c964d0,24604,576999575
0xa18c8756ee6b303190a702e81324c72c0e7080c5,24589,577024164
0x2bdc0d42996017fce214b21607a515da41a9e0c5,24578,577048742
0x3d1ba9be9f66b8ee101911bc36d3fb562eac2244,24567,577073309
0x4749f71599ebe2d2f7ed379830fa61e4a58c6b07,24554,577097863
0x6cabf1b590ee8daa30a1c76ff5dd21284d8681d8,24539,577122402
0x48ff53777f747cfb694101222a944de070c15d36,24539,577146941
0x814f67fa286f7572b041d041b1d99b432c9155ee,24507,577171448
0x1fad26aee30fb59c201dc9d58ae5e67d9b78cc5c,24500,577195948
0xda56a88175d4c8707c51df845f838cf3fe070870,24495,577220443
0xcfb98637bcae43c13323eaa1731ced2b716962fd,24488,577244931
0x53070b6c34bfbb8c0bbd46df2d5a05e3c9179502,24478,577269409
0x056354f3ff20743aa4c0da365603871c7000b081,24465,577293874
0x11c039f368606d91664bfd10137b00eee13cde77,24457,577318331
0x99b0d6641a63ce173e6eb063b3d3aed9a35cf9bf,24456,577342787
0xe49ca29a3ad94713fc14f065125e74906a6503bb,24385,577367172
0x44d771d0c998f524ff39ab6df64b72bce1d09566,24372,577391544
0xdf2ef9934e5e0417c36828824925f4c92bc5e900,24369,577415913
0x4eef32781db07a9b7d9d36bb9ba81fa08af9d3ab,24366,577440279
0xcfd53eff4871b93ed7405f3f428c25f3bf60bbea,24364,577464643
0x0e29e5abbb5fd88e28b2d355774e73bd47de3bcd,24362,577489005
0x19fffd124cd9089e21026d10da97f8cd6b442bff,24336,577513341
0x00e71f15a5ce671a40cd06fa734fa51436c2a0bf,24329,577537670
0x7b5e56c6cae768b844a7f510687ebc2aaf6114d9,24310,577561980
0xdcb6a51ea3ca5d3fd898fd6564757c7aaec3ca92,24283,577586263
0x54257fcaaa8e50ae9a47bf3afe054756fb1230f6,24251,577610514
0xc64f6dfcc4452de6407e12afa9c02123c6796136,24242,577634756
0xf14f52b78169b526b2a0dbcba0ae82751fa6b0df,24235,577658991
0x12513335ffd5dafc2334e98625d27c1ca84bff86,24210,577683201
0x0d4a11d5eeaac28ec3f61d100daf4d40471f1852,24146,577707347
0xec6c861c2a2b1e5ff5336731bc80c29dbff88273,24130,577731477
0x44197a4c44d6a059297caf6be4f7e172bd56caaf,24127,577755604
0x3209f98bebf0149b769ce26d71f7aea8e435efea,24120,577779724
0x0947b0e6d821378805c9598291385ce7c791a6b2,24113,577803837
0x588047365df5ba589f923604aac23d673555c623,24101,577827938
0xa9ec9f5c1547bd5b0247cf6ae3aab666d10948be,24094,577852032
0x27f706edde3ad952ef647dd67e24e38cd0803dd6,24069,577876101
0x89ab32156e46f46d02ade3fecbe5fc4243b9aaed,24059,577900160
0x1995854474e89a03cb030c0df73bc3c06f7635c0,24043,577924203
0x31d6eb9af15137968daeac2bf65cfb176bc2d1b4,24034,577948237
0xd12d68fd52b54908547ebc2cd77ec6ebbefd3099,24029,577972266
0xf1a355cc5953a5c04130f221b6ccad13c3f82990,24021,577996287
0xc00d1fe4c3db287b0a1ee1aa5b7435b4ad09a339,24020,578020307
0xc40037dbe19d0e208904a5cfbd8edaa34a87958a,23995,578044302
0x00b7db6b4431e345eee5cc23d21e8dbc1d5cada3,23994,578068296
0x6bf977ed1a09214e6209f4ea5f525261f1a2690a,23974,578092270
0x02c635901a419bf708bd900d5a79c6ed514c2dfa,23971,578116241
0x10fb4ad704871b6880776666c61d14aa075a5992,23946,578140187
0xa3ee21c306a700e682abcdfe9baa6a08f3820419,23945,578164132
0x2466ba59e474c46639ceb4eb9b7248638443560d,23923,578188055
0xc6fcd915ae3738f5e5ab1a6b620957b20dede3de,23909,578211964
0xcde21da29e54e3b60a1aaacd1dcbda76d8066af1,23906,578235870
0x1818409ff612a6d574ca979904396bb4b8ea6d51,23891,578259761
0xa54ddc7b3cce7fc8b1e3fa0256d0db80d2c10970,23884,578283645
0x0d51a44a0c6610f0918f8b5201efe1ff3e3a93cc,23884,578307529
0x41cd7bbab5758b3b675281f3ead24e666f2b1f0e,23880,578331409
0x67b6d479c7bb412c54e03dca8e1bc6740ce6b99c,23878,578355287
0xd83a162d4808c370a1445646e64cc4861eb60b92,23868,578379155
0xd26b1a36c29e176bfedda7c5aa79bd20ac3d0a9c,23863,578403018
0x20945ca1df56d237fd40036d47e866c7dccd2114,23858,578426876
0x686e5ac50d9236a9b7406791256e47feddb26aba,23848,578450724
0x54833d94b55202f2cbba52c3a002131e76fef30b,23844,578474568
0xd9ec3ff1f8be459bb9369b4e79e9ebcf7141c093,23840,578498408
0xab7b6f7beae1f03a6b2a7f94d1ac332fc9be3410,23833,578522241
0x1953da0e7087ca94fa3bc467fb3599c9285a3b47,23827,578546068
0x0223fc70574214f65813fe336d870ac47e147fae,23808,578569876
0x946956f5bb7832aba7aa02ec722e4c558e12b2e1,23795,578593671
0x4c327471c44b2dacd6e90525f9d629bd2e4f662c,23773,578617444
0xe0207262993dba2487231127a40af4219ed6a5c1,23743,578641187
0x32a7c02e79c4ea1008dd6564b35f131428673c41,23730,578664917
0xcdb43caa48d933287a7e87da5ac76bd7c4edc1aa,23722,578688639
0x862b68e75f038e8a288897d7d27fa10bd174665f,23709,578712348
0x1e71c74d45ffdf184a91f63b94d6469876aee046,23708,578736056
0xeead394a017b8428e2d5a976a054f303f78f3c0c,23706,578759762
0x778e763c4a09c74b2de221b4d3c92d8c7f27a038,23695,578783457
0x2f766a83146f7eaee2c635c9f9a291e4b86f4108,23691,578807148
0xc7283b66eb1eb5fb86327f08e1b5816b0720212b,23690,578830838
0xf09232320ebeac33fae61b24bb8d7ca192e58507,23688,578854526
0xc0ea83113038987d974fe667831a36e442e661e7,23677,578878203
0x9d9418803f042ccd7647209b0ffd617981d5c619,23636,578901839
0xa3646828ae28cefcfc175efa88ecaa72e5b48cf1,23632,578925471
0xba2184520a1cc49a6159c57e61e1844e085615b6,23626,578949097
0x7bd29408f11d2bfc23c34f18275bbf23bb716bc7,23609,578972706
0x65b678936c489a2639036755aa2107ec09569198,23607,578996313
0x71191e7571df8d1872cbab9f9929b5d8e849a2be,23599,579019912
0x410447406655c396cb6e22a80f8a9df565157b61,23591,579043503
0x6911270d4bc1915744aedd785d41d44f47245bd0,23587,579067090
0x283640b9a2bba66a294c9b19cc4404cafd35c7cc,23587,579090677
0x87a3d34e694cf061cd98cdf1621ca8945679337d,23586,579114263
0x6843291bd86857d97f0d269e698939fb10d60772,23582,579137845
0xa5996f6b731b349e25d7d5f4dd93a5ce9947841f,23543,579161388
0x2aea4add166ebf38b63d09a75de1a7b94aa24163,23537,579184925
0x3ee2eea2277df647fa3f9c0e7af684ec625f7c9a,23536,579208461
0xf20084ba368567fa3da1da85b43ac1ac310880c8,23529,579231990
0xbb18a808651e78dcd4508fdc3d5fdc4f594491f1,23503,579255493
0xd835e478907a7dfcf398b400e99996a7e33aba2d,23482,579278975
0x47da42696a866cdc61a4c809a515500a242909c1,23465,579302440
0xbb767a28ca7f6238e42be69619d8735d5970bc3d,23452,579325892
0x4f27053f32eda8af84956437bc00e5ffa7003287,23451,579349343
0x93f43701f0c06da8e4a30a5fdb4ca236dc89e792,23450,579372793
0xf83bf320a4a3f4bf365c3114b6f19fc3f6b1228c,23433,579396226
0xd19d8d78fab2df53ac21c54dbcf0e077433c2e93,23428,579419654
0x737f98ac8ca59f2c68ad658e3c3d8c8963e40a4c,23419,579443073
0xfc971429218b7d11ed63093971712ed504e9ce87,23409,579466482
0x0000000000007ede785b25bc186efea9376784c1,23405,579489887
0x8d67753914a94f84947b1ac0ad4ae66b23494e96,23403,579513290
0xcbaed798a675fc24077424bbd184a8c1eaa61939,23400,579536690
0xdfeb7df5ecf1e909459d111f611490c9b925a5a7,23394,579560084
0xbc647aad10114b89564c0a7aabe542bd0cf2c5af,23389,579583473
0xb8b8086e1c5bcbd3ab99c1b77d5c865c80566b5a,23380,579606853
0x0ad3227eb47597b566ec138b3afd78cfea752de5,23377,579630230
0x7600bf5112945f9f006c216d5d6db0df2806edc6,23341,579653571
0xade84da51b67cbe9002c85b7422c86d78a52f0d2,23341,579676912
0x687e3235baf994dabf9304394899e569b077bcb8,23340,579700252
0x2833bdc5b31269d356bdf92d0fd8f3674e877e44,23338,579723590
0xf263292e14d9d8ecd55b58dad1f1df825a874b7c,23332,579746922
0x164f0c960c164f8988a556b4eb86d3a696b8e7f0,23331,579770253
0x68ed06af5989e05bc4aa510b44dc6d003e225187,23323,579793576
0x3e01b9ea9db8f17ab1825d848b2f2e04f57caf09,23305,579816881
0xe625cb12bc44ac98dbe70aa80c4dd773d3a29895,23298,579840179
0xebd12620e29dc6c452db7b96e1f190f3ee02bde8,23292,579863471
0x956f47f50a910163d8bf957cf5846d573e7f87ca,23292,579886763
0x488e0369f9bc5c40c002ea7c1fe4fd01a198801c,23288,579910051
0xe63dc0b48fd13c888661bfb30d7069823f967f03,23286,579933337
0x51882184b7f9beed6db9c617846140da1d429fd4,23284,579956621
0xd1e10c37a27d95d95720291b1dc6f12f74c71443,23278,579979899
0x8716fc5da009d3a208f0178b637a50f4ef42400f,23253,580003152
0x49fddeae0b521dab8d0c4b77e7161094f971320d,23247,580026399
0xb1f66997a5760428d3a87d68b90bfe0ae64121cc,23230,580049629
0xb596b20062d2e0fbcad5e1a3ff88327536b45ce7,23219,580072848
0x4c29d75cc423e8adaa3839892feb66977e295829,23214,580096062
0x08eb28dae1bed380f1f3b3146eccba079a0c4c02,23192,580119254
0xecf0bdb7b3f349abfd68c3563678124c5e8aaea3,23178,580142432
0x9457725777a69922af16f3f3d58a92dae1995856,23166,580165598
0xe38165c9f6deb144afc9c32c206b024817e1496d,23156,580188754
0x0d97bac371c34fbeccbbe64970453346e4e2bab3,23152,580211906
0xf4b59555522a1b72178c67d4a7ff87e73eb51fbe,23150,580235056
0x3193fc4d6c1b7f593238536f074f3dae9adb6374,23118,580258174
0x5dc60c4d5e75d22588fa17ffeb90a63e535efce0,23104,580281278
0xe1bad922f84b198a08292fb600319300ae32471b,23097,580304375
0x4aa42145aa6ebf72e164c9bbc74fbd3788045016,23086,580327461
0x54f33d04ce419b88cbf2d592cceb68d11a8317b9,23083,580350544
0x3a3a65aab0dd2a17e3f1947ba16138cd37d08c04,23070,580373614
0xae6733ec673bc211b3f6959dbd5c377e1a439769,23070,580396684
0x8c5cc09dfc32af3fbe764c5ec9ffada63aada32a,23068,580419752
0xe694010c4f1fcd35ebc04ceb60f847caaf2cd6f2,23068,580442820
0x6fc13eace26590b80cccab1ba5d51890577d83b2,23066,580465886
0x70c0a1d02212dc3506fa33f02e851e0b499a7342,23031,580488917
0xb4efd85c19999d84251304bda99e90b92300bd93,22998,580511915
0x0099d8fb5cc46ff5b04ee3ba2f6112ff4271a0d7,22991,580534906
0x5193e33f843012c27c502550fa77a543e48187f0,22985,580557891
0x47935edfb3cdd358c50f6c0add1cc24662e30f5f,22985,580580876
0x35ac488b773dac506ee857895ee9dc34b250f313,22982,580603858
0x91104c09a7c1317e8633adcc47e4307c5c1d68d3,22980,580626838
0xca2796f9f61dc7b238aab043971e49c6164df375,22965,580649803
0x379ebb850cb30cb5e50a351b6da437a00eaadc20,22961,580672764
0x1fc7bd85293f3982f40d52698df8d26be89360d6,22955,580695719
0x185479fb2caecba11227db4186046496d6230243,22955,580718674
0x1b7ac38cb8fcdb3273e0dc8c9bb115a03247de62,22921,580741595
0x9476be37b1b5a29efe5ea13ed0f8cc5eb07d598f,22921,580764516
0x3e716a958c185f2ba10f5951566bea740f4e892e,22917,580787433
0xb17df9a3b09583a9bdcf757d6367171476d4d8a3,22905,580810338
0x9e88613418cf03dca54d6a2cf6ad934a78c7a17a,22903,580833241
0x7e7e112a68d8d2e221e11047a72ffc1065c38e1a,22900,580856141
0xf0fac7104aac544e4a7ce1a55adf2b5a25c65bd1,22838,580878979
0xfe3a30f0bb6b7fcac73e692939f029a78e54a0e3,22821,580901800
0xa0872ee815b8dd0f6937386fd77134720d953581,22820,580924620
0xa00a4d5786a6e955e9539d01d78bf68f3271c050,22817,580947437
0x4a9e09f6d1f643ee5f3b02039843d774a224577a,22802,580970239
0x70da48f4b7e83c386ef983d4cef4e58c2c09d8ac,22785,580993024
0xdcd33426ba191383f1c9b431a342498fdac73488,22780,581015804
0x000c100050e98c91f9114fa5dd75ce6869bf4f53,22777,581038581
0xeed736b2b809550d89a941c2005de93588c628e2,22757,581061338
0x45e42d659d9f9466cd5df622506033145a9b89bc,22742,581084080
0x3b9e094d56103611f0acefdab43182347ba60df4,22735,581106815
0xede26ccc85ae521d06b5ef2604952a421c9124b6,22728,581129543
0x49c4f9bc14884f6210f28342ced592a633801a8b,22721,581152264
0xf0939011a9bb95c3b791f0cb546377ed2693a574,22704,581174968
0xa58c4f0e4dddb52d2017c77eac34c73a84cf8af8,22704,581197672
0xcbce61316759d807c474441952ce41985bbc5a40,22697,581220369
0x20910e5b5f087f6439dfcb0dda4e27d1014ac2b8,22690,581243059
0xbb1f24c0c1554b9990222f036b0aad6ee4caec29,22686,581265745
0x7a3d3c4f30c46f51b814bee23d970a7c9b757a32,22666,581288411
0x86eb97475e866c4b3e47a67629237d25974bc7df,22659,581311070
0xc1adb7b27f1c758874debd93fe1f46745a08c502,22656,581333726
0x71f85b2e46976bd21302b64329868fd15eb0d127,22652,581356378
0xdecf3a00e37bada548ec438dcef99b43d7f9f67d,22650,581379028
0x2971adfa57b20e5a416ae5a708a8655a9c74f723,22650,581401678
0x429c151f1777e3edc7eeaec57b7b8bc8fa0ea7ad,22649,581424327
0xbf45f4280cfbe7c2d2515a7d984b8c71c15e82b7,22647,581446974
0x7d6d4fc2ff316e38ebc428e18108cb5d2a0a12ae,22631,581469605
0xb056c38f6b7dc4064367403e26424cd2c60655e1,22598,581492203
0xfb9553afa2b5c19c5f8e5b8ee175fc01abd1555f,22592,581514795
0xb6ee9668771a79be7967ee29a63d4184f8097143,22576,581537371
0xe9c1b6ddf7a99f969cf3ef6ffb0224d018a0e0ca,22567,581559938
0x8d4192005ed871056f53df7840c3b6d5866e3339,22559,581582497
0xf7ec11db22bd76f9e1f9485ed42f4118836d35bd,22556,581605053
0xc2be193f581f129ace32d2fe949d100dc09c2a05,22537,581627590
0x2edf094db69d6dcd487f1b3db9febe2eec0dd4c5,22521,581650111
0x20827ab17e406d92e2c5cbc2948be0871e160d8c,22520,581672631
0x46751d82e59684f39bc554c6797663d62cef0f75,22515,581695146
0xe933045bf0834280e10414526590a21d2f69aaa8,22511,581717657
0xdab14fa0e1d10e9ece01fd7525d34799c0a5d5b2,22500,581740157
0x17e2c574cf092950ef89fb4939c97db2086e796f,22496,581762653
0x6aac8cb9861e42bf8259f5abdc6ae3ae89909e11,22478,581785131
0x26db5439f651caf491a87d48799da81f191bdb6b,22463,581807594
0xa15bfa50d2169ef5ba7a938db2f1c09584bd93fe,22436,581830030
0xffea4f09c583ea5d560beeb2450b56f937f74d5b,22429,581852459
0x827de8cb5bf8da8f16093505c58b5677122cdcec,22418,581874877
0xd7737fcf3e1e6352ab9c7b8f5a9892846da7db8d,22394,581897271
0x62c2e3b4f775b5975f062522fbb8966225535bbb,22370,581919641
0x8fb00fdebb4e83f2c58b3bcd6732ac1b6a7b7221,22369,581942010
0xdf347911910b6c9a4286ba8e2ee5ea4a39eb2134,22349,581964359
0x5aeba72b15e4ef814460e49beca6d176caec228b,22345,581986704
0x5f3b5dfeb7b28cdbd7faba78963ee202a494e2a2,22340,582009044
0x7d1335af903ff256823c9aa2d4a5aaa41e054335,22338,582031382
0x5f33d158ca7275848f70a3f149b421190df85b32,22327,582053709
0x8aa688ab789d1848d131c65d98ceaa8875d97ef1,22311,582076020
0x5d00d312e171be5342067c09bae883f9bcb2003b,22308,582098328
0x23296ef94cacb9f462f0937e762805d12220c954,22290,582120618
0x88df592f8eb5d7bd38bfef7deb0fbc02cf3778a0,22287,582142905
0xb1891e73e1b66c51f50fa0659f15eedcf724ac9b,22281,582165186
0x3d5bc3c8d13dcb8bf317092d84783c2697ae9258,22278,582187464
0x0b4bdc478791897274652dc15ef5c135cae61e60,22278,582209742
0xb5dbc6d3cf380079df3b27135664b6bcf45d1869,22277,582232019
0x64fd0abd4d8f5a0a7502c0078d959e57ca1207ab,22270,582254289
0x29d75277ac7f0335b2165d0895e8725cbf658d73,22265,582276554
0xcc857f9a89c55de54f3d56961dcd48231c1bdd67,22254,582298808
0x05048a64dbc735ceac9596eb5d93ec00f33f36a8,22251,582321059
0x0b7ffc1f4ad541a4ed16b40d8c37f0929158d101,22233,582343292
0x8b95c7201c907ff4955635c2811358f4dfe063c1,22205,582365497
0xd1b170d3e20275ae465ed5e79cea44511cd2c2aa,22193,582387690
0xa5025faba6e70b84f74e9b1113e5f7f4e7f4859f,22187,582409877
0x7100e690554b1c2fd01e8648db88be235c1e6514,22128,582432005
0xb24754be79281553dc1adc160ddf5cd9b74361a4,22126,582454131
0xee609fe292128cad03b786dbb9bc2634ccdbe7fc,22100,582476231
0x907ebd0ddfd74fdaa1abb8a7e2294475e179a9ea,22086,582498317
0x8886d5906342e170cb564fda6aee80c9e6ebb959,22082,582520399
0xacaca5b8805636608e14c64b0bfffc2deb2c6cec,22082,582542481
0x447362c30ec78901871ad6a2df72688093de2f3a,22062,582564543
0xfbd0d1c77b501796a35d86cf91d65d9778eee695,22060,582586603
0x23340e240eb31c65c88540971897b0b7794863a1,22059,582608662
0x33d45717f1844a595dac36bd801dafe93551fd2e,22051,582630713
0xad73d368f2f8d49dfd3fea82ddfd675889c31077,22051,582652764
0x18dd9ae3383de623db1ea37d8da5dde1dc74d356,22044,582674808
0xba8c0244fbdeb10f19f6738750daeedf7a5081eb,22044,582696852
0x69a95185ee2a045cdc4bcd1b1df10710395e4e23,22039,582718891
0x3277dd536471a3cbeb0c9486acad494c95a31e73,22031,582740922
0x9214ec02cb71cba0ada6896b8da260736a67ab10,22031,582762953
0xe21995754de1802f766d0fe4c727451db4e418aa,22011,582784964
0x098e1708b920efbdd7afe33adb6a4cba30c370b9,22009,582806973
0x5102791ca02fc3595398400bfe0e33d7b6c82267,22000,582828973
0x5fdcca53617f4d2b9134b29090c87d01058e27e9,21986,582850959
0x3de565a7e0090963ad06483aef10fd3552d2e876,21982,582872941
0xe3a074a379a55eb9cabbb172f7992c3c2063ae79,21964,582894905
0xa7cc7f00fe455ce78a12af610e2ec375e4f43e5b,21956,582916861
0xf6266c129f30db8dd1fefb548f10e8244d4785c3,21948,582938809
0x57212c066f242de80e4295c5f6d187241f34c112,21904,582960713
0x5a386eb0fcbfee3f0d759e263053c09162ff102d,21901,582982614
0xcd3673af09e76c74d889aabab68ca0645566a3a1,21882,583004496
0xfdfe8b7ab6cf1bd1e3d14538ef40686296c42052,21878,583026374
0xdeeb86214606ccd4ccc908c302466485c6643ffa,21868,583048242
0x3984dd8925892e34adf0a8d6f710651becf7fa3e,21858,583070100
0x7c5b6a029627bbb251710b8b6e86f606b5aa7d81,21847,583091947
0x2a103c2023fb2ad490c5ab2a2b05d9fbc301ad34,21839,583113786
0xc3a02bf6da4ad9111e6e2b7404bc7e375f7b6311,21833,583135619
0x99d188d71f432ca4e769fd4a13f5446b091ba745,21808,583157427
0x5d5c127cde3f0ef4e63e3c579182857bdc7dacd6,21796,583179223
0x3afa1902b1f8a802abc18e5ad982d1bcd34afe22,21796,583201019
0xb58b218365cd12ad765ba8a9f88e881d2b2a01c2,21795,583222814
0x8a6284155d31a62c531f70daacff3ada333f9019,21774,583244588
0xca14e435f1048569dab3264de3c6be764b29da2d,21753,583266341
0x93d7bbf4cf42bda5bb86eadfad09271040cc10e8,21753,583288094
0x98f777fb9139576902bf7f35956ca015ddc1569f,21751,583309845
0xd03a860f481e83a8659640dc75008e9fcdf5d879,21745,583331590
0xc7579bb99af590ec71c316e1ac4436c535039594,21737,583353327
0x2a70605e53a2a596e04df8a775e0e8c9fed62f9a,21734,583375061
0xf67706493e7517ccdcfa5ec4c3a1e506b6ddbd0a,21733,583396794
0xa38fcedd23de2191dc27f9a0240ac170be0a14fe,21718,583418512
0x8b81c72924725a9e7fa016d5c0c35f07b16a70c0,21714,583440226
0x4c218ac55d53e9de63214f7dde5b4db2a5d48ed3,21709,583461935
0xb26631c6dda06ad89b93c71400d25692de89c068,21701,583483636
0x58c7e6e002912246dfb8312c0e974bba8951b38f,21688,583505324
0xb2e260f12406c401874ecc960893c0f74cd6afcd,21682,583527006
0x2822f6d1b2f41f93f33d937bc7d84a8dfa4f4c21,21678,583548684
0x5ea8f2e8e9a58a82ed53b0dd91cc7cf1bf319b86,21670,583570354
0xd4fd252d7d2c9479a8d616f510eac6243b5dddf9,21666,583592020
0x708b63545467a9bcfb67af92299102c650e34a0e,21659,583613679
0x53f32fe62e432a43a61dfd0e23f4991d0f4bba0a,21657,583635336
0xab1aec64eb8e539530b3581b55dd303326cbb4c4,21648,583656984
0x0685807d7e1c4b77902aaefcb9d021c4e7fb7018,21641,583678625
0x05d3606d5c81eb9b7b18530995ec9b29da05faba,21630,583700255
0x79bde2574d61f2bdbfe4c333a594fbba3c99e122,21597,583721852
0x018d7d179350f1bb9853d04982820e37cce13a92,21593,583743445
0x50965254bb66c78556a18249e11a48e2dcf1d250,21577,583765022
0xb2135ab9695a7678dd590b1a996cb0f37bcb0718,21575,583786597
0x1e18821e69b9faa8e6e75dffe54e7e25754beda0,21575,583808172
0x7a9716685f852ee268feb86dffa562d214cc13db,21574,583829746
0x9af2c6b1a28d3d6bc084bd267f70e90d49741d5b,21565,583851311
0x7d3d221a8d8abdd868e8e88811ffaf033e68e108,21551,583872862
0xfbeef911dc5821886e1dda71586d90ed28174b7d,21542,583894404
0x2c2391f793f4f81475d87fffe366458ce5380a13,21540,583915944
0xd28cfec79db8d0a225767d06140aee280718ab7e,21538,583937482
0xc4123f8fb93f5916bdee7aa74f5998a4bb3a7093,21535,583959017
0x2094890017bf0eca1a032eeeccb85b5810f5e52f,21531,583980548
0x7d655c57f71464b6f83811c55d84009cd9f5221c,21531,584002079
0x6f3d2e825c84355e320757984e6421aacabc8f02,21526,584023605
0xdbe0d523e0bd9fd95cdc1b931b6195f15d4d7017,21525,584045130
0x8a636c5dfa8bb6a0f9916f214352213ebbc2a841,21520,584066650
0x57831a0c76ba6b4fdcbadd6cb48cb26e8fc15e93,21507,584088157
0x6ca03d3ece9627201b074e10769201e65c5bde86,21486,584109643
0x8b0e42f366ba502d787bb134478adfae966c8798,21484,584131127
0xd9c8ae68aa8ff1f4eaf8c76d3ca56f00149d6771,21474,584152601
0x929dac58cf32c693c7c9e9e72c2786525679898d,21460,584174061
0xbd2f0cd039e0bfcf88901c98c0bfac5ab27566e3,21457,584195518
0x8aca838d16456d945ca52fa4ff464d218c2f0d6a,21452,584216970
0xd96205b1ef12bc471195fe92a896c461528181ab,21437,584238407
0x1d085c7716118e5c99ab1c35c1cffdacffe454b6,21431,584259838
0x4432e7ffd729442614d9233499000530e08e9d62,21424,584281262
0xdc1882f350b42ac9a23508996254b1915c78b204,21423,584302685
0x1cf36f966304b8b9618d3e739580002c580b8517,21419,584324104
0xcb324e4c8c1561d547c38bd1d4a3b12a405b8019,21414,584345518
0xe954f355d4367a66bbf78b1ecc1a29f1d572d2e8,21404,584366922
0xf116f88457609a0bac8f1131170b190f35966487,21402,584388324
0x6e15c7810ce33d5f742698516a7115b3489732d1,21402,584409726
0xabb243ac767d0b7fcaa0bd5e19a7ba0d339d0b33,21398,584431124
0xbb0329af456cb15a9e4b62dfc6fe6f987138f42c,21388,584452512
0xf6276830c265a779a2225b9d2fcbab790cbeb92b,21374,584473886
0x672961f0253c69bca9d7f4325e47793d32af3d4b,21373,584495259
0x33b919f54692ddbf702065763ea2b50ca02e6bff,21365,584516624
0x9f284e1337a815fe77d2ff4ae46544645b20c5ff,21361,584537985
0x63a2cd0c121cce6331dbee7ce81dd64b8f8aae71,21359,584559344
0xb76c291871b92a7c9e020b2511a3402a3bf0499d,21357,584580701
0x9f949124e2a23492005a9bb937acb29bda2cab9e,21352,584602053
0xeab4e9ab4349a6cce9debb0e520568c0e70f28a9,21344,584623397
0xab8b8adda5a07976ac696034ea2cd83156ccbd84,21339,584644736
0x1a121a97da7b61ffbf9c760ae3d7082d7ec28751,21336,584666072
0xc2807533832807bf15898778d8a108405e9edfb1,21331,584687403
0xb2a736980815d9c3a960e1c2a88042e4a9c93978,21329,584708732
0xebf5ffaed443093dbda54eed6dc77f7bba6dc7f2,21318,584730050
0xf1c9ee019ae6efbaac06d3c08b1cbaa59b1ecb48,21313,584751363
0xf453b5b9d4e0b5c62ffb256bb2378cc2bc8e8a89,21313,584772676
0xfffffffff15abf397da76f1dcc1a1604f45126db,21301,584793977
0x63bf259f352a56eec4dce32b578900bfc27c66f8,21277,584815254
0xc99eb107bccb3600fe503c9f4c7d20d2e65fb800,21273,584836527
0x2774e7fca96e1c13950d4f0b50e59982bc7be01b,21246,584857773
0x18ddd7fedc4b1a5a414cded8e5be6c40408a95dc,21241,584879014
0xd0e6cbd9da5d6214818a3ca2c4be074174faea81,21233,584900247
0x8d2242b308e81c773ef3c1b1e78968fb670c1870,21233,584921480
0x1494ca1f11d487c2bbe4543e90080aeba4ba3c2b,21225,584942705
0x7a8ca2f815a260660158a38c34ca321a3605ecfe,21204,584963909
0xf9b7d25df543a510539f4303e4b2fad0b6488c6b,21192,584985101
0x1d6c267ede89c6a504db5f7bffdbf5cc72b272d0,21191,585006292
0x8f19f89675422fa420a56a3e20b2e8c8cb295c71,21190,585027482
0x92ad813bb975135336df14c0a043ffad0aab168f,21184,585048666
0x14c926f2290044b647e1bf2072e67b495eff1905,21179,585069845
0x2ba6b1e4424e19816382d15937739959f7da5fd8,21174,585091019
0x954b890704693af242613edef1b603825afcd708,21170,585112189
0x683627104c2c76184fba94772f4f1aa15c4d48ec,21152,585133341
0x3930f8809fd21dc3ec725a92f16d5468ebf27e88,21147,585154488
0x5befbb272290dd5b8521d4a938f6c4757742c430,21137,585175625
0xa7ed29b253d8b4e3109ce07c80fc570f81b63696,21134,585196759
0xc12d099be31567add4e4e4d0d45691c3f58f5663,21128,585217887
0xfa0999f1033ab29318578c7750afd07d9d187604,21122,585239009
0x8e2040ab7a6af6bba67e6d9b280c6fea7f930c87,21122,585260131
0xe884cc2795b9c45beeac0607da9539fd571ccf85,21111,585281242
0xf6ceab21808213847bdb08342fbf2056aaf6ec04,21105,585302347
0xf23444084c75b15d76414633abb003d855df4605,21104,585323451
0x2fd41f516fac94ed08e156f489f56ca3a80b04d0,21104,585344555
0x00000015b1fe0911b1b8615a745664b617c55c84,21099,585365654
0x58b7056deb51ed292614f0da1e94e7e9c589828d,21096,585386750
0x10402816bbf93c89c07239134a9a3cb77466349f,21066,585407816
0xd501900646641eaf5755758e11eeaa43df691924,21058,585428874
0x9af4f26941677c706cfecf6d3379ff01bb85d5ab,21056,585449930
0xdf1338fbafe7af1789151627b886781ba556ef9a,21044,585470974
0xd9485499499d66b175cf5ed54c0a19f1a6bcb61a,21040,585492014
0x2d184014b5658c453443aa87c8e9c4d57285620b,21038,585513052
0xee2131b349738090e92991d55f6d09ce17930b92,21036,585534088
0x36f3fd68e7325a35eb768f1aedaae9ea0689d723,21023,585555111
0x20bf6672497941bd3e4ec5fd551de5c31e0a898a,21022,585576133
0x663e4229142a27f00bafb5d087e1e730648314c3,21015,585597148
0x180486507e7e20490fc0228efd182989e0bd61cc,21011,585618159
0x734986c6cdab5f4c3a88eac05fbff11e035b8814,21002,585639161
0xa00fa22499478cc37beb45021a1f1c9f826f72e1,20988,585660149
0xb746aed479f18287dc8fc202fe06f25f1a0a60ae,20987,585681136
0x99a923b8f3a4e41740e3f8947fd7be6aa736d8a6,20983,585702119
0x46a22db378098eee1ea63daa30ef11368e7b99a5,20958,585723077
0xfc44ec51c80e35a87bc2140299b1636ec83dfb04,20955,585744032
0x0be21f14825c4b572f937366c3b499a6ed955dd7,20935,585764967
0x916885426255235da7a0bd90447986c00675f9ec,20919,585785886
0x28b5e12cce51f15594b0b91d5b5adaa70f684a02,20906,585806792
0x2c949199cff14aeaf1b33d64db01f48fb57f592f,20906,585827698
0x4e11e584dfbc12e2434a4bafce90e3f891a26a17,20904,585848602
0x8888801af4d980682e47f1a9036e589479e835c5,20898,585869500
0x91159390631ed2bfc6967695be85dee3be022ce3,20891,585890391
0xb16d3ed603d62b125c6bd45519eda40829549489,20887,585911278
0xd8446236fa95b9b5f9fd0f8e7df1a944823c683d,20863,585932141
0x04d66a10f2e35601bd9e0c6d5346d68e7a890135,20847,585952988
0x647f274b3a7248d6cf51b35f08e7e7fd6edfb271,20843,585973831
0x4d09c5e758ca68be27240f29fb681e5a5341ca98,20810,585994641
0xef51c9377feb29856e61625caf9390bd0b67ea18,20808,586015449
0x7da90089a73edd14c75b0c827cb54f4248d47ecc,20801,586036250
0xb723606d20c2f19f6054169bbeacd89d72db475d,20793,586057043
0xbe8115cdf67fcbbca3efb2a9ff18bb98eac2308f,20779,586077822
0xc65e61626bb0cb58d31f0212cd4a0dab4d64743d,20778,586098600
0x2904b9b16652d7d0408eccfa23a19d4a3358230f,20774,586119374
0x1e143b2588705dfea63a17f2032ca123df995ce0,20771,586140145
0x7fc77b5c7614e1533320ea6ddc2eb61fa00a9714,20771,586160916
0xa478c2975ab1ea89e8196811f51a7b7ade33eb11,20760,586181676
0x2e0217b3072757c225e23674c74abfe7bc787ffd,20758,586202434
0xf1252560e9bf579550622f25c533fea1279e10a1,20753,586223187
0x765b0aaef0ecac2bf23065f559e5ca3b81067993,20730,586243917
0xfcf685170521a48cde782a8d9524705e8199568b,20720,586264637
0x3fee076a0f0218899b89fe7e3f54dd2dc18917e0,20700,586285337
0xff20817765cb7f73d4bde2e66e067e58d11095c2,20689,586306026
0x6d19b2bf3a36a61530909ae65445a906d98a2fa8,20687,586326713
0x2c988c3974ad7e604e276ae0294a7228def67974,20679,586347392
0xd178b20c6007572bd1fd01d205cc20d32b4a6015,20672,586368064
0xe0b073976d45e6ecc4ec13633c5ac5d9bbe5016f,20659,586388723
0x163c2916188a6df1d543de51a85558d7e1d0d2bb,20659,586409382
0xb562ec0261a9cb550a5fbcb46030088f1d6a53cf,20656,586430038
0x8ba8b4e1d5c71dc8f3de55b4d6ed1e0ac6352e1c,20650,586450688
0x7d85e23014f84e6e21d5663acd8751bef3562352,20638,586471326
0x32a3cd2e04a05690c553d830477ad9d43e6e3d57,20634,586491960
0x7e43581b19ab509bcf9397a2efd1ab10233f27de,20634,586512594
0xdcef8f84dd1443451afdf41821d8fea6a59b81ef,20605,586533199
0xe43c791d81ec39306892d5b1be2e6bc129a295f9,20599,586553798
0x9259dd7224d01522ac4efdc5f5a3d22e6fa8f3a3,20590,586574388
0xfac12345b496bb74e6d0cbc2d1a7061b80881f7c,20588,586594976
0x47903b455904ba07bebfd68af9dc5d36b921c88a,20587,586615563
0xcbc62a291d4c564fd5d1d171154a0266ce336c44,20567,586636130
0xac1aee5027fcc98d40a26588ac0841a44f53a8fe,20562,586656692
0xff0efdd9b2592193d048683fa11d8fe6d1f11ebf,20553,586677245
0x0ce0f2b998c0a1b0280dcc95935108781d18e65b,20545,586697790
0xb51088f5f37286b5c3462043200a0ce9aee71459,20539,586718329
0x365542df3c8c9d096c5f0de24a0d8cf33c19c8fd,20533,586738862
0xcdd9ef12f316d0a06ca1a50b0d1101294abc6710,20533,586759395
0x0778cc2e8bbad3d483e82371606d100cc8604522,20532,586779927
0x9bbcb891a20703a4eed2fc824a7eafbaa0e4ea17,20525,586800452
0x0f7f961648ae6db43c75663ac7e5414eb79b5704,20516,586820968
0x0000000000075efbee23fe2de1bd0b7690883cc9,20512,586841480
0xb56d622ddf60ec532b5f43b4ff9b0e7b1ff92db3,20511,586861991
0xa4ce90b5f9e2e1eb95ef7f74bace5e19c4dd989d,20509,586882500
0x174b0b72ca036b0b64f190ed83630751195d3362,20500,586903000
0xb07ec2c28834b889b1ce527ca0f19364cd38935c,20497,586923497
0x41b6b9c76ed9308822e8c21e88d6ee9cfa35ce63,20493,586943990
0xbeb6fdf4ef6ceb975157be43cbe0047b248a8922,20487,586964477
0x0001fb050fe7312791bf6475b96569d83f695c9f,20486,586984963
0x16ea01acb4b0bca2000ee5473348b6937ee6f72f,20479,587005442
0xa998746f10038160240151871e71a587a4f292da,20477,587025919
0x5003b168b457b663c3c18ffcf5b6a24bee8f59c7,20475,587046394
0xc86a3ac9a4997926631e658e63235ec8b526c97f,20463,587066857
0xc6c168159486f5176e12b92858f7d362a839aec3,20433,587087290
0xa36ae0f959046a18d109dc5b1fb8df655cf0aa81,20425,587107715
0x7700d7594c5d033d5d5b0afdad89c15c0be4bd22,20422,587128137
0x26d5bd2dfeda983ecd6c39899e69dae6431dffbb,20420,587148557
0xe183c454ab04205415dc42e1bb48313a912d148e,20409,587168966
0xc2c747e0f7004f9e8817db2ca4997657a7746928,20395,587189361
0x4201ae7c1d576631258c9f01c02f67e831067cf8,20385,587209746
0x130a977156102c0fe5e9075594c03c51bf1be746,20374,587230120
0x47e78681db746765775ea4a4d102a58eb7f766f3,20359,587250479
0xf0c6521b1f8ad9c33a99aaf056f6c6247a3862ba,20354,587270833
0x68909e586eeac8f47315e84b4c9788dd54ef65bb,20343,587291176
0xa8a695e805e0e1b7f5d97d0f8a0b5a298896e508,20324,587311500
0x0baba1ad5be3a5c0a66e7ac838a129bf948f1ea4,20323,587331823
0xf51ebf9a26dbc02b13f8b3a9110dac47a4d62d78,20311,587352134
0x3d3ab800d105fbd2f97102675a412da3dc934357,20291,587372425
0x798b5c3d3a56b6e55c1b44a8368746f9a11e4d7d,20289,587392714
0x0ecdd783dc7bf820614044b51862ed29714d2ba5,20286,587413000
0xb595da2cc95e042bef4a2e8d57816a2088bc6b13,20273,587433273
0x81e27206863aeeae787a2c61533ef903c4313ea9,20260,587453533
0x1beef31946fbbb40b877a72e4ae04a8d1a5cee06,20259,587473792
0x52bd9790a59eda6b2a4e52097751cb04ddc0cf06,20258,587494050
0x0f1ed66c251bcb52ecf7e67ac64bb72482048adb,20258,587514308
0xf2956001f8cf0ff7ec7742a32f2040c81c65d4f2,20253,587534561
0xbbecab25674c958d5dbb4a51ff65dac54ed36062,20235,587554796
0xcb089b8ae76b5df461d40e957603f7a59aea9e0d,20225,587575021
0xbbb27dfd1a95ab5c753948c01e10a31fab73e8a9,20220,587595241
0x56c438ee032224d93a5e9f182cbf4608cdfc928e,20220,587615461
0x9e6b2b11542f2bc52f3029077ace37e8fd838d7f,20208,587635669
0x278cdd6847ef830c23cac61c17eab837fea1c29a,20206,587655875
0x2c9023bbc572ff8dc1228c7858a280046ea8c9e5,20204,587676079
0x4082d11e506e3250009a991061acd2176077c88f,20202,587696281
0xfc0555aca4a78be9668993b39739d1d2616c75b0,20192,587716473
0x00000003238f07a80de2f7c80af8c96a4dcdab92,20187,587736660
0xad4f86a25bbc20ffb751f2fac312a0b4d8f88c64,20183,587756843
0xf29c79ba96a8a6fbd8bdcdb759d9a8695c67036a,20172,587777015
0x5be1de8021cc883456fd11dc5cd3806dbc48d304,20171,587797186
0x546e955456867a5822bb9532973f7380f1bf55a1,20170,587817356
0x458c175909cf81d1395ad2d49a9fb75cc4c8d2af,20165,587837521
0x87def9265b40ba7f867f73d4af519cd9f074bed6,20160,587857681
0xd8bd3958725f216eb236e9dc65b169de48101c6a,20134,587877815
0x5ed0b2015d482e82a4e021f17f02a6123b031710,20126,587897941
0x3942f42b09cc42d0a69fc3e4bd8a377f5964b8d8,20125,587918066
0xeecfa1f63f9cce7ae80a49d5341dcba2563d72e1,20110,587938176
0xdee6c61630e8363f96f4fe4085b66795b79cefc7,20107,587958283
0x13e9ec660d872f55405d70e5c52d872136f0970c,20099,587978382
0xaf1745c0f8117384dfa5fff40f824057c70f2ed3,20091,587998473
0x7c5592fad8031e62318dabd81e2211e50a231ffb,20088,588018561
0xeb6f09f2632d8f014b068cff5485ad5d29ff9937,20076,588038637
0x73f7790344815a0e100eb12dbfd55f0d9df6d171,20074,588058711
0xd5683d293bad2019fc678a6e6347c1b8556d3a85,20069,588078780
0x8a7e7a63b401293c4be78769750622b2a6f33494,20051,588098831
0xea4ddaafbc142fd18180af0430c8a59dda009664,20045,588118876
0x220f0b2186f96a3572dfc0dc7da5070b7df013a4,20022,588138898
0xbbc79794599b19274850492394004087cbf89710,20020,588158918
0x6a6b391ba6c00418d0ece1177c357c2bd4e894f6,19987,588178905
0x3cde7802290b4caa03a166b6dabb497af7ced8ad,19987,588198892
0xdbdb4d16eda451d0503b854cf79d55697f90c8df,19973,588218865
0x89551b940e2a8ed8eccf509935bac9213fe30584,19966,588238831
0x632f62fcf63cb56380ffd27d63afcf5f1349f73f,19962,588258793
0xe5ccfca59acd6a3dea18a97a8d12a1fc5be09b13,19962,588278755
0x33e1b26d699d923e4cdba286cc5783d3c04831c3,19942,588298697
0x694522ef876d096d9e2b3a2027d6251c9214d54f,19938,588318635
0x960f56e8a9f2084acf39a686ee5b1f5467cf81e4,19928,588338563
0x7fd29141bb1555294db7f39f5bc3b4075645be87,19923,588358486
0x76914ca27f3c7422a14c22aaeafbbd05d3f3526b,19914,588378400
0xd77700fc3c78d1cb3acb1a9eac891ff59bc7946d,19914,588398314
0xb971a3afafd3c79604955da40c7b4cd6081b855e,19912,588418226
0x7d4188742164bd36822e2384db188b7a8fdba27d,19908,588438134
0x01a922de9af2c1158dd947ea5b794f0dd995c7df,19903,588458037
0x1e2fbe6be9eb39fc894d38be976111f332172d83,19900,588477937
0xa7de087329bfcda5639247f96140f9dabe3deed1,19900,588497837
0xd234bf2410a0009df9c3c63b610c09738f18ccd7,19896,588517733
0x38bc89cf1f634c71896620bcd807af235cbdecd1,19881,588537614
0xceb856e3eca488857d4365d79001b114bae49350,19878,588557492
0x40adfc7c23c22cc06f94f199a4750d7196f46fbe,19874,588577366
0x82b0e50478eeafde392d45d1259ed1071b6fda81,19837,588597203
0x3c4c9b867d2fc758c5562d70dcf3bda94fb13f4e,19836,588617039
0x8c4e7f814d40f8929f9112c5d09016f923d34472,19835,588636874
0x86949dc8043a5fd7619a1289d65964ad5ec3d25c,19831,588656705
0x31f3d9d1bece0c033ff78fa6da60a6048f3e13c5,19826,588676531
0xff98a08c143311719ca492e4b8c950c940f26872,19820,588696351
0x722122df12d4e14e13ac3b6895a86e84145b6967,19819,588716170
0x95428a6f9fa76bcd15af812a622386c831da76ed,19817,588735987
0xf03bfb08a807716e3340e175b98b388d2dc56de0,19802,588755789
0x35a79fceb867ee3392ed0c8dedd8dc2f6124c9cd,19795,588775584
0xe550265852cdd587f7c09a5fbce0530e9a2b2708,19786,588795370
0xce1d3da32e3a45d27dc841781f09e40c41cac677,19785,588815155
0xb9eefc4b0d472a44be93970254df4f4016569d27,19783,588834938
0x8a9c67fee641579deba04928c4bc45f66e26343a,19780,588854718
0xe03b49682965a1eb5230d41f96e10896dc563f0d,19776,588874494
0xbdeb4b83251fb146687fa19d1c660f99411eefe3,19764,588894258
0xcecede5a20645eac6ca2032eeeb1063572d63c29,19753,588914011
0xe3e415a7a6c287a95dc68a01ff036828073fd2e6,19751,588933762
0x8db54ca569d3019a2ba126d03c37c44b5ef81ef6,19750,588953512
0x00000000000f75712e0cfa682f7bfc795112cbd2,19745,588973257
0x2ad8529da0488a7c2a1af1e22d1902f7ad2943eb,19744,588993001
0xe9800c0b73a71be61d49a61fa3b2320ee524fb3d,19737,589012738
0xca39a956c4a2d03380e60bf7143b26b905a1dbaf,19736,589032474
0x7501a4f0b6fcf5ab8d682a57e668214edc3d3ea4,19733,589052207
0xce84867c3c02b05dc570d0135103d3fb9cc19433,19726,589071933
0x70ab487ec48b4b9571d346348da0f10737d48a54,19712,589091645
0x7a093232c5cda300d0db956baef268a523aa7c68,19705,589111350
0x206c97c79368a29631d26f16405217154e4ccd41,19704,589131054
0xc1b7128ed60f15895533cd03a15caa0d2d81f1b4,19704,589150758
0xae76c84c9262cdb9abc0c2c8888e62db8e22a0bf,19703,589170461
0xf4158e282f2317597e31c028978c7fb7275d6fb4,19699,589190160
0x0d43d01c2262e1935c200ccac989af024269c07e,19698,589209858
0x667061051d70b8b4077adbb107d1d98d05a33a4a,19692,589229550
0xaaaaaaaba2ea3daab0a6c05f1b962c78c9836d99,19682,589249232
0x9d357d43d9733a1e59e5eb1432f2527e66e2cd43,19681,589268913
0x2d9e5de7d36f3830c010a28b29b3bdf5ca73198e,19662,589288575
0x4a87135693a5b7dd0653c151c16edfa3c524403f,19655,589308230
0x93ea6ec350ace7473f7694d43dec2726a515e31a,19645,589327875
0xe083515d1541f2a9fd0ca03f189f5d321c73b872,19644,589347519
0xc73e0383f3aff3215e6f04b0331d58cecf0ab849,19641,589367160
0x354074fa53a199e73042e9726031cffc6c20d61b,19636,589386796
0xb34fa4b69b981b3b892f805352d028a6499bda38,19628,589406424
0xf5b5efc906513b4344ebabcf47a04901f99f09f3,19623,589426047
0x7465ca5fb0e54774cac74762b078205e33ac9141,19621,589445668
0x7cbc8ee27ffdba230dd316160ea01d565f17aacb,19617,589465285
0xd06527d5e56a3495252a528c4987003b712860ee,19595,589484880
0xc8c1b77218645a8a26f752d9e3392d23b4f93849,19592,589504472
0x95abb152ed410cc4b6dffb3ed41d01015bdbb5d2,19584,589524056
0x0391d2021f89dc339f60fff84546ea23e337750f,19579,589543635
0xc666081073e8dff8d3d1c2292a29ae1a2153ec09,19572,589563207
0x602087badcb6ed10cc0dff3301b50d6f1993f3b3,19566,589582773
0x0f7ad5648d05e2f191abb338ddd416f7aa7e95e2,19562,589602335
0x697beac28b09e122c4332d163985e8a73121b97f,19548,589621883
0x5f3e90b7ecfbc4f63b60c55ec0e825a927467bcc,19527,589641410
0x329239599afb305da0a2ec69c58f8a6697f9f88d,19513,589660923
0xd6c523854f08759df65fd335c80a5609e2a28d5f,19510,589680433
0x49de436ea25be263cb3e8ff1401931c6f9b70660,19474,589699907
0xbf4a2ddaa16148a9d0fa2093ffac450adb7cd4aa,19439,589719346
0x7df17cf91d576d52797fe3809ba48ce0ea822737,19434,589738780
0xf90e98f3d8dce44632e5020abf2e122e0f99dfab,19431,589758211
0x5cf1c8b742bc22ae788dce4939ed67fce6c23b46,19425,589777636
0xdf4f609134a84aae1d18dce8d863b099c6455598,19416,589797052
0x6074af59a66d7d9babf501910da9da8a11b0d4f8,19410,589816462
0x5977d45ba0a1ffc3740506d07f5693bbc45df3c7,19408,589835870
0xab51e836bdcbc7cc06d926c50d88328f1bb17148,19407,589855277
0xb1a30851e3f7d841b231b086479608e17198363a,19397,589874674
0x9603f8ca8ff73493676946cf6ef26b4c4c1fa198,19392,589894066
0x87bdc1a836085fb029eae2d38108ce94a8e40493,19388,589913454
0x457a57e931cba4dff5ce8500cc0dff18356df041,19387,589932841
0x08e0faff8bb80eaf8c30a99920355028b5bd6789,19353,589952194
0x6a404a3386655bd8b63e584f2efd2e3fb60e70f8,19346,589971540
0x5513ff35b8cc25f126bfbccc8d2bf91fcc023522,19343,589990883
0xbf4ed7b27f1d666546e30d74d50d173d20bca754,19341,590010224
0x457b1ddd0d1d233f78b439fcfbc09e9d4934ea5f,19335,590029559
0xd1917932a7db6af687b523d5db5d7f5c2734763f,19325,590048884
0x65e5bc985b8399b338c3c55ff1e3c048586d50ca,19324,590068208
0xda6786379ff88729264d31d472fa917f5e561443,19322,590087530
0x9ba742f3a158ec4f7b317270037716cc84aafec1,19316,590106846
0x8c70ce24bf63af6e88a7522c2bc8cab7f1a37a03,19315,590126161
0xabe3c4adf2e614a0c1b4c5402a1e27d54329127b,19308,590145469
0xf150b9054013552a6288320dc4afe1beebb79d8e,19301,590164770
0xc29004ab38334dc7a9eca1b89d6d4bf9f564d5cf,19296,590184066
0xacd43e627e64355f1861cec6d3a6688b31a6f952,19286,590203352
0xc21d353ff4ee73c572425697f4f5aad2109fe35b,19276,590222628
0x8bfe5ebb128ee82f4ba80f56bb32409cc87bc6fb,19273,590241901
0x97208bf5dc25e6fd4719cfc2a3c1d1a59a974c3b,19265,590261166
0x90d46a9636b973f18186541d1b04ed3621a49cb0,19263,590280429
0xa9de4c9cc77bb4730d0127b38d8694fd4bb38d38,19260,590299689
0x2af47a65da8cd66729b4209c22017d6a5c2d2400,19257,590318946
0xbbc7f7a6aadac103769c66cbc69ab720f7f9eae3,19237,590338183
0x92d23be2286da1d0f5d645049c3d83b48a8f985d,19231,590357414
0x186a33d4dbcd700086a26188dcb74e69be463665,19223,590376637
0xf239fab41de78533fa974b74d7605f1e68f8772e,19213,590395850
0x075fe11b3dd9c605f7fd09ff9310e3e37baabc9e,19210,590415060
0x307e0a27bb260dee04e3a87bedc8e3e99d10de12,19210,590434270
0xa90996896660decc6e997655e065b23788857849,19201,590453471
0x00000000f515b28e81a0e98ea3f4f816ef7e62b2,19197,590472668
0x1864ce27e9f7517047933caae530674e8c70b8a7,19194,590491862
0x21f15966e07a10554c364b988e91dab01d32794a,19182,590511044
0x3f89f250e7ec83e0d2b09fc1d3aa4343a20ee021,19181,590530225
0x964b0a14a1e12e6951c2790e66d6ae5a1fc1136f,19170,590549395
0x2734b99e2c62ca70fe753a0cbcd3a90930e1eec9,19167,590568562
0x0e504d3e053885a82bd1cb5c29cbaae5b3673be4,19162,590587724
0x80c5e6908368cb9db503ba968d7ec5a565bfb389,19145,590606869
0x1df26ae66c47a90734343120dfcb53e333084313,19133,590626002
0x4a536c1ce7ad7f6e8d2e59135e17aef5ef4dd4e6,19116,590645118
0x658f4b8ba7d0ab8a1189a8592aa63148fdf9de54,19112,590664230
0x7abe2a84368af480ffd4beb7676133c30f37dc05,19099,590683329
0x03e3f0c25965f13dbbc58246738c183e27b26a56,19097,590702426
0xf5dbc05db7a3ad45c3586d1e133bdabc11accd1b,19088,590721514
0x7b307c1f0039f5d38770e15f8043b3dd26da5e8f,19085,590740599
0x3a24bd487e9459f8eb2334e466510cd55ff3197c,19081,590759680
0xb2a2a66d2a813ac32b940c406f14a06b390d442a,19076,590778756
0xaac3090257be280087d8bdc530265203d105b120,19075,590797831
0x2af9a4864464feb6ff4364367366fcf15c562100,19069,590816900
0xf966bc1e1ab786830fd98a3f8f978940f8e5c13e,19068,590835968
0x4946fcea7c692606e8908002e55a582af44ac121,19043,590855011
0xfa712ee4788c042e2b7bb55e6cb8ec569c4530c1,19043,590874054
0x5860d9381a93d2192ed5a37f533dbbb4d17dc584,19036,590893090
0x17987e621eb8c09f62bc10c90204238cc8cbbe94,19032,590912122
0x2aed236fae0a49b68d5ce730d714ee02578e0606,19024,590931146
0x7c232707ee4e3696ad23733e4e4135682a40e89f,19023,590950169
0xee573a945b01b788b9287ce062a0cfc15be9fd86,19015,590969184
0x0e12bcbd1300f3e04205ad947fe154f7118e467b,19013,590988197
0xe7c79deb6a9b74f691d5f882b7c588bba5db1a20,19011,591007208
0x5a50b3d55e9a1089029824a26caaa8f2abfc4bb0,19005,591026213
0xf5eadb82b41f58fd396eda7f72e282ea41480874,18987,591045200
0xf7970499814654cd13cb7b6e7634a12a7a8a9abc,18987,591064187
0xcc30be6f85b97bd3e9b8c582d0e28aa6a7b7485e,18985,591083172
0x4d8bfe7ea0f46486fd40fc4df60cf39f7568bee8,18985,591102157
0x8b35368ccbadbfbf2d19e8d3d8e58e3ddb63853a,18984,591121141
0xbba3c74a006f199193645e35a936b75b605cb2bc,18975,591140116
0x64de91f5a373cd4c28de3600cb34c7c6ce410c85,18972,591159088
0x486a72811ae65c4c814ba929d6da35497d21296f,18963,591178051
0x147b51d82a6038607895e11c4191431335b257e3,18963,591197014
0x5b322514ff727253292637d9054301600c2c81e8,18959,591215973
0x2d07d53c82978fdce1dae5d5dee38923f520dd63,18948,591234921
0x847f5abba6a36c727ecff76784ee3648ba868808,18946,591253867
0xf1a6bed23411d709069ddbd55a04700f9493476f,18945,591272812
0x44fbebd2f576670a6c33f6fc0b00aa8c5753b322,18938,591291750
0xe69a353b3152dd7b706ff7dd40fe1d18b7802d31,18937,591310687
0x685ed390b16ac9df9ab9707294a42a107cfb62af,18930,591329617
0x71d01db8d6a2fbea7f8d434599c237980c234e4c,18914,591348531
0x3ccc5f828ec94cad93632847ad1aed3ffa7b3bca,18892,591367423
0x40c84310ef15b0c0e5c69d25138e0e16e8000fe9,18890,591386313
0xd478161c952357f05f0292b56012cd8457f1cfbf,18882,591405195
0xd8e2f0300ebc83652472e5793220c5de5ebd7456,18881,591424076
0xcaaa93712bdac37f736c323c93d4d5fdefcc31cc,18877,591442953
0x8f7dbf90e71285552a687097220e1035c2e87639,18844,591461797
0x560e31f96019b75dc589e73e2cc665b9534613f8,18826,591480623
0xae785cbf3c9670c3e5a5dd0053dec05a4aada688,18820,591499443
0x0a1db647ce1d9ec77d43e001af2a867a67c13275,18808,591518251
0x6aeb95f06cda84ca345c2de0f3b7f96923a44f4c,18796,591537047
0x357aac74d5fc24f271e5652ec6bdd8abfe048505,18796,591555843
0x684e2dcb12bb755237e07242529c82f78a84ea61,18784,591574627
0x41bc5abd1e289e282079810a74cb9beedf5bb308,18783,591593410
0x046cc43e4e37acedc096ff54a49c809da656ab8f,18766,591612176
0xe9d6721a3f109dc1b6117fb34c03aaf877aa2289,18760,591630936
0x7b94a1281db0335c9efd68aca5c98b494d775c70,18755,591649691
0x2d4de3c744d43cf77cb12399921faf0d78b7415b,18752,591668443
0xb8169f6d97c66c50ef27b7b1b3fb2875d2b036a4,18739,591687182
0x931a7ca74e35f35a46881a4f968d5fbd095a0279,18736,591705918
0xadb6f85e5c5116a6046f081fddac9b0e5cca7f39,18729,591724647
0x28a8874150ccdb519ce06adc584961a14fe3b186,18724,591743371
0x9389434852b94bbad4c8afed5b7bdbc5ff0c2275,18701,591762072
0x853f8bc31a92d3c29455203cd584f2a91c09121e,18682,591780754
0xeeee2a622330e6d2036691e983dee87330588603,18679,591799433
0x138f8afd3fec055584648a4371ad47fa77071339,18675,591818108
0x469e96b0f675ee5da1b13f4c03d0b0ecc7bccd44,18667,591836775
0x6ff313fb38d53d7a458860b1bf7512f54a03e968,18662,591855437
0x8169471a2c85bc748c3b17f11cfea7d372fe77ee,18655,591874092
0xa0446d8804611944f1b527ecd37d7dcbe442caba,18640,591892732
0x2d63c2c3a03f2a0138faa671c1e9cd25767aac65,18638,591911370
0x4aff03b46792ba7f65403a0d96b2fb8ca8d54367,18628,591929998
0x7fba4b8dc5e7616e59622806932dbea72537a56b,18626,591948624
0x9114569f86f6aeb0fce6fe1b07b351f84de7cf33,18600,591967224
0xa2d951a22d5c0256fc2daee7e2b3ede75ebfa22d,18595,591985819
0xa9b1eb5908cfc3cdf91f9b8b3a74108598009096,18591,592004410
0x5aef06ec39e98c05201ee1e54b653c372ecb9cf3,18588,592022998
0x8b0b3526b414ed5019049326544c07725a30da92,18569,592041567
0xba4cfe5741b357fa371b506e5db0774abfecf8fc,18561,592060128
0xe65ee7c03bbb3c950cfd4895c24989afa233ef01,18556,592078684
0x9bf733c382acbbd263f39dcc685b298b978ed6a8,18555,592097239
0x055cc48f7968fd8640ef140610dd4038e1b03926,18553,592115792
0x9e50ed2154dd9f5d8dacb8c44df100c89b9fd378,18547,592134339
0x0417912b3a7af768051765040a55bb0925d4ddcf,18544,592152883
0x41b856701bb8c24cece2af10651bfafebb57cf49,18542,592171425
0xb4e16d0168e52d35cacd2c6185b44281ec28c9dc,18540,592189965
0x663c8bc01ef86045d5715b272d5c0d137c333f5e,18533,592208498
0xa1a6f16d26aa53aec17e4001fd8cb6e6d5b17ff7,18520,592227018
0x70e36f6bf80a52b3b46b3af8e106cc0ed743e8e4,18520,592245538
0xa6c484c80919be6bec5dfe596b54a90c0f6be843,18515,592264053
0xd1e5b0ff1287aa9f9a268759062e4ab08b9dacbe,18515,592282568
0x1a3496c18d558bd9c6c8f609e1b129f67ab08163,18504,592301072
0xc2e343118f937f88ee1fc3150cdc0d6f3d11bba7,18491,592319563
0xea62d585e8ebc1f8ce7ee84afb4f874214c1d7ce,18487,592338050
0x2d8e85b308d9cbe0cdd2a9af8a07be39dda22b25,18486,592356536
0x786018160e9224bad5a9633d5951c88ad1bec7f6,18481,592375017
0xd2a98ce01478e46e3376f90a4fb5db3c40212d43,18480,592393497
0x00000000af5a61acaf76190794e3fdf1289288a1,18479,592411976
0x19e1d193a448bd13097efc2aea867468726e67c5,18476,592430452
0xe2d82dc7da0e6f882e96846451f4fabcc8f90528,18475,592448927
0x574f84108a98c575794f75483d801d1d5dc861a5,18456,592467383
0x6103767440fcb11ee7d771c1e6e14f637bccb06a,18455,592485838
0x88ad09518695c6c3712ac10a214be5109a655671,18448,592504286
0x798d1be841a82a273720ce31c822c61a67a601c3,18439,592522725
0xf53e6deda250bc5fa12793ac49c257edf4efdbc2,18430,592541155
0xccd5e8d817e3fb420dd0da9cbbb1cd94d9934417,18425,592559580
0x638c4a9e8a74e7ab0c442124007db0516e66491b,18419,592577999
0x6059f55751603ead7dc6d280ad83a7b33d837c90,18405,592596404
0xeee21cf8762a87817868039f119e57a7fec65074,18385,592614789
0xca1207647ff814039530d7d35df0e1dd2e91fa84,18365,592633154
0xb3319f5d18bc0d84dd1b4825dcde5d5f7266d407,18347,592651501
0x795065dcc9f64b5614c407a6efdc400da6221fb0,18346,592669847
0x63f027df7c910bd0230fb60f831bd7cda9741a22,18341,592688188
0xc5123d8e5c27b50232147034cbbef1f7f2073fb2,18329,592706517
0xacf66693dbb2f624df9077d97274b2acd6fd2c25,18329,592724846
0x29fe7d60ddf151e5b52e5fab4f1325da6b2bd958,18320,592743166
0xeab64b2320a1fc1e65f4c7253385ec18e4b4313b,18319,592761485
0xa858bc1b71a895ee83b92f149616f9b3f6afa0fb,18318,592779803
0xb5b8f5616fe42d5ceca3e87f3fddbdd8f496d760,18314,592798117
0x4914280b027841495798a68719da53928a560d42,18312,592816429
0x65fcfb6870c744ec181e4f64a7f41a0cfd76b845,18307,592834736
0xccf6450724e3271a62f1fa751a381fb3c58e68f2,18307,592853043
0x503f9794d6a6bb0df8fbb19a2b3e2aeab35339ad,18264,592871307
0x7d3e7d41da367b4fdce7cbe06502b13294deb758,18263,592889570
0x3a26746ddb79b1b8e4450e3f4ffe3285a307387e,18241,592907811
0x8e87b7a8bd889af413df28d4aca0a77235e3a951,18241,592926052
0x3affcca64c2a6f4e3b6bd9c64cd2c969efd1ecbe,18236,592944288
0x581bd3322a90866e5da8060b9d64d7904394ad42,18230,592962518
0x4e50adfc953551286bbd7fee2b2b846d1d227394,18229,592980747
0x500df47e1df0ef06039218dcf0960253d89d6658,18215,592998962
0x1dd0df760eb950083c1925da19fc7ac1356a190b,18210,593017172
0xc2d55ce14a8e04aef9b6bcfd105079b63c6a0ac8,18194,593035366
0x00000000000003441d59dde9a90bffb1cd3fabf1,18170,593053536
0x000000000000541e251335090ac5b47176af4f7e,18164,593071700
0xb810ad9007e4f2d9aab2e7181a0385d02437ea6e,18161,593089861
0x317625234562b1526ea2fac4030ea499c5291de4,18160,593108021
0x23ccc43365d9dd3882eab88f43d515208f832430,18139,593126160
0x0ee1f2567e9b90ba36905e8be842ab728f166a02,18133,593144293
0x03046a4875bf6a8c16e089678fd3491edf5dcf2e,18129,593162422
0x765f8a7993111016962ceab0f1666157d1f56d77,18102,593180524
0x98b2de885e916b598f65ded2fdbb63187eaef184,18094,593198618
0x1c242bc9af8aa768a54222ed47bb756f1a1a757b,18093,593216711
0x6ae23c5edaad107026a3dabb74396e1ff4d5695d,18089,593234800
0xe2b1f189572f1ac311cc676e3a588e0548750e34,18088,593252888
0xa1d6df714f91debf4e0802a542e13067f31b8262,18087,593270975
0xa9b2d2be17f3472f9dfb626531f3821080c00159,18072,593289047
0xa83bea93c1aff38b2fe947c4f5bd2bde5653391b,18055,593307102
0x514fd08e295d9d79ad364aa3e27e410784d87f33,18040,593325142
0x4ee1d2adbc73b90fc7b557051b730ca0ad98ab83,18032,593343174
0x39f2f950d52f4d2a71ca473e3f66d56dfc329581,18019,593361193
0x725c263e32c72ddc3a19bea12c5a0479a81ee688,18012,593379205
0x78a125f9f6f355b0a7f01d2b73fab16b59165d47,17980,593397185
0xb1c1cb8c7c1992dba24e628bf7d38e71dad46aeb,17970,593415155
0xfa2ea19de0c5ed9d3e1e05325a9983f8ef570459,17969,593433124
0x74faab6986560fd1140508e4266d8a7b87274ffd,17965,593451089
0x02e0d32837313d9a5b0f88db5f3ef8075f4afd1c,17961,593469050
0xeb417d2e61c13c693f7c62257f347283e0a23b49,17960,593487010
0x4c22190cd94c13d910aa4459943edb3ec992bd67,17945,593504955
0x3fa571ce4bbae062fa6e9b72df6ae8f8f9abf759,17935,593522890
0xfd107b473ab90e8fbd89872144a3dc92c40fa8c9,17925,593540815
0xa91ac63d040deb1b7a5e4d4134ad23eb0ba07e14,17922,593558737
0x85effd6e815c6e267e7d063b54ff9120634a0a4a,17920,593576657
0x254f91949d4f57b22392ba0278069cf5a9105f05,17915,593594572
0x4c251de85ad3498c5b89388d8efc696ddd0b0fe7,17910,593612482
0xac838aee2f650a6b970ecea56d4651653c1f84a1,17899,593630381
0x3212b29e33587a00fb1c83346f5dbfa69a458923,17897,593648278
0x40ddbf3bde9c33661c8b4a4e9045ee7ade9e7102,17894,593666172
0x94b35101cdb509ebdcee626b599d4327b369f73c,17887,593684059
0x2cc1060de78aa44e3e6a86102fac93f1de49adb2,17879,593701938
0xc071af0e952aa2813c34ba093faeee8ebd4a6696,17876,593719814
0x1b957dc4aefeed3b4a2351a6a6d5cbfbba0cecfa,17874,593737688
0xa7ca36f7273d4d38fc2aec5a454c497f86728a7a,17872,593755560
0x5d21ef5f25a985380b65c8e943a0082feda0db84,17870,593773430
0xf8e386eda857484f5a12e4b5daa9984e06e73705,17867,593791297
0xf9014e89d1997b7c868329c9906970830ea7654e,17866,593809163
0x817bbdbc3e8a1204f3691d14bb44992841e3db35,17857,593827020
0x9268d7b714af3f4e6f347ec347fd25d97dabc929,17854,593844874
0x7528e3040376edd5db8263db2f5bd1bed91467fb,17851,593862725
0x82677e9c1dd2a0c935bdbc54048919039308752f,17844,593880569
0xc8f51d506461052f1c635404b72b2ccf0d43343d,17842,593898411
0x13cb49bfbb653795c69846b0c139ad3ef8dcec47,17828,593916239
0x2ab6bb8408ca3199b8fa6c92d5b455f820af03c4,17826,593934065
0x00fbe7398d9f0d53fbaef6e2f4c6ab0e7c31f5d7,17825,593951890
0xf45ba58c415ed6c77cfc157f42f300f9fd980985,17823,593969713
0x92133c6e952dd4cbf20be02c34cab2724c4fe274,17816,593987529
0x5ffc014343cd971b7eb70732021e26c35b744cc4,17813,594005342
0xe841d388ed30c0988d5a2db071062c202f9c3a86,17808,594023150
0x2118f372d7f7bf645928f5da82107a547f9f87ee,17807,594040957
0x016ee7373248a80bde1fd6baa001311d233b3cfa,17807,594058764
0xa4959c8b0cf7109ab22d52954ed8ba3409b65456,17806,594076570
0xfba664fd0649e70f5e85fc93d19e439cbbf550ad,17748,594094318
0x941b7f6d2f77bf472f491d96d9fdd14c294b892a,17730,594112048
0x57ab1e02fee23774580c119740129eac7081e9d3,17724,594129772
0xf8b358b3397a8ea5464f8cc753645d42e14b79ea,17722,594147494
0x7c84e62859d0715eb77d1b1c4154ecd6abb21bec,17720,594165214
0xf04a8ac553fcedb5ba99a64799155826c136b0be,17719,594182933
0x8f36d9ebb47ed8219ec6a8302bbb1d7469a12e82,17708,594200641
0xac0104cca91d167873b8601d2e71eb3d4d8c33e0,17694,594218335
0x935636cd4e6a52227c97e68fe2c299305bd6f705,17693,594236028
0x43c21c88995a18856f57d4252be8228a6724dd15,17686,594253714
0x7b09fb91ed7015b99db9e9ac10a2dd38ac0c85e1,17685,594271399
0xc8606268c387bfdca469c204d8d5728010fc1dc8,17671,594289070
0xb02396f06cc894834b7934ecf8c8e5ab5c1d12f1,17670,594306740
0x0cc838351758a674d7368c5d08eab31d30895a17,17660,594324400
0x47bc01597798dcd7506dcca36ac4302fc93a8cfb,17659,594342059
0xfde817c7a0770f42fb80b93dd7a538291c871765,17659,594359718
0x49bdd8854481005bba4acebabf6e06cd5f6312e9,17654,594377372
0x47e3e5f923b388e15d8f8b5890e658a6830b16a2,17642,594395014
0xaaaaa798ebb90066788951e0fc03bc71e6bc2b51,17637,594412651
0x0235fe624e044a05eed7a43e16e3083bc8a4287a,17630,594430281
0xea097a2b1db00627b2fa17460ad260c016016977,17629,594447910
0xe9cf7887b93150d4f2da7dfc6d502b216438f244,17621,594465531
0x1614f18fc94f47967a3fbe5ffcd46d4e7da3d787,17616,594483147
0xde4ee8057785a7e8e800db58f9784845a5c2cbd6,17616,594500763
0x0b4a48418b4197d88626b19c8aa188d76327d2fa,17614,594518377
0x3618516f45cd3c913f81f9987af41077932bc40d,17598,594535975
0x165cff19221424adb30e5daf6319a69890a19183,17597,594553572
0x55c4ec02d22cc26d9dacd5ab5977a62439476e79,17573,594571145
0xb1ed41dc1fe9b723a31137afdd1201d17917fe91,17567,594588712
0x869eb8a1a479a80f9907673eae8336625dc3e526,17564,594606276
0x878bc2f3f717766ab69c0a5f9a6144931e61aed3,17564,594623840
0x4ba18ae3b330aeee9e30c309765e95cbce198d6a,17551,594641391
0xc668715818831645cdf0eee3a9b84590fa979e65,17544,594658935
0x7c21d723af0f4594d4f8821aa16bc27c8ea6cec7,17544,594676479
0x4355fc160f74328f9b383df2ec589bb3dfd82ba0,17540,594694019
0x27dce1ec4d3f72c3e457cc50354f1f975ddef488,17537,594711556
0x1f88b2ef9ea3b29c90f559e645fc8cc2dc6f5b27,17534,594729090
0x72d47cceba146cccde497172decf5e65e03b407c,17533,594746623
0x851cc731ce1613ae4fd8ec7f61f4b350f9ce1020,17530,594764153
0x72cfed9293cbfb2bfc7515c413048c697c6c811c,17525,594781678
0xea1f346faf023f974eb5adaf088bbcdf02d761f4,17517,594799195
0xd15f9d90b90f2badfbe1b90423b2caabfb889c02,17505,594816700
0x9686b875439dd142b0f2008b6596d6313a68a937,17505,594834205
0xade2fc8d9955af2f3a69981c26daaf351cc3d728,17498,594851703
0x7f4c1ea56e9e4ab0b47bddc396f131074919e25f,17495,594869198
0xcc9a0b7c43dc2a5f023bb9b738e45b0ef6b06e04,17489,594886687
0x1d91b86e5c7b5e85a61eaaea9762958747712826,17483,594904170
0xc462d8ee54953e7d7bf276612b75387ea114c3bf,17478,594921648
0xc0134b5b924c2fca106efb33c45446c466fbe03e,17456,594939104
0xfd66124133a17868ed0ee7fbbbd90ababc33531a,17453,594956557
0x25fdf7f507d6124377e48409713292022d9fb69e,17449,594974006
0x883a158c9b28f8d626acfcfbe1028f49e70c9d75,17441,594991447
0x28c8d01ff633ea9cd8fc6a451d7457889e698de6,17430,595008877
0x7cd860672c477e4c312cdde6f922c51235caf52d,17420,595026297
0x74b303dd79bbf44d23d60891bdd0f31df87bc7b8,17416,595043713
0xf9371cd738239fc4e705133bb22944045c10698c,17408,595061121
0x9aeb50f542050172359a0e1a25a9933bc8c01259,17398,595078519
0xcba5f28d50286d963e6c1409a3453e1b62c47f35,17389,595095908
0x0764624204cc252bc984aeca239fd35a53d297ef,17388,595113296
0xe2ee1ac57b2e5564522b2de064a47b3f98b0e9c9,17387,595130683
0x9e23e18e535f9bf09806c5ed68e14e7aa7c7e8c8,17387,595148070
0x8a9ac2ce73b37d1719989a854f83d456762ea303,17381,595165451
0x035771ef2b2af2f1f3357443f1d99e3bbfc68884,17370,595182821
0x459f7854776ed005b6ec63a88f834fdab0b6993e,17366,595200187
0x4af328c52921706dcb739f25786210499169afe6,17356,595217543
0x72430a612adc007c50e3b6946dbb1bb0fd3101d1,17339,595234882
0x0b52599ddec843315224a179ae243eb47c1792ed,17338,595252220
0x2cac6e4b11d6b58f6d3c1c9d5fe8faa89f60e5a2,17317,595269537
0x3d4fe10a8f213627b70ff8a8ba341979a9002a07,17316,595286853
0x70debcdab2ef20be3d1dbff6a845e9ccb6e46930,17301,595304154
0x9df7eea1176ba778eedaefbfe1191c9e16e2e860,17299,595321453
0xd73026b0494d25427f3d1a7743babe1bddf8a035,17298,595338751
0x1e26b3d07e57f453cae30f7ddd2f945f5bf3ef33,17284,595356035
0xf487e54a41660ef17374f6ebf8340c6ef3163f30,17283,595373318
0x35c2307cd831741187d4ef71ce9fbe91fa822df5,17283,595390601
0x469503159ddf6bfd0a9ec8eba8e97a84fd3eae5b,17280,595407881
0xfc82bb4ba86045af6f327323a46e80412b91b27d,17278,595425159
0x0e496fe351e9a2eabcc76d57b1248e10394d60be,17264,595442423
0xcb00d1bf375ea143bad5995451a0d7a23a1241ac,17260,595459683
0xd65f5c7634bb7b61e4753b1248b76eb7cacc0cac,17244,595476927
0x84119cb33e8f590d75c2d6ea4e6b0741a7494eda,17240,595494167
0x102406079234cc1ea88888e58b88c03467ffa5f3,17230,595511397
0xbc2afc039d2bfa67d582ac181dab5be17ec91f82,17229,595528626
0x94d863173ee77439e4292284ff13fad54b3ba182,17227,595545853
0xeaee3a142ac4e0494bfb60d493b804ca9a739339,17223,595563076
0xbd3307f71bac6d2da1c2201abc92a2b3b6b01719,17209,595580285
0x9dafec62c3ef9cf8add8532ff339b991a30f421d,17188,595597473
0xde2f7766c8bf14ca67193128535e5c7454f8387c,17187,595614660
0xf23ddd52ea2b0500dc6a9b8d492ade858f23ff25,17179,595631839
0xa6446d655a0c34bc4f05042ee88170d056cbaf45,17171,595649010
0x2321a7cffc90753ceaaa4646a3bf0215f42ec792,17145,595666155
0xa66a943be0c956ae90eae98b9703b98a7bbd4309,17143,595683298
0x78021abd9b06f0456cb9db95a846c302c34f8b8d,17129,595700427
0x4304bd6506aa9d2708eed2aea1cfcb0adaf652e5,17126,595717553
0xde46fcf6ab7559e4355b8ee3d7fba0f2730cddd8,17124,595734677
0xc292de14f38636b6415fb5014edc3a859e2607a3,17124,595751801
0xf74555e67e0fa6ebb0ca4a06f19a9ae5bbe4d8f7,17121,595768922
0xaddbcd6a68bfeb6e312e82b30ce1eb4a54497f4c,17110,595786032
0x20bd491fee75b6af6c2100c83b83312d620f2958,17104,595803136
0xc3af5103551287cfc8f12d7bfe208e0c2c3c3ff1,17101,595820237
0x90dbd908cbf7150c4949a0a4cf231fd5e5e4d7bb,17101,595837338
0x5f617cc3dd2724f5bb6f75d0f8907c95abfff0d6,17097,595854435
0x607c794cda77efb21f8848b7910ecf27451ae842,17085,595871520
0x5d6f0afaebf0cdfec37b6eaab36b599ff3c4940b,17079,595888599
0xe70f28f6f47f55432e2fa63fdc813b1cdc824ef1,17071,595905670
0x871baed4088b863fd6407159f3672d70cd34837d,17070,595922740
0xa8b9cd2577d20224af856c19af20040290705932,17067,595939807
0x791f60fec5c5f0b65c2d1d581d77fa5adaa678d0,17066,595956873
0x83fa34ffd45dced0482d92048d04823556351520,17065,595973938
0xa64bd6c70cb9051f6a9ba1f163fdc07e0dfb5f84,17060,595990998
0x56c26d3e5051bc0bae8d740304c8dcc16d5e1166,17050,596008048
0x066798d9ef0833ccc719076dab77199ecbd178b0,17041,596025089
0xd2031d93ea7e051472e811e144c08497eaa7bcd0,17032,596042121
0xa15880c218d8f533f2825cdcee59e11fac942120,17025,596059146
0x326a719e35ee2a31d9705ba25b05d25a3a1459d9,17021,596076167
0x4c36d2919e407f0cc2ee3c993ccf8ac26d9ce64e,17020,596093187
0x3f83c5f5e89f604883ac2454edd287abea343ec2,17019,596110206
0xd152f549545093347a162dce210e7293f1452150,17013,596127219
0x4ab30b965a8ef0f512da064b5e574d9ad73c0e79,17008,596144227
0x388a3bd8f54f305266898e77b126609ec6265f1e,17006,596161233
0x38a0df9a08d18dc06cd91fc7ec94a0acdf28d994,17004,596178237
0x63a389435f370f8aec9ddb179483bdf16d189d1c,17000,596195237
0x2f5e2c9002c058c063d21a06b6cabb50950130c8,16997,596212234
0x4688a8b1f292fdab17e9a90c8bc379dc1dbd8713,16992,596229226
0x2cc114bbe7b551d62b15c465c7bdcccd9125b182,16983,596246209
0x7f35d9f88ace99168c2cfa026c969459db486afb,16978,596263187
0x1ef7aa1bd73ea34e76637fadf05a1f2f69fbbdaf,16969,596280156
0x81e09530176ea2a2ce9ef6e5073679c085bdcece,16964,596297120
0x65a15014964f2102ff58647e16a16a6b9e14bcf6,16963,596314083
0xc98e0639c6d2ec037a615341c369666b110e80e5,16960,596331043
0x27c70cd1946795b66be9d954418546998b546634,16953,596347996
0xf67a8fcf59724a070e54c1bcec1635affc10e60a,16947,596364943
0xd9a72fec8683db0666769d841d6d127f350b4418,16940,596381883
0x3d35ab68ecf82c415752a4f73f31a25578cbfd9c,16935,596398818
0xecf8f87f810ecf450940c9f60066b4a7a501d6a7,16922,596415740
0x6ce21e5f5383c95691d243879a86a6025e0870c0,16903,596432643
0x0ae1c8251ca78508f0c7458bd4067d4423bd1e0a,16902,596449545
0x5d89a45c63ae3e7c3575d930dcd65be846b80365,16895,596466440
0xcee1d3c3a02267e37e6b373060f79d5d7b9e1669,16891,596483331
0x5b4cbadcba203405bd6d066fb14af095e5d418b1,16888,596500219
0x59a5e90e47c4b318d8f226d91f389241358bc2ea,16886,596517105
0xe14ab3ee81abe340b45bb26b1b166a7d2df22585,16865,596533970
0xee5fe244406f35d9b4ddb488a64d51456630befc,16860,596550830
0x96c3f52e3fd12f2f1b4d7be18a882693c3c845c8,16848,596567678
0xdcb9ff81013c31ff686154b4502ef6bfaa102d2d,16846,596584524
0xe95aa33a946d533940832ebfd6fa53fe95e12060,16829,596601353
0x7723737d529c2b42e4d218ad7e0a20354fbc7071,16821,596618174
0x687174f8c49ceb7729d925c3a961507ea4ac7b28,16805,596634979
0x225bc3affc1da39bd3cb2100c74a41c62310d1e1,16799,596651778
0xae84013bb37ef96abe16f5017a50c1e4d870a331,16793,596668571
0x0c8bd5d1681aec511617d5385b23d7964931d635,16788,596685359
0xfbdc77dd903b894dd6a86fa5af050ed1fd6fb8fc,16783,596702142
0xd7c49cee7e9188cca6ad8ff264c1da2e69d4cf3b,16782,596718924
0x5dab189977f37a58d9f52f3473f49bf5506a9517,16781,596735705
0xcec03a960ea678a2b6ea350fe0dbd1807b22d875,16752,596752457
0xd8a04f5412223f513dc55f839574430f5ec15531,16751,596769208
0x1bc9ccac9f2f75c37f188fd336d48c985c3e3194,16750,596785958
0x7968bc6a03017ea2de509aaa816f163db0f35148,16740,596802698
0x402a75f3500ca1fba17741ec916f07a0c9db195d,16723,596819421
0xcf8800f7cd90cbf3b7f5eb3681db88d8c686f54b,16721,596836142
0x26aad4d82f6c9fa6e34d8c1067429c986a055872,16715,596852857
0x301d1d8ea4e76ad61fb42ff60991964b053ac1db,16703,596869560
0x00c409001c1900ddcda20000008e112417db003b,16678,596886238
0xd43d09ec1bc5e57c8f3d0c64020d403b04c7f783,16678,596902916
0x340f80822ef114bf17ff8d63e9a3b7683534e85a,16670,596919586
0x1e7be17895fc98f9a810591030a8f4ab9645420f,16667,596936253
0x673c06dbe3f1444497a7cdbbdfe67c2e0e3cbcfc,16665,596952918
0xbf29685856fae1e228878dfb35b280c0adcc3b05,16662,596969580
0x088dfd01e4e279d9b9b89690dc1682c89fee1dcb,16639,596986219
0xe6bc60a00b81c7f3cbc8f4ef3b0a6805b6851753,16635,597002854
0x7240ac91f01233baaf8b064248e80feaa5912ba3,16634,597019488
0xc47121977bb1cbb5e726be3602e4057fa877400b,16625,597036113
0x41ade1cd005741bd093b4df7391fdd8347dc42ee,16619,597052732
0x919d3a363776b1ceec9352610c82dfaf80edc32d,16616,597069348
0x0822f3c03dcc24d200aff33493dc08d0e1f274a2,16610,597085958
0x20f7a3ddf244dc9299975b4da1c39f8d5d75f05a,16606,597102564
0x4d13d624a87baa278733c068a174412afa9ca6c8,16604,597119168
0x0cec1a9154ff802e7934fc916ed7ca50bde6844e,16604,597135772
0x285203097548b0a6e424b88eb7258beb95316ed6,16594,597152366
0x98c32b59a0ac00cd33750427b1a317ebcf84d0f7,16589,597168955
0x83058f5bc487151253d8deff14e58ed707582f8d,16586,597185541
0xebf9f6e03a6f5dba658c3a3c2e14514e27ecc444,16583,597202124
0xb57919aebb30812ae188dbe238bc907d56ba4a3a,16582,597218706
0x2a9294f1da9783ce287b4b4c1fecc4a7ad13d030,16574,597235280
0x617f7c416cec4361246fac916feeb187d0c3e970,16573,597251853
0x35a18000230da775cac24873d00ff85bccded550,16567,597268420
0x31af195db332bc9203d758c74df5a5c5e597cdb7,16565,597284985
0x0acd35c2015e3ae6a8385b07948ed6d7d949d01f,16557,597301542
0xf6bf06a3d4dc2404dc25e43a25db08425fce2c1c,16547,597318089
0xb4d930279552397bba2ee473229f89ec245bc365,16542,597334631
0x4fd8ba5d02259931438c325338bf543a5d2ad733,16542,597351173
0xfc249b4a5ada66c25392c10b8f40ad284b6f185d,16523,597367696
0xd8f93d967fa21a0a826a3bd4601ada4bb468823d,16507,597384203
0x84e42cf61a1e87f1dd2b11da9a2831c8745371d9,16505,597400708
0xa6f53672a40ab4ef7ffd8497d8abb843718ecb22,16470,597417178
0x6fe56c0bcdd471359019fcbc48863d6c3e9d4f41,16466,597433644
0x5e6ffe7b174a50c81ff3f3c54c04fd3c11e20830,16462,597450106
0xd104b027e5b156eabadd3fad8c5943ea6a6db54e,16461,597466567
0x8810c63470d38639954c6b41aac545848c46484a,16455,597483022
0xd42debe4edc92bd5a3fbb4243e1eccf6d63a4a5d,16454,597499476
0x338ffc2cafc121bc83bf7a610ccc136ba7247b64,16450,597515926
0x1822126feedb4c7d61eecdbe3682fe61e91383d6,16445,597532371
0x2d3e7d4870a51b918919e7b851fe19983e4c38d5,16440,597548811
0x4c14114c107d6374ec31981f5f6cc27a13e22f9a,16437,597565248
0x562c0b218cc9ba06d9eb42f3aef54c54cc5a4650,16436,597581684
0xdf869fad6db91f437b59f1edefab319493d4c4ce,16433,597598117
0xe81d72d14b1516e68ac3190a46c93302cc8ed60f,16431,597614548
0xec850b198a7a8276f92a0fb95d6b3f20eb0dde4c,16414,597630962
0x7770024171c75798a2c4ba2536c48ee79ca39371,16407,597647369
0x5661c46e366570360064ae1a50a17a7a1a8f3236,16401,597663770
0x3032b9e916a575db2d5a0c865f413a82891bd260,16395,597680165
0x900b4449236a7bb26b286601dd14d2bde7a6ac6c,16394,597696559
0x34d6a0f5c2f5d0082141fe73d93b9dd00ca7ce11,16392,597712951
0xe4bd56cbf537074e3836a1721983107cce9e689f,16385,597729336
0xf1f955016ecbcd7321c7266bccfb96c68ea5e49b,16382,597745718
0xf80a824e2091a6c586a82e3c69ab8d59f4086a19,16380,597762098
0xffc63b9146967a1ba33066fb057ee3722221acf0,16379,597778477
0x02725836ebf3ecdb1cdf1c7b02fcbbfaa2736af8,16374,597794851
0xfb1e5f5e984c28ad7e228cdaa1f8a0919bb6a09b,16368,597811219
0xf4c90e18727c5c76499ea6369c856a6d61d3e92e,16365,597827584
0xa898af554d84e8467845825c38806f84bc9e231f,16354,597843938
0xbbe5c81412bad19877300d63cc8d8264a154091e,16354,597860292
0x4426d15ad435c156edc1183938ff47b37d3931fb,16350,597876642
0x33f90dee07c6e8b9682dd20f73e6c358b2ed0f03,16349,597892991
0x0c31f4ac8f7d6958e9226b4faf5dd7f235b9d552,16348,597909339
0x37adc35f7b12582240818df04aac04ca409d5913,16333,597925672
0x000007222caeb29694719e804b24fb3ee5116a8a,16330,597942002
0x42f01abe5be4a7f853105b3e517c7112cea2a1a6,16327,597958329
0x4f5f88bbafbf1244f5d23cfec5e0b0f7601f2d01,16314,597974643
0x8f87743b291306e7068a2d26d1aac345657a86be,16302,597990945
0xe95ef4e7a04d2fb05cb625c62ca58da10112c605,16297,598007242
0x82a28aeaaf447a83f9c78c32e89cc6c19192a7d9,16294,598023536
0x89c6c856a6db3e46107163d0cda7a7ff211bd655,16285,598039821
0xf81a850ee58fdd08eee998deeb4652edc5f2a4df,16285,598056106
0x4a7babfafe46456bc4e965d6fbeaff7f01c8b330,16280,598072386
0x40b8047464f87ba3982f9a938420963fb937e6d5,16280,598088666
0xc7c7f6660102e9a1fee1390df5c76ea5a5572ed3,16278,598104944
0x5c3bb81d0e1391361b3198d02fe883dff1ba70ad,16274,598121218
0x8e89c7da6312aa236fc4c3f1f27fd6314f33a9ba,16245,598137463
0x2ccbff3a042c68716ed2a2cb0c544a9f1d1935e1,16243,598153706
0x7164b9abd7e3f6b9ce4e037e86dc8be3f5e316c2,16237,598169943
0x2781246fe707bb15cee3e5ea354e2154a2877b16,16235,598186178
0x86ad632c36425f0e0af2fcd6f55c160e10c04b26,16233,598202411
0xfe4455fd433ed3ca025ec7c43cb8686ed89826cd,16229,598218640
0x0e7f79e89ba8c4a13431129fb2db0d4f444b5b9a,16210,598234850
0x52928c95c4c7e934e0efcfab08853a0e4558861d,16205,598251055
0xc6fa2ec714e0d1c70979fd044e65cce8b1344472,16202,598267257
0x1c1c14a6b5074905ce5d367b0a7e098b58ebfd47,16186,598283443
0x22314b3d1375548c969eaae65e43203b51f9e9e9,16172,598299615
0xf2eab3a2034d3f6b63734d2e08262040e3ff7b48,16147,598315762
0xd0059e9d822c471f394ae5974d783e86b2aa0853,16144,598331906
0x08d967bb0134f2d07f7cfb6e246680c53927dd30,16140,598348046
0x168f8469ac17dd39cd9a2c2ead647f814a488ce9,16140,598364186
0x6468e79a80c0eab0f9a2b574c8d5bc374af59414,16133,598380319
0x0622769d566b3c4c1c58ca4fabee8e60bb3163e5,16131,598396450
0x8dc3bcbb4b506fa2becd065ff4425dee32f156a6,16123,598412573
0x767588059265d2a243445dd3f23db37b96018dd5,16120,598428693
0x3907acb4c1818adf72d965c08e0a79af16e7ffb8,16108,598444801
0x9f408f054cd19350df13a298ca7fc2aae27bf94f,16107,598460908
0x0227fb846b48e209d56d79b0a3109fda561db821,16103,598477011
0xfc79774fb9dedeea2325d0d5570554eddc4e6747,16100,598493111
0x26e8bcf9c18c6ae5f3cdf7331e84803aeef086eb,16096,598509207
0xfb3031c18843a97445d78ffc1c029550779fd36f,16096,598525303
0xcc3d43308f835c1a29e14c7dd74b981d272dc708,16083,598541386
0x13f64609bf1ef46f6515f8cd3115433a93a00dc6,16079,598557465
0x5d0fdc4f46af16d28324788a2ff4e86b1667d578,16071,598573536
0x1337def16f9b486faed0293eb623dc8395dfe46a,16067,598589603
0xf8a3dc13b7a8da473f80660f513c4343e4edd7f7,16061,598605664
0xf2f22cd890785034b8531f27aa748091417ee015,16057,598621721
0x6ed680055bd5a04c194c954f71019ee90145001c,16054,598637775
0xa2013d1688dafed6830220d73d66728be31d4c31,16052,598653827
0x5dbe296f97b23c4a6aa6183d73e574d02ba5c719,16042,598669869
0x71a982a028c9d4b0566041a78df12b810462e155,16041,598685910
0x766f824e31cd8624976d0e01ac8bf7faefd772f7,16040,598701950
0x12dc767728105aa415dd720dfbd0ea1d85841172,16029,598717979
0x5ef7634582ad5d5b86eab4c719ea8e58d1a3789a,16025,598734004
0x0e936b11c2e7b601055e58c7e32417187af4de4a,16020,598750024
0xc70baa58bbeadbf1c14e93360313b834f1e0b057,16020,598766044
0xb15657374327eb26b7fbafdc7cc765130371d49b,16003,598782047
0xc1d750678ccede3e794ee092cd4c913c40935360,15998,598798045
0xd819e948b14ca6aad2b7ffd333ccdf732b129eed,15995,598814040
0x45f783cce6b7ff23b2ab2d70e416cdb7d6055f51,15992,598830032
0x9a54fe35d41bc7c8f7071abf0ccd952505e29ceb,15985,598846017
0xc20464e0c373486d2b3335576e83a218b1618a5e,15979,598861996
0x82da82dbe384736e4dd95615d8036cc472773f5a,15978,598877974
0x72298bd3ed75e0aa289ad61c6390596d60ffdcef,15976,598893950
0x9503de24f4210da79c5e5bccd198b2727387a519,15956,598909906
0xac65dc06c8444c6545a94ce961496258aa860cb9,15937,598925843
0x9fbd51ed85412ed7b5d0f12ebd29fa03d767de11,15936,598941779
0x769fb101ad8b8f97449ec0738a2581d5a54ec926,15932,598957711
0x714b1fded61090a6c49eb0b4d088b8e5ebd64e61,15932,598973643
0xd141a26d786e9432d345774721fc141c13ec10f3,15929,598989572
0x7468947690bca3549556c476b24bb970324aee66,15922,599005494
0x1929f0c2366b650b6d71a6a144fc760d8ac2b3eb,15914,599021408
0x01f2acf2914860331c1cb1a9acecda7475e06af8,15909,599037317
0x7d34c87c34a12f80912c452c528dbd24d8520e69,15906,599053223
0x32e4bcd2b6183501517616fbffaa9335069e0807,15901,599069124
0xbd356a39bff2cada8e9248532dd879147221cf76,15901,599085025
0xcfc1c64e721bc034ab894302b78149b3c7a1066d,15894,599100919
0xfe201551e800871f6ce0faf141107f298440f570,15893,599116812
0x53b27466c3fa132f7e81d6399a776c55f21ad480,15883,599132695
0xe554ffc701c0a6b3de6b0847e3beb44b47d702a9,15880,599148575
0xe55f8e53adecac547f892f9bb4abcc3355b1bd10,15879,599164454
0x21cbd7098bf18f293fbf5451be2fc968eaa1e072,15866,599180320
0xddb5bfae38ce17f3ad300dd635f30acbcc275287,15860,599196180
0x4d0587d7e70f2cd08fe1643d2e8ff2207a3aff9d,15850,599212030
0x2956356cd2a2bf3202f771f50d3d14a367b48070,15842,599227872
0x1a0606300ceca332b356a3fcfe99471b5a7f22ba,15827,599243699
0x8a0f69b5f97d5c5a2573314e91ef9d7f46ba6da1,15824,599259523
0x7758e507850da48cd47df1fb5f875c23e3340c50,15823,599275346
0x587044b74004e3d5ef2d453b7f8d198d9e4cb558,15820,599291166
0xace62f87abe9f4ee9fd6e115d91548df24ca0943,15814,599306980
0x72f020f8f3e8fd9382705723cd26380f8d0c66bb,15802,599322782
0xf0f201fdb77a5ecd065cdbd69850f3f6694b2bef,15795,599338577
0xd5df4fee61f5bfd98df92655d3424da4a148dad8,15793,599354370
0x6e5a43db10b04701385a34afb670e404bc7ea597,15790,599370160
0xa4fb385820a9eef842a419e08f8540fd7d1bf6e8,15787,599385947
0x146d8d942048ad517479c9bab1788712af180fde,15785,599401732
0x27200642b8569e9378467486cc2374e04862576b,15776,599417508
0x74fec1a0af965f397e896323783ad580dc7d82e4,15771,599433279
0x28933fb0879fa16e174318d7a16afeedd1c88c7e,15764,599449043
0x8c01722fc426841e7f508d2aadc9678b79228281,15757,599464800
0x000000917de6037d52b1f0a306eecd208405f7cd,15755,599480555
0x7934fd17c40e348737a3f448294364525e532276,15748,599496303
0x19b58d95929586ad750893caad43e77aa6e8ce9e,15748,599512051
0x06404399e748cd83f25ab163711f9f4d61cfd0e6,15743,599527794
0x9c7de4f0bcb1f25cc780bbf025aac30711c640ee,15742,599543536
0x56bfead31c2c6a3bdeb0891fab022c0b90ea43f1,15741,599559277
0xba051262bf577e84c7dec71a0fde4666b6584c1f,15740,599575017
0x3448209268e97652bb67ea12777d4dfba81e3aaf,15735,599590752
0xf0ca4cbb3a5624a4bf9bb3a08dff8b617c6a3d8c,15729,599606481
0xe48972fcd82a274411c01834e2f031d4377fa2c0,15724,599622205
0x99896ba5fde6ced06569cf848982d2c7779d2694,15722,599637927
0xce53a179047ebed80261689367c093c90a94cc08,15719,599653646
0x938f66735c6b4f99ee51e657d51e86c2847788cb,15719,599669365
0x022ea9e7db89fc5dde523cc917337e834077709e,15716,599685081
0xe559e8abfa4a5a5f7dd303ca74b1613e837b9d60,15715,599700796
0xe48048be88e725f13d2f14e5f45a5ccc982d8efd,15715,599716511
0xa38b7ee9df79955b90cc4e2de90421f6baa83a3d,15713,599732224
0x3dc6408c31a50a51d14e0e6425c5059953832c6a,15713,599747937
0xf478c8bc5448236d52067c96f8f4c8376e62fa8f,15700,599763637
0xe0e32ae60f099ef844c39371fb3bb346eabf9409,15695,599779332
0x9be89d2a4cd102d8fecc6bf9da793be995c22541,15687,599795019
0xbc05e610eaac542bfa64504025413291beb58d36,15684,599810703
0xd7b3669c7d3e38ab5a441383d41f25e003e02148,15681,599826384
0xb1b2c3fda82979fa5639a334f695f5ff9f46395f,15668,599842052
0xa17de0ab0a97bc5e56fa8b39ebfc81cc3f1f349e,15667,599857719
0xaf446174961cd544e51b89310581669e8fc00d16,15659,599873378
0x8aa33a7899fcc8ea5fbe6a608a109c3893a1b8b2,15645,599889023
0xaff69c67f5dbbdd088ccbc6d47cb9e0ea547e132,15641,599904664
0x5b9cda9a39dccb8d5def007b72c6a969fd5bb267,15639,599920303
0xa9375923ddb69cd32955f536a351007415c02696,15637,599935940
0xbf68b3756f82b522588511da682dfd7e3bf34dee,15636,599951576
0xf631f8186f4fbcb6723bf5e513db35c45e581ad7,15626,599967202
0x01a3f967863ee79f6f1a52021c68d1b6a8925a31,15599,599982801
0x4bf30ef9c9bb2fe835953e630159b9a7eb4c35b2,15589,599998390
0xafddf17a9aa5d67397847c2905b7242c59a76de4,15588,600013978
0xa2156f24711a631e92e65dc114cf172065ddd49b,15585,600029563
0x3aa927a97594c3ab7d7bf0d47c71c3877d1de4a1,15582,600045145
0x5e888b83b7287eed4fb7da7b7d0a0d4c735d94b3,15581,600060726
0x490c95be16384e1f28b9e864e98ffecfcbff386d,15559,600076285
0xfbc1473e245b8afbba3b46116e0b01f91a026633,15536,600091821
0x9b73d1779c41dca36314fb7c4d3309838e20c4e7,15534,600107355
0xf18432ef894ef4b2a5726f933718f5a8cf9ff831,15533,600122888
0x3333331365f21e192fd43e599dbb44eff532a667,15522,600138410
0x8d5a69dc82a47594881256f2eef81770274fa30f,15511,600153921
0x6ed1f59206a71600b50e27d7c910fd882754d6a8,15501,600169422
0x93054188d876f558f4a66b2ef1d97d16edf0895b,15497,600184919
0xfc55f4b931764a163cd7b7414dfc63337057f078,15495,600200414
0x1bd435f3c054b6e901b7b108a0ab7617c808677b,15491,600215905
0xbb1fa4fdeb3459733bf67ebc6f893003fa976a82,15478,600231383
0x2cae18dd1223aea3bfdfddfee4cfbbcb4b80cc22,15470,600246853
0x5b135d7e2774c801a73208f258123d7623e07784,15470,600262323
0x222222de1914c2b303504e3b035cf46b11fcfc6c,15461,600277784
0xf92c1ad75005e6436b4ee84e88cb23ed8a290988,15459,600293243
0x1453dbb8a29551ade11d89825ca812e05317eaeb,15456,600308699
0x587a07ce5c265a38dd6d42def1566ba73eeb06f5,15449,600324148
0x8faf0be1465b9be70ee73d9123b2a1fdd9f2aae4,15446,600339594
0x3c4bea627039f0b7e7d21e34bb9c9fe962977518,15435,600355029
0x8b542cd2db4040db4b2cd825c2d1d05a98cad72e,15432,600370461
0x9ceb84f92a0561fa3cc4132ab9c0b76a59787544,15430,600385891
0xc96df921009b790dffca412375251ed1a2b75c60,15428,600401319
0xf37c4a962e70d813a4d9825942141cd9bc5169fd,15427,600416746
0x66e5dbc7fece1d31eb60af8cfa0563ec0d1a81bd,15417,600432163
0xe1c7e30c42c24582888c758984f6e382096786bd,15417,600447580
0xe5ecfb44bccd7a585fa7f4a8e02c450e525af2e4,15417,600462997
0x00000000a8f806c754549943b6550a2594c9a126,15415,600478412
0xf77f4810e7521298a6e2a04f82a6c3492706d74f,15414,600493826
0x5301eae39a4cba1cc2a74e861fded062ca3e3420,15413,600509239
0x378903a03fb2c3ac76bb52773e3ce11340377a32,15404,600524643
0x8dcff4f1653f45cf418b0b3a5080a0fdcac577c8,15399,600540042
0xd375eed3549cbc8243358ef3bd6026e2c2dc8e53,15397,600555439
0x091dcd914fceb1d47423e532955d1e62d1b2daef,15396,600570835
0x4f22310c27ef39feaa4a756027896dc382f0b5e2,15392,600586227
0x6cd239a7717c1639214880e53f38f47c99d6cffc,15390,600601617
0x99a46c42689720d9118ff7af7ce80c2a92fc4f97,15386,600617003
0x3f2a2b2729f624bd23f252f46bae42628d822a6e,15384,600632387
0xc6623656689d4921cda265342c1423089f3a46c1,15370,600647757
0x7ca4408137eb639570f8e647d9bd7b7e8717514a,15363,600663120
0xb5e2d774c4672aa4297272f62d61e8a041175cb5,15357,600678477
0x2bf5a5ba29e60682fc56b2fcf9ce07bef4f6196f,15353,600693830
0x56eb83949fdf543e8cee4569739d21f07e4eafa9,15351,600709181
0x6e1e38c5cafcae293ca3f7bf840094355c671e47,15348,600724529
0x84ae8708798c74ef8d00f540c4012963955106ff,15344,600739873
0xf5fff180082d6017036b771ba883025c654bc935,15341,600755214
0xb679cf169e31e1312df1ba2a46adcee1525d51a7,15339,600770553
0x1369dc10c8a15f81ebfa3f589f293db1b9e81212,15338,600785891
0xdc8b1b7f4b4e65e04ef6bbee319c8fdbc23658f9,15336,600801227
0x2aec18c5500f21359ce1bea5dc1777344df4c0dc,15336,600816563
0xc3b2140ac3e95edfea220681eeca127fc81e4929,15335,600831898
0x9c26a257a858a37df3e3bd896e7e3a4b35ded182,15323,600847221
0x9ee904e7b92c872ac5d3eff3e6c5ec4dbe3c26b4,15321,600862542
0xf151980e7a781481709e8195744bf2399fb3cba4,15314,600877856
0xe1fd7cb1a330c48cc0a09d31f0786b61bfc43f71,15309,600893165
0xeb96f4caaea05e69f41c25ae42b58ffff7df628d,15303,600908468
0x961549769241f1354c695f69fe33db8f94a692fa,15303,600923771
0x3166c570935a7d8554c8f4ea792ff965d2efe1f2,15297,600939068
0xa13f0743951b4f6e3e3aa039f682e17279f52bc3,15292,600954360
0x3886034b467a54fb2fc8f6e71e8ee5817f1fcc9f,15290,600969650
0x62d1c99e67b4fb4ff4ebbde910210555b58fe97d,15287,600984937
0xc477d038d5420c6a9e0b031712f61c5120090de9,15285,601000222
0xeca82185adce47f39c684352b0439f030f860318,15280,601015502
0x26affb7f84b9985c4cf53b03f51098210af279a1,15277,601030779
0x54318a379935d545eb8e474a191e11faac5a46e8,15270,601046049
0xb4e9f4a0f5d91ea9ea612b5ada9b4c0904a96de0,15270,601061319
0x2cdb31dd47c47577a3c9e401026989f835dd6c77,15254,601076573
0x0c83cd8003a3a28d06f98dfa5cb6a498108277ef,15252,601091825
0xeef8102a0d46d508f171d7323bceffc592835f13,15238,601107063
0xef6dd40eff935626ee2ba971a90e6897e4cbbf8b,15237,601122300
0xe018d6a4ff75f4327e8dfb3f8d8872618f6a03bb,15236,601137536
0x0c7d5ae016f806603cb1782bea29ac69471cab9c,15235,601152771
0xe0b93b67822ed87a89ad20f350c35d9c3698a077,15235,601168006
0x134c5de7d7580a2d4a9375d3f70bdcc7dee1e098,15229,601183235
0x7cd489aea7952d5b66c90eb8894d47cc698967c0,15220,601198455
0xbc3ce57cdb58f5873c767e5736734e4a2295974c,15212,601213667
0x2c72ee35637cb6df00f8c07595b564a05f667006,15208,601228875
0x73b774ff2e2bbad413a37db5ea87cdf736b71ef6,15195,601244070
0x6b9f031d718dded0d681c20cb754f97b3bb81b78,15195,601259265
0x70890f86d74bdb47f7aa047c4294fa381befc678,15189,601274454
0xc85ec57b531e0b2a5e50e8bc3b5b07ddec2cd1bc,15175,601289629
0xd7631787b4dcc87b1254cfd1e5ce48e96823dee8,15172,601304801
0xe9f6f185dba74824f6488d4b0c7ab978132138d0,15165,601319966
0x039f5050de4908f9b5ddf40a4f3aa3f329086387,15159,601335125
0x7c7d518689798fd5f9e6ccda4e222b9d6e6f3b97,15157,601350282
0xa249ee8255df0aa00a15262b16bca3efd66c3e4c,15157,601365439
0xd7ef99cfa0638f0e25167318d19b39f364d1d44d,15147,601380586
0x84edffa16bb0b9ab1163abb0a13ff0744c11272f,15134,601395720
0xd823b5d18542506638b7cae1be63df7f8255c98f,15126,601410846
0x8c9f364bf7a56ed058fc63ef81c6cf09c833e656,15123,601425969
0x8993db1795b9a7b317b98ebfa4c971f225bf1248,15121,601441090
0x57838ff342f36a1ec18224981ea8715a4667fb3a,15101,601456191
0xcd85f4fd1c87d6ba898b697c13ded067e5041a32,15099,601471290
0x1bdbcb88dd542960547997fbe05f71da4d89e2da,15099,601486389
0x2dadff9fc12bcd339b68692622c3438a5b46ea53,15099,601501488
0xc75f15ada581219c95485c578e124df3985e4ce0,15090,601516578
0x98ecf84ac50aa3c090f88b04676babc296d03527,15088,601531666
0x27e7383e49be6fd965805a0302b32e40c3d9981e,15087,601546753
0x53345f3b9fcb873783ffa5c8f043233afd4991a6,15084,601561837
0x01e176828454368f60898f04025dce3bcfe76ab5,15062,601576899
0xd5439de29b0ae28fcbd4331353f7b78ee18dce2c,15058,601591957
0xe9b39a3cf71b38a3bf1af7cd9595f4aa5c91c62f,15052,601607009
0x00000a8e943f66d0e20b107333a024da0c865dad,15049,601622058
0x48845c3da5bb1a4060fa2cea0ad5a3ef3af9a874,15040,601637098
0x297016c5b60e47953ab849ec5dd2a2c25632136d,15027,601652125
0x60d988739381d055ba9863154ad8cf2123031f88,15022,601667147
0x31126416f0dbc1283dc5295ee6ea04ff83ee3531,15011,601682158
0xec985525f3f22c7fa9c9ff4a49e37589a76d86d4,15004,601697162
0x6560a9b6436e129cf835ab9da96201207facd4f8,15001,601712163
0x3efc851db67e0034cfc4962f59576c555e72ddcd,14999,601727162
0xa6ec692942dc8c590693dc2a1cba5a7413de851f,14993,601742155
0xbd73e675e1fa3d60a302c797df5c82e558da7ce1,14989,601757144
0x45848366696015b7faa20fed127c9bc118f0a2df,14982,601772126
0xbb49a51ee5a66ca3a8cbe529379ba44ba67e6771,14975,601787101
0xa5959e9412d27041194c3c3bcbe855face2864f7,14974,601802075
0x9d4c05f1d0af84cdbd40945bb9f55f299b02fee0,14964,601817039
0xae746520ffdb15d0505e32f1d6e9a2b4ab866572,14964,601832003
0x46924dc3ca58d1f56c0d8b7788b46018e70ebb1d,14958,601846961
0x53148bb4551707edf51a1e8d7a93698d18931225,14958,601861919
0xd291e7a03283640fdc51b121ac401383a46cc623,14955,601876874
0x8a99ed8a1b204903ee46e733f2c1286f6d20b177,14954,601891828
0x8a9c4dfe8b9d8962b31e4e16f8321c44d48e246e,14950,601906778
0xdcd85914b8ae28c1e62f1c488e1d968d5aaffe2b,14949,601921727
0x631e223441dada8a86193e67efc4c13e03070c32,14948,601936675
0x3019dbcd06d2cac9d09acbde9d0ae890f14f69ea,14948,601951623
0x09c2bd5bd60311a1caa4eb83c79592b348417d50,14947,601966570
0x705203fc06027379681aef47c08fe679bc4a58e1,14945,601981515
0xded2583b3fbf4b381851f5031188a5a3562ab2cd,14944,601996459
0xdacd69347de42babfaecd09dc88958378780fb62,14943,602011402
0x838bf9e95cb12dd76a54c9f9d2e3082eaf928270,14940,602026342
0x672a1ad4f667fb18a333af13667aa0af1f5b5bdd,14940,602041282
0x7a6910b15d929f20f85ecbfcbd89862062147d78,14939,602056221
0xd2877702675e6ceb975b4a1dff9fb7baf4c91ea9,14937,602071158
0xf8377270af0c864d2b3bab73bb16c65b05767549,14935,602086093
0xf8ad7dfe656188a23e89da09506adf7ad9290d5d,14935,602101028
0xd8d3ee0d39028b8899926a89983537ab537e70f0,14929,602115957
0x00000000c9fdd743c60055c0e4ea30d266272c1f,14929,602130886
0x884322742bf47ca4b9fcb228e2e234595be9ba18,14928,602145814
0x55f173ac685ee9e4b2e91f649f0b58dae9465e31,14923,602160737
0x9edd647d7d6eceae6bb61d7785ef66c5055a9bee,14917,602175654
0xbf0889b98d187dabc28362e3ff6aa9c184c7d299,14916,602190570
0xf29992d7b589a0a6bd2de7be29a97a6eb73eaf85,14915,602205485
0xada62f7ccd6af6cacff04accbc4f56f3d4ffd4ef,14915,602220400
0x8b8a8a91d7b8ec2e6ab37ed8ffbacee062c6f3c7,14912,602235312
0xfd45e61e085b3e7a1990a47828d757755b206eee,14910,602250222
0x2e071d2966aa7d8decb1005885ba1977d6038a65,14907,602265129
0x77c07555af5ffdc946fb47ce15ea68620e4e7170,14903,602280032
0x746aebc06d2ae31b71ac51429a19d54e797878e9,14900,602294932
0x99bd363a144fb61feae863b182f1f200667a1879,14894,602309826
0x3501ec11d205fa249f2c42f5470e137b529b35d0,14892,602324718
0x314dc48e17e904afd13927cb2a5cb7dc46d88a1a,14886,602339604
0x2e2f3246b6c65ccc4239c9ee556ec143a7e5de2c,14885,602354489
0x91d04cae7ec01de3de98e028b999a2edb129b169,14883,602369372
0x52d19f0baf633f4222f55c030085f5cd24bf984d,14878,602384250
0x4250a6d3bd57455d7c6821eecb6206f507576cd2,14873,602399123
0x9324e610a44808dfa3208569cd61a41808103251,14872,602413995
0x971d048e737619884f2df75e31c7eb6412392328,14870,602428865
0xe1fa4a1f92276e21d1a358a03900a21663bb6b4a,14867,602443732
0x581cdea80ebe14a8240ee11ade3dd8973010967a,14867,602458599
0x7568b9ece8966ae20e7f5edf90bcd6b77c2a47ca,14861,602473460
0x37e8789bb9996cac9156cd5f5fd32599e6b91289,14859,602488319
0xa5e262ec733051b14b38901901a82f2684637e78,14855,602503174
0xd320728139a859aff6432697bcf0e86b7efc857d,14848,602518022
0x9161ffceede0e8b895be72daed25196e41a2dbec,14848,602532870
0x8963b689f4bb50c4cf562db351d8267afd7b2cb6,14839,602547709
0xaf8a215e81faea7c180ce22b72483525121813bd,14829,602562538
0x33b08550a9de04cc3c75d8af9b43a8372916e0e7,14824,602577362
0xfc1e690f61efd961294b3e1ce3313fbd8aa4f85d,14814,602592176
0x2747254824f1731e016352e3267735fd9a6331c0,14814,602606990
0x6096d2460cf5177e40b515223428dc005ad35123,14810,602621800
0xc310644a0cf1cae7e240a48090c3cdb9edb53941,14809,602636609
0x012ce51d486be4d08ffe952d0e1a7aa3a247f475,14803,602651412
0x6851a80b7655e36e1f04e383b5946dafe9c63ab2,14802,602666214
0xe96a6a824b0d0eab75f42c954e8549e878917cbd,14795,602681009
0x9ce447d500eb431b2009ab159586da0fe8ccaa87,14792,602695801
0xae1eaae3f627aaca434127644371b67b18444051,14790,602710591
0x7f86c782ec802ac402e0369d2e6d500256f7abc5,14783,602725374
0xfbaf48e57cab46f4c2e03edb90a421d9fc6c7cbf,14774,602740148
0xa998cf7ac9c2063c95e6f81a0b8f220520d5e81a,14772,602754920
0xb84e224216fec19d8631a0ad187326bc48f91b6b,14771,602769691
0x7d29a64504629172a429e64183d6673b9dacbfce,14757,602784448
0x0000000000a8fb09af944ab3baf7a9b3e1ab29d8,14748,602799196
0xc59cb23295e2deeb66bd090acb6b02be8d30a11f,14733,602813929
0x514fd3b8109cfb7cde4b17e4912fd56690c23145,14733,602828662
0x5a4e849325e9b87bdb918bbe1bbafdea819bbefe,14732,602843394
0x5faf1ed6963dc2581e248f35228279c283ea15aa,14730,602858124
0xcf6afbb480351a27950f96923094a0ce1559cc26,14720,602872844
0x341c26074a0059191d40dfc47103603b9fec55e1,14706,602887550
0x5119bc4aab16c7ce645d15a7e0031c1c6e60d361,14701,602902251
0xfe73a07fa11ba0a8480159f405d35d0b55f826e8,14700,602916951
0x7f2176ceb16dcb648dc924eff617c3dc2befd30d,14697,602931648
0xd559f20296ff4895da39b5bd9add54b442596a61,14689,602946337
0x0fe2247a20e779a879c647d2b9dea1b896fc0ccf,14684,602961021
0x6956983f8b3ce173b4ab84361aa0ad52f38d936f,14671,602975692
0xefb3eac530f5eecbc99d189e0c0074cffa82187e,14667,602990359
0x9f103cd6fb907928351353e6f339c3fdcd5ee05c,14662,603005021
0x883af4eddff095773c6faeb0c826ebc743882d66,14657,603019678
0x0b4c2708f052dca413600e237675e4d6778a9375,14647,603034325
0x27da4962d2ef03ad3cd1e7e479b350baebb34cee,14646,603048971
0xdc31e4632e88e52688964ced249e780ac9eb57d0,14644,603063615
0x662899420cb9ed210c64e3443e7f7f5fdf8c0171,14644,603078259
0x07a58629aaf3e1a0d07d8f43114b76bd5eee3b91,14641,603092900
0xa456e426308210c44daa0cddf29d8f96198f2bdf,14640,603107540
0x989e1fb123b67afd66e10574c8b409bc6e812d9a,14629,603122169
0xa0457edcf4cf27eca91b8a4d02ed9816689115fa,14629,603136798
0x0f1e2e5eacfebec3ce686554fbdbb67df00f7f00,14627,603151425
0xba727c69636491ecdfe3e6f64cbe9428ad371e48,14623,603166048
0xe0b94a7bb45dd905c79bb1992c9879f40f1caed5,14620,603180668
0xc67ceac00a37c792ad42fd519891f6eeb22241e6,14620,603195288
0xb5f554e47ad3670cffd38c64546feb177062dae5,14616,603209904
0x87ed87a34adc1ecc62232f248d74fe1f81e5da68,14601,603224505
0xb22be3c9fef880ee58155cd402b67ce6d7b45504,14600,603239105
0x2eba4a49859ba98a48254146152cdb4a1479b024,14600,603253705
0xec7954f452a6473c21c4078501f0bcf8b266bc99,14589,603268294
0x99a2ea239a99df408470e021c012a63ec3add514,14589,603282883
0xba2e7fed597fd0e3e70f5130bcdbbfe06bb94fe1,14581,603297464
0xe75e6b147fd831a6b79c05dcf2401bc187303b79,14578,603312042
0x6bd50f3589916783b5366262d51700ee81d31b7e,14567,603326609
0x4716b53319cbefa0d16c547d6a44b9556133860a,14565,603341174
0x656acfd86be535353f0a08a327368ccf7304e819,14564,603355738
0xb09f8a62c6681b0c739dfde7221bfe8f2da3f128,14548,603370286
0x1d5c6f1607a171ad52efb270121331b3039dd83e,14544,603384830
0x4a974d25dbd8cbbca513444263bdd8881168e082,14542,603399372
0x7934064d93608d0a442dc3b23377fbd581b0be03,14542,603413914
0x80c549e867e5b4eb979e8a204cb81c74f14d23ca,14534,603428448
0xf5d0a2799d9b97d00646cdedf496d141b7c0a078,14525,603442973
0xe8f063c4dc60b2f6c2c900d870ddcdae7daab7f6,14524,603457497
0xfea5e213bbd81a8a94d0e1edb09dbd7ceab61e1c,14524,603472021
0x732b7bafede7eeb83714ca9cc4c486f79ac8668b,14519,603486540
0xc8c1b41713761281a520b7ad81544197bc85a4ce,14516,603501056
0x38a795580d0f687e399913a00ddef6a17612c722,14508,603515564
0xa393473d64d2f9f026b60b6df7859a689715d092,14504,603530068
0xcb234d0e329b2ece05dda67b7db7a3176def1a74,14493,603544561
0xfbcd4f699d52813cc53324ed012d9d3e5da56ee4,14490,603559051
0x4eab8055b4a3360a2ccbc4e14c81ed5e859fd9ed,14489,603573540
0x61110e5f6872380264774e3eb83bfd09587c49e6,14488,603588028
0x745daa146934b27e3f0b6bff1a6e36b9b90fb131,14486,603602514
0x999d332eee57452cf07bceec365fd35ba5c142cb,14481,603616995
0xc0b52b76055c392d67392622ae7737cdb6d42133,14472,603631467
0x10be9a8dae441d276a5027936c3aaded2d82bc15,14466,603645933
0x923108a439c4e8c2315c4f6521e5ce95b44e9b4c,14465,603660398
0x594120039687ddaab50c4ab03bada20eb4b218f6,14455,603674853
0xe61f5155ec8a9270ec3621f90ff99716002d3441,14437,603689290
0xcb47c89cb17c10b719fc5ed9665bae157cac2cb1,14436,603703726
0x68eb95dc9934e19b86687a10df8e364423240e94,14435,603718161
0x241ba672574a78a3a604cdd0a94429a73a84a324,14435,603732596
0x5fa1ea99eb3acc1f9e84cf28fde6431b8fdc9dc0,14434,603747030
0x7ee36450e39e1058eb06fa953e268b21f142365b,14434,603761464
0xce853db3359326db6d03981c9fb42983bbcdd007,14428,603775892
0x78e851c35326c9296485e9720d85cb3bd153b428,14425,603790317
0x8c9ec3849d41b077ee20abe5bdf342a2b841108e,14422,603804739
0xdafce5670d3f67da9a3a44fe6bc36992e5e2beab,14420,603819159
0xa27bcd590195b2a9bdc29379de4f040b2d8066e0,14413,603833572
0x667e3e933ed540613538e5931b6897a07c118d01,14408,603847980
0x845e238fa24ccee6a59482d827c60df90ef06195,14407,603862387
0x60c68a87be1e8a84144b543aacfa77199cd3d024,14407,603876794
0xdf67cf04f1f268e431bfecf2c76843afb8e536c1,14395,603891189
0x5b11aacb6bddb9ffab908fdce739bf4aed554327,14388,603905577
0x55648de19836338549130b1af587f16bea46f66b,14375,603919952
0xaddba95f769b5d42c02e144102817eab9d00efd3,14370,603934322
0xa1d65e8fb6e87b60feccbc582f7f97804b725521,14365,603948687
0x0316eb71485b0ab14103307bf65a021042c6d380,14364,603963051
0xdc42a21e38c3b8028b01a6b00d8dbc648f93305c,14363,603977414
0xebca2f0306c62cbe7da2808dacc147ec447936af,14351,603991765
0x406ae253fb0aa898f9912fb192c1e6deb9623a07,14348,604006113
0x18e79d340046fade9c04016cef88ebac6275adba,14348,604020461
0x9600fbd9dd97407c5230a6fb4ce1a1bce388e894,14340,604034801
0x71c118b00759b0851785642541ceb0f4ceea0bd5,14336,604049137
0x70968feaf13299d0dbf78f66860bab9dbe3856bc,14329,604063466
0x3d9e412ea9811e457ca79e439b9251e2e4ab98a6,14309,604077775
0x0bef619cf38cf0c22967289b8419720fbd1db9f7,14300,604092075
0x6fc9c554c2363805673f18b3a2b1912cce8bfb8a,14290,604106365
0xd412054cca18a61278ced6f674a526a6940ebd84,14285,604120650
0xc5f6950c17b6eb1e9bff46f1ee7ba00a22a3053c,14285,604134935
0x50de6856358cc35f3a9a57eaaa34bd4cb707d2cd,14282,604149217
0x1b22c32cd936cb97c28c5690a0695a82abf688e6,14281,604163498
0xaaab2ec23dd5dd9602e631b8399fa94c9d134b3a,14274,604177772
0xa0a25c992b5b5e019573fb0e571b3f3c81070dfb,14273,604192045
0x82458d1c812d7c930bb3229c9e159cbabd9aa8cb,14261,604206306
0x0000000000c9b1dde987a6abe20a2af8d9e636d9,14258,604220564
0x80d09da032f4293b1f1295274509cb76c2a5dc42,14258,604234822
0x93025150b13eb744d51d927549a30630912e8fe8,14253,604249075
0x9fe9bb6b66958f2271c4b0ad23f6e8dda8c221be,14251,604263326
0x1b38819bab08ef176183d937e21ae1262fe7c337,14250,604277576
0x31ead6a10b5215321afa8bef2f05aa271508fa6c,14246,604291822
0x50423f8fbbd7cf5499b9b70bfc191a7bd01a9d2d,14221,604306043
0xc2a694c5ced27e3d3a5a8bd515a42f2b89665003,14215,604320258
0xb0f30284f3ba1a9b836eca9272db4194ece444d4,14210,604334468
0x97a89a0286a673ac8cdabbc42e5b2aaae74b09e5,14209,604348677
0x423eaf5e9f1460e56dc1da1aaf9e778b5cd16443,14205,604362882
0x21a6b7ed9560604fbe2e459abfee3b433c7d6bf8,14204,604377086
0xa4eed63db85311e22df4473f87ccfc3dadcfa3e3,14204,604391290
0xac3211a5025414af2866ff09c23fc18bc97e79b1,14202,604405492
0x2cd784297b10a53003092d6110c83c4092b2fbd2,14201,604419693
0x4641f8d2deb40769a9c28d0e0e6f63c3e4720ac2,14196,604433889
0x808508acb3f5f9aef7950375bedb8f001cccab77,14195,604448084
0x0000000fdf9eb269b38e39e058f45d7d0ddb60f9,14191,604462275
0x9bbc9286cdf6eefebf21df19bac71c6bdd7759d4,14190,604476465
0x03aa119cc70143f57b482afb96beb724609f52bf,14189,604490654
0x58ea969c48d5d12dad1210d8482af7f69d53f6fe,14183,604504837
0xc130200d94185dcc3ae6078b46ae30f4a8383c14,14176,604519013
0x2020fe9fa0f43fde44360aae03138c4b6ab35055,14167,604533180
0xd3b55ba131ce66c1f4299917e1347533ad16e06c,14162,604547342
0xe224dd1b4c9dea41f4150689be56a582ca7fc0a9,14162,604561504
0x50430b6201c9859c91a5590ac71700cc71499a0e,14157,604575661
0x86969d29f5fd327e1009ba66072be22db6017cc6,14150,604589811
0x44a41d8fec3877297edc40122f3de783861cd9af,14148,604603959
0x50ae0bc7e167c96b46f58063b2a7a27a26ad63bc,14147,604618106
0x630ee2dc299b611e0e63aad21cbec930a3615e33,14146,604632252
0xaa94ef681d71467a787ba9f70d5ab522889907c3,14140,604646392
0xaf4bc7927721ec88ac507889309f5f62a0c8c537,14136,604660528
0xf62ea825696c7d41a529e0e6567057b363909e17,14133,604674661
0x226f7b842e0f0120b7e194d05432b3fd14773a9d,14116,604688777
0xeb2da9fac54284cea731d1f10bb34eecb3c00c14,14111,604702888
0xfa415c918525501dd4ced89dc616fbb6cdc6b74c,14108,604716996
0x7cb319defd9a425c3af360a8a7b25e781ad666dc,14107,604731103
0x39602ca277853b4823773b22720423d75ff300ef,14102,604745205
0x48a36b6e80e4fdbc46d0bad3c309d9ff4d54052d,14100,604759305
0x1ded2d5bb13205833a7ad2c65e28c578a172b5ae,14100,604773405
0xd989a04ad891528b571ef73dacaefeb0402a65b3,14099,604787504
0xd99b6e04d6911f032d2e9139bd3309d2641dc706,14091,604801595
0x20bfe54dad0f3f938788e10bf68cc36d444a4210,14088,604815683
0xef88808d0fbb5c0c2c89f6d9b45eda53c0150993,14083,604829766
0xf7059e824245298c76b1357c1ff89ae543a24fa7,14082,604843848
0x6c7721037c97cd47642db666bf7a73c391e37961,14077,604857925
0xe66d8010a11612b0ffb435285e0ce4a6971904d7,14070,604871995
0x93a6efd1c4076b05526d6263aafd91942f75e4a4,14069,604886064
0x1f4215fe007ee5b170391241656a28a8bd13826e,14056,604900120
0xd8ee69652e4e4838f2531732a46d1f7f584f0b7f,14046,604914166
0xb944d13b2f4047fc7bd3f7013bcf01b115fb260d,14042,604928208
0xb2be281e8b11b47fec825973fc8bb95332022a54,14041,604942249
0xb57ed7c9a76d7050e30ca85a62fcdb61c24a2e47,14041,604956290
0x73968b9a57c6e53d41345fd57a6e6ae27d6cdb2f,14041,604970331
0x239ec890c0ae862aec500de5fd18515fb9ebf8d8,14034,604984365
0x7a30f7736e48d6599356464ba4c150d8da0302ff,14029,604998394
0x4de2573e27e648607b50e1cfff921a33e4a34405,14027,605012421
0xdda9bcd985b1169607546b52910a0269dff5baf1,14025,605026446
0xdc45529ac0fa3185f79a005e57def64f600c4e97,14011,605040457
0x9c0dc78196cccaf238607a1209e259a7dbdd2c30,14001,605054458
0x3aa5fa4fbf18d19548680a5f2bba061b18fed26b,13991,605068449
0xb6eb39c1bc2d2618bbdb539ac5fb796ea3ce59dc,13990,605082439
0x2a187453064356c898cae034eaed119e1663acb8,13987,605096426
0x3aca71c508e06dc6b2758dab6eb20f7654572fb7,13982,605110408
0xed0439eacf4c4965ae4613d77a5c2efe10e5f183,13980,605124388
0xbf9c19eba58f5b1156cadda12ca58f20cff9b699,13974,605138362
0xcc74cb21eba98fda21da9a75ef0c1fa26c9b03c4,13974,605152336
0xf43b43869dd95e53923b30a79902915c1faa47d3,13969,605166305
0xcbfef8fdd706cde6f208460f2bf39aa9c785f05d,13967,605180272
0xaeb29bdd2f71b625b86b1e6ba4f6c159641e1850,13965,605194237
0x763186eb8d4856d536ed4478302971214febc6a9,13951,605208188
0x7c40c393dc0f283f318791d746d894ddd3693572,13949,605222137
0x231916cb0ad5d50596e3f824e9df4a212c17dd01,13945,605236082
0x78774d1c3277b83459c730921bff11019017b233,13943,605250025
0xab752bd608848c435b42929eb86e600d8e259d56,13941,605263966
0x3839d8ba312751aa0248fed6a8bacb84308e20ed,13940,605277906
0x9652b6a35a516154cdf1ff31cb3af0d0534e8658,13938,605291844
0xfecc2d3f310bd35f937840b23500ec5fe5e9f39c,13923,605305767
0xf8a15b1540d5f9d002d9ccb7fd1f23e795c2859d,13910,605319677
0x9e976f211daea0d652912ab99b0dc21a7fd728e4,13903,605333580
0x6c228badcf181febf7f3b4a61f8e26086942a3db,13896,605347476
0x9af7c46a4ebdfb1e11b5f94196c288c885f37bcd,13894,605361370
0x594537c0f67731b653ba2169f41f2681fe6ec8e1,13894,605375264
0x8e68fb97b40f46c73551a0a225574745147620c3,13890,605389154
0xfe9a29ab92522d14fc65880d817214261d8479ae,13886,605403040
0xc66ea802717bfb9833400264dd12c2bceaa34a6d,13886,605416926
0x2aa0e7089836427e58eeab26cca41c83726e0873,13884,605430810
0xad7195e2f5e4f104cc2ed31cb719efd95b9eb490,13864,605444674
0xe8663a64a96169ff4d95b4299e7ae9a76b905b31,13860,605458534
0x436f0f3a982074c4a05084485d421466a994fe53,13859,605472393
0x35223bc965dbd91b41ddf1f540e8c7e475853551,13851,605486244
0x31274db8b609df99e5988ee527071643b5160fc3,13844,605500088
0xa783b02ce5853ad798b6fd0417c729cc462328df,13841,605513929
0x4058e3ca3c5cf99f97dd5cc445c9e7e7896e5d4f,13838,605527767
0x9d9c250311b65803c895cc77f878b8092019dedc,13836,605541603
0x3de6c747af232d898b5526ef99a53c342662e1c6,13836,605555439
0x6f6f1c02f145c3b82ac41a3417cf19b8c57a6f3b,13836,605569275
0x9f3c3c2405e99f8c76251ff160a5532f91507de4,13834,605583109
0xea1ea0972fa092dd463f2968f9bb51cc4c981d71,13830,605596939
0x70f0380924661a2143d4af2aafbffb762b3bceb0,13829,605610768
0x461032d0e327e946f4aab33b219f569eced35aa8,13829,605624597
0x9b9eac3edd2a9d08506eb7b0e8935742ef88c673,13826,605638423
0x56d1ae30c97288da4b58bc39f026091778e4e316,13817,605652240
0x34642a469e096138531e6396c50d2d416d0b47d7,13817,605666057
0x906b3f8b7845840188eab53c3f5ad348a787752f,13806,605679863
0x0f8190e82d388742e5963f277222f4115aa0c3fc,13804,605693667
0x4cba201dede34286143008d7d0ea6575769b5876,13802,605707469
0xf5b4f13bdbe12709bd3ea280ebf4b936e99b20f2,13801,605721270
0x9f195617fa8fbad9540c5d113a99a0a0172aaedc,13794,605735064
0x21e15dedf234d52bf911b505658c33397ac35fc2,13790,605748854
0x04423d360b5f2a65266a150ac109534c47830e66,13787,605762641
0xbebbff645d666445f39900f33201405e1cdaf130,13786,605776427
0x196cf719251579cbc850ded0e47e972b3d7810cd,13781,605790208
0x5fb1fe8d4405859fda90cc6f74d407d24e766fc4,13778,605803986
0x910cbd523d972eb0a6f4cae4618ad62622b39dbf,13774,605817760
0xb354bb7b7f9e528ccec735f5289ae0c09fe4e32e,13771,605831531
0x4c099acacc28cb046d351e891117e669484e270d,13770,605845301
0xfd2674132ccb1806ad6db9aac80326b135458b4a,13758,605859059
0x5dc02ea99285e17656b8350722694c35154db1e8,13758,605872817
0x44e4963f9012e7a7aeee05b7f2caae3419557aea,13753,605886570
0xc6003a33f7464d6e6c1dc17344a75a9952187541,13749,605900319
0x343e3a490c9251dc0eaa81da146ba6abe6c78b2d,13742,605914061
0x0228528581c01a303d59d8cf6b72bd5a5d219458,13736,605927797
0x2604fa406be957e542beb89e6754fcde6815e83f,13734,605941531
0x2fa0ac498d01632f959d3c18e38f4390b005e200,13732,605955263
0x50ee674689d75c0f88e8f83cfe8c4b69e8fd590d,13731,605968994
0x3a22df48d84957f907e67f4313e3d43179040d6e,13720,605982714
0xfc29b6e626b67776675fff55d5bc0452d042f434,13712,605996426
0xf84c61bb982041c030b8580d1634f00fffb89059,13706,606010132
0x4e4877eefa9bbf78b0a5ca2482cb8f558638db7b,13705,606023837
0x32a7b0b3f346bac40b65fa9850a4acb8900d15a3,13691,606037528
0xf5581dfefd8fb0e4aec526be659cfab1f8c781da,13691,606051219
0x839ea7b29be3075a463cab3b065a828d8c37cfaf,13689,606064908
0x7a19b5970f9e58d10a6aa31cd86ca1badfd76234,13687,606078595
0x59903993ae67bf48f10832e9be28935fee04d6f6,13677,606092272
0xa5cc679a3528956e8032df4f03756c077c1ee3f4,13663,606105935
0x587e276dc7f2c97d986e8adf9b82d3f14d6cd8d2,13656,606119591
0x8e2ccd1ae3b6e5e8f3071bb4aeb6fb79fe194803,13651,606133242
0x965f109d31ccb77005858defae0ebaf7b4381652,13646,606146888
0x10c621008b210c3a5d0385e458b48af05bf4ec88,13638,606160526
0x235c9e24d3fb2fafd58a2e49d454fdcd2dbf7ff1,13634,606174160
0xc55292b9c883a8abaf91f3620944e8c7606fc715,13633,606187793
0x3950932828b0d9106f6664a754cae9d2c7b2e20c,13633,606201426
0x29b16d836dded9942828965f382ea472d21f0639,13631,606215057
0x9b70740e708a083c6ff38df52297020f5dfaa5ee,13625,606228682
0x44f00918a540774b422a1a340b75e055ff816d83,13625,606242307
0x77c6e4a580c0dce4e5c7a17d0bc077188a83a059,13618,606255925
0x14c8b27e7331b0874fd87d21f862e46e11e3c4ed,13617,606269542
0x5eb87caa0105a63aa87a36c7bd2573bd13e84fae,13615,606283157
0xc3771d47e2ab5a519e2917e61e23078d0c05ed7f,13611,606296768
0x90e76c2c45599443339eca66bec2d05f20bb6f12,13607,606310375
0xdd037e770c4df544cf530e9072315a1855f1c929,13598,606323973
0x41db4382862256f37f370bbb6394d864582cde31,13593,606337566
0x1b7902a66f133d899130bf44d7d879da89913b2e,13587,606351153
0xe133d37264b0bc346409923840b4ea90821eeb30,13585,606364738
0xc1a21c2b4ef7bd457ee40ab6381f5431ce7f5cef,13576,606378314
0x093e5c256ff8b32c7f1377f4c20e331674c77f00,13575,606391889
0x000000000000a32dc5dd625c107898a1c72ad34a,13573,606405462
0x5a86568f9bbf7c31e30bf40f569762ca82ceb93c,13572,606419034
0x197e6bca6bc2f488ec760a6ce46b1399cd2954b0,13571,606432605
0xce13abce0db5a8224616ef24d3979d466f19cf90,13571,606446176
0xd2b93f66fd68c5572bfb8ebf45e2bd7968b38113,13566,606459742
0x178c820f862b14f316509ec36b13123da19a6054,13560,606473302
0x7c3d6e7de22329cbfdf31ade004b702ff8d5f61f,13559,606486861
0x906318370bbaf0659f65ed6b298e95e0a288c990,13558,606500419
0x245392ee7ce736ec6a0908b67dc5d0a218230005,13553,606513972
0x0c01089aedc45ab0f43467cceca6b4d3e4170bea,13549,606527521
0x09fe5f0236f0ea5d930197dce254d77b04128075,13549,606541070
0x15683faf449757214bf4e00ea66d36b1f548fae4,13543,606554613
0x14cc8dfaf2258e1b8b2869300dba1b734dc0fe43,13540,606568153
0x8f8e8b3c4de76a31971fe6a87297d8f703be8570,13538,606581691
0x34e9dd5975736a0c6df221d0e76dcf0d412014fa,13534,606595225
0x3b4f7cb9e60362a49dd04eb0091a374d340e3efd,13531,606608756
0x08252c02f49a93abb6929649c6bf45542fdcac7f,13529,606622285
0x491c05896ef656d7fee0fb90ce487315ff0ac14c,13525,606635810
0xf3dd9f512972b04923853d888bb92d3e16036215,13517,606649327
0xb6fc6e2385d55ccb83e297bd92e2bd89795b47a3,13514,606662841
0xa834150b855f7a1dd2ac1356059722dc2ac58393,13505,606676346
0x12778371a6aa58b1dd623c126e09cd28fc5b9b5c,13501,606689847
0xe09fb60e8d6e7e1cebbe821bd5c3fc67a40f86bf,13495,606703342
0x6544b1cd2d28c6c53b52a1ffb8e547740e426b33,13493,606716835
0x2b3dbe244b4e3b33d70e061e9581f59e3de2601d,13486,606730321
0xbb739d9db62bdd73efdf58135b7a79e41ba789f3,13485,606743806
0x41b6f68950dae15242c3b35bcc9ad6446fcf0849,13485,606757291
0xffffffff2ba8f66d4e51811c5190992176930278,13481,606770772
0x354a16be55329b65837dce830cfd71265da0f53c,13480,606784252
0xa8006c4ca56f24d6836727d106349320db7fef82,13472,606797724
0x86e4dc95c7fbdbf52e33d563bbdb00823894c287,13470,606811194
0xb39e9b7edf793611b615faa6e546ed68a23f7006,13469,606824663
0xae353daeed8dcc7a9a12027f7e070c0a50b7b6a4,13467,606838130
0x00a93616ea5d2c3fdef314b4607da88920a2fa53,13466,606851596
0x2cc5ef81006d70c6ad3eae4d46842b41d0716071,13451,606865047
0x94ffb55ce68231c5966ea8dab16a8f066846513f,13450,606878497
0xe1237aa7f535b0cc33fd973d66cbf830354d16c7,13442,606891939
0x528b165220a26565e00709cbaef7b88fc8600f81,13431,606905370
0xffc59fcb7732eecc436cb395d3bac77e1c1dee9c,13428,606918798
0x9a9bb9b4b11bf8eccff84b58a6ccccd4058a7f0d,13427,606932225
0xacd8f2523a4613eee78904354187c81bb05ae2b8,13417,606945642
0x9d3e0892d11f19f5181d4a4c5d04187a9e0d7032,13416,606959058
0x560827208eed0ec04254f523cd5373ec1b394683,13411,606972469
0xc4ef2b203ba462c7e52b8ff8c7115aafe96486d7,13409,606985878
0x0142c3b2fc51819b5af5dfc4aa52df9722790851,13408,606999286
0x2e2e0a28f6585e895dd646a363bae29b77b88a31,13406,607012692
0x7b6e5278a14d5318571d65aced036d09c998c707,13400,607026092
0xc28e860c9132d55a184f9af53fc85e90aa3a0153,13398,607039490
0x77fe30b2cf39245267c0a5084b66a560f1cf9e1f,13397,607052887
0x743dd3139c6b70f664ab4329b2cde646f0bac99a,13394,607066281
0x14d9779b6585f3a7d4f768383b3cb030705dad2e,13385,607079666
0x8f4d305a521a45b72b44cf96740f87a634e85143,13385,607093051
0xbf8be431aa8d8b2f58b6f0727c25a67b41beaaf8,13380,607106431
0x137cf4d658e3d6d3fb857da68182519d4ac8a778,13379,607119810
0xd53370acf66044910bb49cbcfe8f3cd020337f60,13377,607133187
0xb149d8c556d888785ad13adb67ed29dc64edcd71,13376,607146563
0x09ec3fc396a66da586b5e84e3fb1d6c5ee5f4077,13374,607159937
0x2fd61567c29e7adb4ca17e60e1f4a3fcfe68acb8,13369,607173306
0x2ba94c2fbb89e3b631629f38ebf1d888c1825ab3,13366,607186672
0x86812da3a623ab9606976078588b80c315e55fa3,13365,607200037
0xeb9a4b185816c354db92db09cc3b50be60b901b6,13357,607213394
0xb5fe099475d3030dde498c3bb6f3854f762a48ad,13347,607226741
0xd08bd5110b58396d435665de74a43a06b0136b10,13331,607240072
0xb8797a4ba7402d8a9ab62c4a12ef8846f1ea9a80,13328,607253400
0x01d94785885429d99237dea9cafb7142bed02301,13327,607266727
0x530ffe811ce9d7c0f31f94772890f4d5df08f8d7,13326,607280053
0xd5af981340461507b4b31b141d674c330ca80cef,13323,607293376
0x4aac461c86abfa71e9d00d9a2cde8d74e4e1aeea,13315,607306691
0xabc1280a0187a2020cc675437aed400185f86db6,13315,607320006
0x444434a0487483a66da58b9cb20716b5efd83b88,13311,607333317
0x52e0e21a45d0140b73929439b87652f50001c24c,13309,607346626
0x8ff4ff42f07cba81748f7c6969f2750da2c6f7db,13306,607359932
0x7db711fbe4bace5052f4ca19f700413a06e1f732,13302,607373234
0x30680ac0a8a993088223925265fd7a76beb87e7f,13301,607386535
0x3d6f0dea3ac3c607b3998e6ce14b6350721752d9,13300,607399835
0xc834fa996fa3bec7aad3693af486ae53d8aa8b50,13288,607413123
0x18b4633d6e39870f398597f3c1ba8c4a41294966,13286,607426409
0x9002d4485b7594e3e850f0a206713b305113f69e,13285,607439694
0x217fdc3f4f5061bf75a0c1c8515c8330926277da,13273,607452967
0x6d5fe1342745230063be26117abb4612d9876ba5,13272,607466239
0x8d4e110963259b554517123c8f06b5c6bb83092b,13267,607479506
0xfbeea1c75e4c4465cb2fccc9c6d6afe984558e20,13264,607492770
0x3eb55d5b22ee0f9b03d59b4994c5ae7fe811be92,13264,607506034
0xe23f250670a8151819d0d72710cb2f9d55761bb3,13263,607519297
0xdecd5780a9d50a96f34ce7e9e636903f6f3b47f5,13259,607532556
0xf6317dd9b04097a9e7b016cd23dcaa7cfe19d9c6,13257,607545813
0xe12da5c5b2f8686f923627ebdeef7bffed72270b,13249,607559062
0x4f92e20942d3fa3b5f55a5f29d89649540ace61a,13247,607572309
0xd71eef0b84e3afe44ecec65111368f3d06b4adba,13245,607585554
0x5f6e7fb7fe92ea7822472bb0e8f1be60d6a4ea50,13245,607598799
0x7afebbb46fdb47ed17b22ed075cde2447694fb9e,13244,607612043
0x38405fa410c6eba342f9eb5ac66b2aaf6498c8e9,13241,607625284
0xd1517663883e2acc154178fb194e80e8bbc29730,13240,607638524
0xcd097b8dd0505aed5ed3f6a02416b0fb9e19fc59,13234,607651758
0x4c717a5fa94adce745dbdd1c485c0666d2656444,13225,607664983
0x5972b6cf589f67b362a529433c012185fbae8cfc,13217,607678200
0x07eb8cb8aedb581a2d73cc29f6c7860226808ca2,13207,607691407
0x60f49f520c586acba787f21d2a3eca5c9c156634,13198,607704605
0x277f0a69e13c0b59cc882b82cb67074fa64df7e7,13193,607717798
0x4dbb96021962fbd3f755babdd1ca4d0f5064d848,13190,607730988
0x2a185c995373a766979e645d0912d30e27aa56f6,13188,607744176
0x106aa49295b525fcf959aa75ec3f7dcbf5352f1c,13187,607757363
0x9355372396e3f6daf13359b7b607a3374cc638e0,13187,607770550
0xd9efb77fd4041a28f0108eb8726de2505817c6d1,13181,607783731
0xeffa01394c5dae0fa718fc3489a28c24ec6ba064,13178,607796909
0x0b84edecb764299ca228e75bbcadd6ebfee91d4e,13177,607810086
0xa1afffe3f4d611d252010e3eaf6f4d77088b0cd7,13175,607823261
0x4aab940327d5ff76f23fef6c84086b735753bb22,13168,607836429
0x93b75b773e9848ef98e59ced3e263b25b2329765,13168,607849597
0x0abefb7611cb3a01ea3fad85f33c3c934f8e2cf4,13168,607862765
0xe12e5b46be75efa04b5ebd3fa5935fb6ee6d32c7,13165,607875930
0xb13b6001c18a59442390914e694edb70d56c759b,13162,607889092
0xc75506deae7c01f47bcd330b324226ce9ba78e30,13162,607902254
0xaa6ebab3bf3ce561305bd53e4bd3b3945920b176,13161,607915415
0xe0f30cb149faadc7247e953746be9bbbb6b5751f,13155,607928570
0x1aa61c196e76805fcbe394ea00e4ffced24fc469,13151,607941721
0x746dda2ea243400d5a63e0700f190ab79f06489e,13149,607954870
0x595f2a9f5f4db2f858ea56abe5e2b3516f3233a9,13141,607968011
0x9f041bd63644f3727537a190c132a20966c3770c,13136,607981147
0xfbe0e9846bd736b84a0a973322ad2a1fc8d7e5ca,13129,607994276
0xf5ed2dc77f0d1ea7f106ecbd1850e406adc41b51,13128,608007404
0x9ed8e7c9604790f7ec589f99b94361d8aab64e5e,13125,608020529
0xcbbe432d9f844e5548e9053af0348e3779259fd1,13124,608033653
0x27702a26126e0b3702af63ee09ac4d1a084ef628,13123,608046776
0x9652c22a64f89ba104a957c7ffb8508fc8b21a7b,13121,608059897
0x8f7b0b40e27e357540f90f187d90ce06366ac5a5,13121,608073018
0xc35b238546a6b02b2d2bd996ecdae322f9f8120b,13119,608086137
0x8ac16c08105de55a02e2b7462b1eec6085fa4d86,13117,608099254
0x4591fd0c3160cdbfef4caf804df3e45da23af56a,13116,608112370
0xd4973b9a96e1030ed260781e36544756249045ce,13111,608125481
0x439d6bf9506fb86e4ba620be4971b04525da57c5,13105,608138586
0x1063ce524265d5a3a624f4914acd573dd89ce988,13095,608151681
0x1a0c31837edb132a9312841b9527e6307db13509,13081,608164762
0x97875355ef55ae35613029df8b1c8cf8f89c9066,13078,608177840
0x813b428af3920226e059b68a62e4c04933d4ea7a,13076,608190916
0x0099fe4ba54d6f91e7c3da9fc1c70b5c9c440516,13075,608203991
0x3bed1970904e2eb472b634e99f608c7f53a7ff45,13075,608217066
0xf3fa62dd25504a7b05300a1ddd56a22a100fd4df,13074,608230140
0x0eecd57117656f51380ab71b3b5d9c32a857f6ef,13073,608243213
0x67ffb615eaeb8aa88ff37cca6a32e322286a42bb,13063,608256276
0xf0dd29cc19521993e9d1ad8c601c76b630801288,13063,608269339
0xf9bb55b6a14acd32066182f0f5f0296073f5d054,13057,608282396
0xd5e2a54fef5f9e4a6b21ec646bbed7a160a00f18,13052,608295448
0xbbd5600fc39f4a98707a1b64c4ce0d28190be0a2,13052,608308500
0xf458d809a116f0025c80c004bf6ef1643138bb49,13050,608321550
0x6c72582241de57e6fd501a99d85c650924039a50,13048,608334598
0x0e22734e078d6e399bcee40a549db591c4ea46cb,13048,608347646
0xe36ffb2d081064f62d5e21b8734bff2841413d14,13048,608360694
0x2c82c73d5b34aa015989462b2948cd616a37641f,13043,608373737
0xb893c8d223ec8fb644724984fcc97b6beab30ab1,13040,608386777
0x0e5632feb2c2619dba9c7e2dc5a7ed3fd14969da,13037,608399814
0xfef5497bc53a69875e02ae5b14eeff668f09a729,13034,608412848
0xf7623a0a44045b907d81aad8479aa3c4a818211d,13031,608425879
0xef9cd7882c067686691b6ff49e650b43afbbcc6b,13029,608438908
0xd4b6cd147ad8a0d5376b6fdba85fe8128c6f0686,13029,608451937
0x06dd71dab27c1a3e0b172d53735f00bf1a66eb79,13028,608464965
0x44509b653788fba0ecd37c0b0ebc9475a5792328,13027,608477992
0x44f588aeeb8c44471439d1270b3603c66a9262f1,13025,608491017
0x1d6364000dcae6c800aff1a7086a2cd7c56f88c1,13023,608504040
0xae506bb28ed79b29c6968ab527d1efdc5f399331,13017,608517057
0x7d0086c55020dad880d1648ae82e73d9cd35c888,13016,608530073
0xb0280743b44bf7db4b6be482b2ba7b75e5da096c,13016,608543089
0x5fd3e66dcc3915d24b9e6fc57720dc2835714ced,13015,608556104
0x107b8c8a12f24f6bfec6ab480b4c843291e1575e,13011,608569115
0xf29e46887ffae92f1ff87dfe39713875da541373,13003,608582118
0x80963fb4bb2f3b2a6589f64f897bfb492afed944,13002,608595120
0xd321ca7cd7a233483b8cd5a11a89e9337e70df84,13002,608608122
0x8e087c6924d3f4f3e50d692699f73fef39683d88,12999,608621121
0x9123077acafb3d743c68418304b2a11566cc1175,12989,608634110
0xb6232969a6c1f995c802b8ed84265e4f7f92076d,12986,608647096
0x3328f5f2cecaf00a2443082b657cedeaf70bfaef,12975,608660071
0x16032949b715ddf66bcb6b6de80fb4809ed7edf6,12970,608673041
0x90335e6f8cf5b4b3cc28217b6b2ece290439e492,12964,608686005
0x70872019d755762700951f70057eed26992455f3,12961,608698966
0xbd6a40bb904aea5a49c59050b5395f7484a4203d,12951,608711917
0xb547cc51ce58293e6945ba08d664ce051563d9ac,12949,608724866
0xfebdac76c4bcd7b0b18f10dc275780434bd0352a,12949,608737815
0x3d860be2ae9fffc89e92f58cc60a5304e9b57a79,12947,608750762
0xb6ecc1c41720bdb6ca1d6d84435c1c479d6dd89b,12946,608763708
0xce5114d7fa8361f0c088ee26fa3a5446c4a1f50b,12938,608776646
0xc95b41df94f3890122b2bcef9005afde17773db2,12935,608789581
0x64e65d352f6a2949463b3a7595911b61bbafc63e,12922,608802503
0xf9c402ac9aa43857e2fbf541ca1d38291d412e3d,12914,608815417
0x25377ddb16c79c93b0cbf46809c8de8765f03fcd,12911,608828328
0xb7fc894f2b6764e114362d303e491709a85c01c2,12907,608841235
0x084b1c3c81545d370f3634392de611caabff8148,12897,608854132
0x416935c684686877e3931fe8d766cafc5b398ebf,12889,608867021
0xd22f95bd4158a0d7fc7e992623abe90d0c1921b5,12886,608879907
0xff5979877bb6550fa69f839a7977c9270ec442bb,12875,608892782
0x17f8afb63dfcdcc90ebe6e84f060cc306a98257d,12863,608905645
0x947938339bf61c84669e303bc39c794d65a525d0,12861,608918506
0x97e989fd773745f7e1678c2004057f1378591a71,12859,608931365
0x064bd8fc3acbfba6eb8105c02786659a2da8cf76,12853,608944218
0xb60524d00de642355eb7992184788fa151e862f8,12850,608957068
0x97390a8fa25b2e69a34d50d289e7c0eb87b1c5c8,12842,608969910
0x0869ebc27c07e9b46aaf45b3fb09751376aab07d,12834,608982744
0xaa4bc3506c0c54575a6b31f1497fc06a6e0ccbf5,12833,608995577
0xaa1ae5e57dc05981d83ec7fca0b3c7ee2565b7d6,12833,609008410
0x075b1bb99792c9e1041ba13afef80c91a1e70fb3,12830,609021240
0x75efc1111f98f2d5dcec9851c8abc77cd5e6ced8,12814,609034054
0xfdadf566a7f85f0720b1a7b722454bbf0100cd8c,12811,609046865
0x0ee60e3edd8e04dce059ab52363eb1936f6fbc95,12811,609059676
0x07bac35846e5ed502aa91adf6a9e7aa210f2dcbe,12795,609072471
0x62a116b9ffe7338bee13c87e69552de9cc67627d,12792,609085263
0x3d374d549f78503f3252fa18cc02237da008c9f7,12792,609098055
0x6f7a4bac3315b5082f793161a22e26666d22717f,12788,609110843
0xbded3f7537e75d6c38c036a3a788a549afde12b1,12786,609123629
0xdf2eebaa127019dc84d0725efd84b77616276d99,12786,609136415
0x3c72fca8523686fd9e5740b0826fa4bb376e0241,12775,609149190
0x03806ce5ef69bd9780edfb04c29da1f23db96294,12773,609161963
0x2fab0358c249b47193b45e9d63959dad6ee5fcd0,12760,609174723
0xf45e406067798d2df7913704edcc2ac8d07f3d9e,12756,609187479
0xc28e27870558cf22add83540d2126da2e4b464c2,12755,609200234
0x509aa773b159fed212d07fe5e3ddd7c82db8c68b,12754,609212988
0x3a5950389794237ed5506b7fdc9f67dca10b5580,12750,609225738
0x8c3dffab3cc45fb09410dedfc23446dab0a4b3b6,12744,609238482
0x5f742383b6d1298980030d6af943b76cdd902143,12741,609251223
0x91654eaf7828e7e05d2847aa27405d9925c3dc0d,12736,609263959
0x998ffe1e43facffb941dc337dd0468d52ba5b48a,12732,609276691
0xc0bdde1c8ba0c7b76fac811ae76e6878ae4a4d9f,12728,609289419
0x852354d423082715fc4ac3cd77872184c28a92ad,12717,609302136
0x5e601cf5ef284bcd12decbda189479413284e1d2,12713,609314849
0x47ba0689fbd72936749b007d18dfb75d34bf241b,12711,609327560
0xc970a8950c2f2411db6be1f9957e3d9c0ccc757a,12711,609340271
0xe9bdb4219706914441178bc8357e8551b53d8cbf,12711,609352982
0xbfde6246df72d3ca86419628cac46a9d2b60393c,12709,609365691
0x6b0359f95796327475ad4f12ae4e1047c3a67fa3,12706,609378397
0xb236e2477b8ed34b203b60e2b88884ee5b31a3c3,12704,609391101
0x7f288ff5a8055f5f6103a80dd806cf8415e035c7,12703,609403804
0xa7e0719a65128b2f6cdbc86096753ff7d5962106,12702,609416506
0xe81c65a55d60021c8bd0dc269ed2732780b5d238,12697,609429203
0xcac00d55c89a2baaf37768e548d9c7ccd9fb8786,12695,609441898
0xb6ca7399b4f9ca56fc27cbff44f4d2e4eef1fc81,12694,609454592
0x27c1ba4f85b8dc1c150157816623a6ce80b7f187,12694,609467286
0x963aea9c72e031a1df2cc4ecbc84cd49a807cca0,12691,609479977
0xb538e7cba6244e9fe33d0a34b12ae325fc7074cf,12689,609492666
0x3d2611440e92ce6be5f59aba7d1abfb5514dd919,12689,609505355
0x8055d0504666e2b6942beb8d6014c964658ca591,12688,609518043
0x85eba557c06c348395fd49e35d860f58a4f7c95a,12678,609530721
0x5c1fc813d9c1b5ebb93889b3d63ba24984ca44b7,12674,609543395
0x05e7039c7afd77157845d9a4f1750b8ca93ec378,12674,609556069
0x3d382228c54736d831fac2748f4734d9177c7332,12670,609568739
0xd2946be786f35c3cc402c29b323647abda799071,12658,609581397
0x674c6ad92fd080e4004b2312b45f796a192d27a0,12657,609594054
0x3807500f2ea8424238534212cb4711129d3ad059,12653,609606707
0xf4e446ca0082cd5492399775728255d9934454ec,12650,609619357
0xca000100c0f2b20056d9d8a3a30094002f007a97,12650,609632007
0xa44d9f50b0decb13713fc5f0df44b4eb5fb300ca,12641,609644648
0x990cd466bc4875fc0a87741372a716cc7fe21125,12635,609657283
0xa0cf46eb152656c7090e769916eb44a138aaa406,12633,609669916
0x6bcb5ca7fb6ce73c5c0085b204dc4d6f959a8f11,12625,609682541
0x812b40c2ca7fabbac756475593fc8b1c313434fa,12621,609695162
0xbbd227e805b90b8fe8f4c01a3f4e48bdae0599af,12619,609707781
0xb672df1ae59855a5a3456ae46eca1b34b6c65956,12618,609720399
0x029606e5ec44cad1346d6a1273a53b971fa93ad6,12617,609733016
0x1c9491865a1de77c5b6e19d2e6a5f1d7a6f2b25f,12616,609745632
0x7f4b395c5508cf8263a62a7daf0227a503390032,12615,609758247
0x24dcc881e7dd730546834452f21872d5cb4b5293,12612,609770859
0xde697ac56b1bd9c0987c08911020f2341e274813,12608,609783467
0x3643ed7a06ebdd39aa18f8bb2f357afeebafd62b,12604,609796071
0x2a398bba1236890fb6e9698a698a393bb8ee8674,12603,609808674
0x0a9a88059c8d54af3d466020af987e98d4024219,12602,609821276
0xf261fa1a1f649f9045fddc157a503d5a832c0897,12599,609833875
0x568f9f32969e29b5ce1a4545be5398e8cc7c4401,12588,609846463
0x65250a56077527fd34975e8edf319bb372eca406,12583,609859046
0x682abadc25ebe6c95a6054cc56ae1ec8c46a8c37,12576,609871622
0xc2a2f4acdcef1127cc191e6bd3cc6d3aab4e2c49,12571,609884193
0xb35f89160d1dc47b6eac1986d7821505c327ae09,12567,609896760
0x0f7f8ca2c9b617b4dabb1a16c3e2dc5d83faf907,12567,609909327
0xf45b778e53d858c79bf4dfbdd5c1bfdb426bb891,12565,609921892
0x2e8a97c62cc644adcd108b9bebcb9b32c9c58a1c,12565,609934457
0x3a5cc8689d1b0cef2c317bc5c0ad6ce88b27d597,12560,609947017
0xe5cafdf7cc3c74a33fa0e829680b1760f3003fb4,12555,609959572
0xc78593c17482ea5de44fdd84896ffd903972878e,12550,609972122
0x6bb1538a39120d6ecf6295cace8376c1d6c334cf,12546,609984668
0xd2898a920f77ac32b379d1b09fc6d17ad8f2207d,12543,609997211
0x0000002c2155eb1aaa8809e93f88873ddcf40c55,12543,610009754
0xe3774af455602c5a0eacc1b0f93e3ce0f65236ce,12535,610022289
0x3319a45b176583d78bbf273bd9a360e0f931e3a6,12534,610034823
0x77598616174a411ae9a1e197640903faab9ac1ae,12532,610047355
0x2a3956fdced9a0f9ace46426e5cfaa0f1939247d,12528,610059883
0x68a3637ba6e75c0f66b61a42639c4e9fcd3d4824,12520,610072403
0xffcd3404852afb1420540c8465433f832727bdd7,12515,610084918
0x038a68ff68c393373ec894015816e33ad41bd564,12514,610097432
0x592cb3999d84e061e5e66724c167a4cb8f117ee2,12512,610109944
0x20d47c867fb2311a00b94f66d11ec1845e5d8488,12511,610122455
0xf80d589b3dbe130c270a69f1a69d050f268786df,12508,610134963
0x3375ee30428b2a71c428afa5e89e427905f95f7e,12508,610147471
0xd006fa2869e71d04fcc5625a210b85b71d646679,12503,610159974
0x965cc3eaeb50fbe7397a47ed54a01b7a9cd600a9,12501,610172475
0x304d69727dd28ad6e1aa2c01db301db556c7b725,12498,610184973
0x8538e5910c6f80419cd3170c26073ff238048c9e,12489,610197462
0x28dee01d53fed0edf5f6e310bf8ef9311513ae40,12486,610209948
0xc636f3cccbae084071cd65c5cb19665a44230147,12474,610222422
0xe1c0b6b42f9e51b3b9fa41296589d4076a282664,12464,610234886
0x31ddd688d6cda430aad84142b2cd8c019d88094d,12461,610247347
0x98945bc69a554f8b129b09ac8afdc2cc2431c48e,12442,610259789
0x1ad606adde97c0c28bd6ac85554176bc55783c01,12439,610272228
0x2167fb82309cf76513e83b25123f8b0559d6b48f,12436,610284664
0x261638ec8ee8100484130ebd2febfdadc0d8742a,12435,610297099
0xef8cf79c21637fc6f951bcac348915508a639a41,12433,610309532
0x2e98a6804e4b6c832ed0ca876a943abd3400b224,12424,610321956
0x7327f3791f77a7e59ade86f18d005d8c6bfdd082,12423,610334379
0x3a1bda28adb5b0a812a7cf10a1950c920f79bcd3,12421,610346800
0x6d220395e741d1c068e9349eee3ffac780fc88c8,12421,610359221
0x17e67d1cb4e349b9ca4bc3e17c7df2a397a7bb64,12413,610371634
0x68a3f74c58fcce5dab312b2dfcceaffcca953057,12411,610384045
0x28152e02be1e8af3bec836d434798aec1143d7ee,12406,610396451
0xd9c7e5b218818cb8ffa4fc5966c5ea5d99c30e1a,12405,610408856
0x3c9d954a5e9fff8a3b9495094adee9b5c2233e5c,12395,610421251
0x39422f5065cf7968242747bc19e812b6ae98b50f,12395,610433646
0x880f820900363c01d103d4c46773216a1a65f5d1,12394,610446040
0x412c003380e08921be3ee7ee5830d3a00dd7e589,12388,610458428
0x803a4239218d3bf52f36e897e22a2ceab2d7898d,12387,610470815
0x0e709654f7076a650ea5e3632ee6813a219623bf,12381,610483196
0xf453ac18fa17b9ec9a76fbf219ba9fe4612edd0a,12380,610495576
0x001575786dfa7b9d9d1324ec308785738f80a951,12375,610507951
0x16980b3b4a3f9d89e33311b5aa8f80303e5ca4f8,12373,610520324
0xebd9d99a3982d547c5bb4db7e3b1f9f14b67eb83,12371,610532695
0xacae2ae5d3f89d421a5fd3e607331315fba738ab,12369,610545064
0x75b82e97f182240ee5f0e406a047f2ef7e9b27dd,12366,610557430
0x4243a8413a77eb559c6f8eaffa63f46019056d08,12364,610569794
0xa5b07e7c8974f1437389717e76213de2360e5bee,12361,610582155
0xe642b6f79041c60d8447679b3a499f18d8b03b81,12353,610594508
0x70861e862e1ac0c96f853c8231826e469ead37b1,12353,610606861
0xcca0c9c383076649604ee31b20248bc04fdf61ca,12353,610619214
0xd10cbb3ca3ac21da64009dd394b3f3125243b67d,12349,610631563
0x7a173fbb00c036b291d4db78ef62d99577e65ea9,12347,610643910
0x8888887c5ede327afbeb15019598aaa3b4fae759,12344,610656254
0x5df18a3c0572b8591084a2c78711be7e3aa711ab,12342,610668596
0x784e6df1490ee2b49a293405e443e2f72279cb25,12335,610680931
0x47ce0c6ed5b0ce3d3a51fdb1c52dc66a7c3c2936,12324,610693255
0x12b2b2331a72d375c453c160b2c8a7010eea510a,12323,610705578
0x9dce896ddc20ba883600176678cbee2b8ba188a9,12318,610717896
0xc36f33a94d371ef4dfbeae8d50d3520ac02a41de,12318,610730214
0x0000000000009480cded7b47d438e73edf0f67e5,12316,610742530
0x5cf501e64786444e025c5b24025f98399538ea5d,12313,610754843
0xc4a1c45d5546029fd57128483ae65b56124bfa6a,12309,610767152
0xedd7c94fd7b4971b916d15067bc454b9e1bad980,12308,610779460
0x0f612a09ead55bb81b6534e80ed5a21bf0a27b16,12308,610791768
0x8751f0e537afad8e9963ee99831a5f40b50c0beb,12300,610804068
0xfa0318b65ab2967aac38c954df01ac91c0777c9e,12296,610816364
0xeb72f169016fec42b63ae5e87207f0fb274408c7,12296,610828660
0xb9d791600de864727b6865cc907a655effe52421,12290,610840950
0x81d387219627833452f3d615a76b2eaa71383a5b,12290,610853240
0xfe2786d7d1ccab8b015f6ef7392f67d778f8d8d7,12280,610865520
0xb874429f870d7ad80a60210c3051249050260a8c,12277,610877797
0x17ac4cc32696987cea1737343188716b1d827e7b,12277,610890074
0xc4a21f9a38b813b2c8e3f2e01c8d7547a99ed2b7,12275,610902349
0x86fe3c20379ac71ebbf8c0499b41fd2b457e4e9e,12272,610914621
0x99b411f8d8f7d8a72d65dda1c551c59328ecc4c6,12269,610926890
0x5554e04e76533e1d14c52f05beef6c9d329e1e30,12269,610939159
0xcc50953a743b9ce382f423e37b07efa6f9d9b000,12266,610951425
0xebb060f9d0029082a04f78d84b9fb9d3d26f9a93,12264,610963689
0xefcbc7ddbdb7204db12cccb13b7866d96836a81f,12259,610975948
0xf3fafb50340ccedab2123c26befa9ae7de0a732d,12251,610988199
0x4e3bddd468abfc6c88bc25daa5d894380ced5bc8,12246,611000445
0x01b23286ff60a543ec29366ae8d6b6274ca20541,12242,611012687
0x0601ec5350b48fe2c3f421ea42915d16df108d27,12237,611024924
0x07e4120dd7411a49e091a20fa0be33a183c35d60,12234,611037158
0xb98660a7784c494f34ec6ee343499e2d2c47b128,12230,611049388
0x17e8ca1b4798b97602895f63206afcd1fc90ca5f,12224,611061612
0xab37e1358b639fd877f015027bb62d3ddaa7557e,12223,611073835
0x3146392934da3ae09447cd7fe4061d8aa96b50ae,12221,611086056
0x1bdf56c9593590122fd8750555d8148da2b80be8,12221,611098277
0xb73404280697080da0116cfac0e577fafdf44b37,12220,611110497
0xd4078bdb652610ad5383a747d130cbe905911102,12215,611122712
0x4d953cf077c0c95ba090226e59a18fcf97db44ec,12212,611134924
0xf2d8073c3d9fecf2b08127e6c6ad6f11bd855c0c,12203,611147127
0x0db8d8b76bc361bacbb72e2c491e06085a97ab31,12201,611159328
0x98da3b3da368a23693eb609d5ce2d779896a31b5,12201,611171529
0x621d78f2ef2fd937bfca696cabaf9a779f59b3ed,12197,611183726
0x4d2f5cfba55ae412221182d8475bc85799a5644b,12194,611195920
0x611ce695290729805e138c9c14dbddf132e76de3,12182,611208102
0xea642206310400cda4c1c5b8e7945314aa96b8a7,12176,611220278
0xe0a22d8f528048ea7dc39fd660d2ac1f1c959569,12170,611232448
0x521a0d4917b1dec2c21b4807a3dd41c5325aa637,12168,611244616
0xc5e9ddebb09cd64dfacab4011a0d5cedaf7c9bdb,12167,611256783
0x956ff273d0ab5cceeba832bfcf0f342f61c71388,12160,611268943
0x8642a849d0dcb7a15a974794668adcfbe4794b56,12158,611281101
0x7dc4f41294697a7903c4027f6ac528c5d14cd7eb,12156,611293257
0x225e5e680358fae78216a9c0a17793c2d2a85fc2,12155,611305412
0xeb6985acd6d0cbff60b88032b0b29ac1d9d66a1b,12150,611317562
0xfe61de59069bc1e29ccd6fcfe957743362f2cf54,12146,611329708
0xa1e4608ff6b4b9324c6472eee2efebd20a20bbe8,12136,611341844
0x7b01f2e680eeb3c7aac02eb3e47bb5ea9a555e12,12135,611353979
0x0371a82e4a9d0a4312f3ee2ac9c6958512891372,12129,611366108
0x954b5de09a55e59755acbda29e1eb74a45d30175,12127,611378235
0x5faa9973f2cea12cbb02e40b56161bf5a9c0f321,12123,611390358
0xa5f8fc0921880cb7342368bd128eb8050442b1a1,12118,611402476
0x825130aa1beef07bdf4f389705321816d05b0d0f,12117,611414593
0x484201b46cdcc415c829b71ebc51d9565ce3649a,12110,611426703
0x3fef5a74bcd2b8d2d44885b144df7f9d149b4b45,12110,611438813
0x3b62f3820e0b035cc4ad602dece6d796bc325325,12109,611450922
0xec3a15e24651627a564b3be2e55eebd52a619391,12106,611463028
0x17167d3e70840521452a159d57edb8bed0b79a4c,12106,611475134
0xaa6bf83784570ce6e114aec683b6b23ca30cf763,12100,611487234
0x4b72f6e460e3bde04eeb5062bb73414cad9eee1c,12098,611499332
0x8a40c222996f9f3431f63bf80244c36822060f12,12096,611511428
0x7bef710a5759d197ec0bf621c3df802c2d60d848,12088,611523516
0x2ecb13a8c458c379c4d9a7259e202de03c8f3d19,12087,611535603
0xfa0454af6544d9f2cf9551e8948b0a6c0341cf46,12086,611547689
0x2028dc99599c91292ac96be5669ad333fe9279ed,12086,611559775
0xa96dbfd3ef810dd8d13c330a3881e7e9c2aeb6dd,12084,611571859
0x25c8ca98fe9d59ceef5e0175abae40d4caa60af9,12081,611583940
0x6cec5414831a6070b6f71b301c2cd6f5d3f71e36,12077,611596017
0xe5ad7d1f7309e50ed624ae11a6f2dd233d6a621b,12074,611608091
0xa031bcf69cad620deb1129c574af64ba125cd631,12072,611620163
0x83d60e7aed59c6829fb251229061a55f35432c4d,12061,611632224
0x75f615c49c1a79cfb0dbc489ada3f5545af17584,12050,611644274
0x7234c500895b825b40e46ca01824a18fa3662493,12046,611656320
0x3a8b67c0d153d1f8f931e610c5c79a7ee51bde3f,12045,611668365
0xdf4703c56d1497a33c3fe75c2ee4ba02515778e9,12041,611680406
0x12b19d3e2ccc14da04fae33e63652ce469b3f2fd,12035,611692441
0xaa7427d8f17d87a28f5e1ba3adbb270badbe1011,12029,611704470
0xfc047dd076ce776f0154bb72dfc4a7a2aca00fff,12028,611716498
0x059edd72cd353df5106d2b9cc5ab83a52287ac3a,12025,611728523
0x2a99f048cfb176f889bc8972267a6e8c1e907616,12024,611740547
0x805ea54bdf2db9481cc8a019d9517e939c637115,12010,611752557
0x4fc7e3249a149c0bf729863f49cd2ff468f2412f,12010,611764567
0x9570ec7ab05d61877ff7eb180f837c7c079c4844,12008,611776575
0x955bbbb41b6fce89ad3cde8f74f964e99036bd52,12006,611788581
0x162c91e864d37055f7d5696b845f3af520cd911d,12006,611800587
0xe9763c6c1a3ce3450cfeeb1eb3f40f8071d70fd6,12005,611812592
0x79c2f339f86d24253a0c6a395108ed6341473a04,12004,611824596
0x4d58b1e8007078ecc6eaf6df7527b64e46831d23,11999,611836595
0x13d0bf45e5f319fa0b58900807049f23cae7c40d,11989,611848584
0x5a84969bb663fb64f6d015dcf9f622aedc796750,11985,611860569
0x77f973fcaf871459aa58cd81881ce453759281bc,11983,611872552
0x80353044b382e8642a423069585ba13d98a42c59,11980,611884532
0x5100276ff4561d05a502527de00e9515129e3cfe,11969,611896501
0xc005204856ee7035a13d8d7cdbbdc13027afff90,11969,611908470
0x8c863333c2e92f02e01f7a3c6d131e4d59f78990,11969,611920439
0xd4e26b4e8e9881e8905315aba189b694f2307757,11966,611932405
0x38d69fe2e44e66ead5f86419221ec242dce8b538,11964,611944369
0x6d6506e6f438ede269877a0a720026559110b7d5,11963,611956332
0x00000000e8b06d9bf77ba40fc89e4eaa4f225e5c,11962,611968294
0xc5556cc5e27d3ce9db3ab89e08d29af050954a63,11956,611980250
0x2ff99437f01dbc064426aafe21769de93de74ec6,11946,611992196
0xe075cecac8f3505f782c6e214e72ec8a1bd8d284,11943,612004139
0xfa456cf55250a839088b27ee32a424d7dacb54ff,11937,612016076
0xfc3dd0b1808ed23ab7f1657264dd6c9d0cb38782,11935,612028011
0x0f90ef4e2526e3d1791862574f9fb26a0f39ec86,11927,612039938
0xeae08961bf8bfe92879b1455c96893e313c8d858,11925,612051863
0xbb2b8038a1640196fbe3e38816f3e67cba72d940,11925,612063788
0xdae1baf249964bc4b6ac98c3122f0e3e785fd279,11925,612075713
0x7cf0de9a39c467fac683f033866f1b5d99e88960,11917,612087630
0xc44b2b7fdfd63e437975246eae4f65641572ba2a,11913,612099543
0x88acdd2a6425c3faae4bc9650fd7e27e0bebb7ab,11909,612111452
0x0000001c810f358363780ce3e8a656dd9c787472,11908,612123360
0x4f9fbb3f1e99b56e0fe2892e623ed36a76fc605d,11908,612135268
0x09ac8d5ae2d4910c3c7f2478573068de9912f457,11906,612147174
0x6b74fb4e4b3b177b8e95ba9fa4c3a3121d22fbfb,11899,612159073
0xe9778e69a961e64d3cdbb34cf6778281d34667c2,11899,612170972
0xe49dfa7494ee469ebe7ae5e363f28f1c8fac25e9,11896,612182868
0xf293d23bf2cdc05411ca0eddd588eb1977e8dcd4,11886,612194754
0x6aedbf8dff31437220df351950ba2a3362168d1b,11879,612206633
0x1c95b093d6c236d3ef7c796fe33f9cc6b8606714,11878,612218511
0x51fb3da8a67861361281ac56fe2ad8c3b4539ffa,11878,612230389
0xe64509f0bf07ce2d29a7ef19a8a9bc065477c1b4,11874,612242263
0xc8de8fef2a0fed84acdd31370320f03fe84e2a2a,11874,612254137
0x15353f4826c570c68977947c349f7a658905b294,11867,612266004
0xfe5055b7bf1ef2b0e62772708f177d2654b3de3e,11860,612277864
0x6b0d7b8357bb851de9f1953199c39c7bc4675796,11858,612289722
0xba34e436c9383aa8fa1e3659d2807ae040592498,11858,612301580
0xbf52f2ab39e26e0951d2a02b49b7702abe30406a,11857,612313437
0x93314827393cc16f1b0f1cf4172f1cfc79897b28,11854,612325291
0xeea8cd2150b0438555b515f0bdd1ded0d84eab8c,11849,612337140
0xb97b5dd6fd79614ec0c6bc96a3660800e53405fc,11849,612348989
0x04e9b27dc521158035764e96917813093bc2f748,11849,612360838
0x17c090f9a17e4e5a8ceb23bbe7e7e28e3c4ca196,11847,612372685
0xc3e3a97f622736b0eda8e0ed9f5d772b334ff543,11846,612384531
0x3c337fa1bf8725f59f73db6db719c792c5e8ae74,11843,612396374
0xceca64909127918c80c7c76b503de7306d63eca7,11841,612408215
0xe8a51be86ad96447d45ddeddc55013f25157688c,11839,612420054
0xc0cf5b82ae2352303b2ea02c3be88e23f2594171,11836,612431890
0x792e0fc822ac6ff5531e46425f13540f1f68a7a8,11829,612443719
0xa7d81c86f9934b56dd00fa826c319330d628d31f,11828,612455547
0xda3cd7eeed7dc8a0bc76968a9ae67d318d1634b8,11827,612467374
0x12ca5b0ed6fca74bc0e2e4511e3f8d73020a567b,11825,612479199
0x5b6b41444893ad81a304b2cac2f1fca16beaccbc,11824,612491023
0x1f35a281036be57e64e7e7a2a556b4f888a1b829,11824,612502847
0x4209f9bbb4e4dd48dbd84701fcaaab1d492b5a05,11822,612514669
0x78b039921e84e726eb72e7b1212bb35504c645ca,11819,612526488
0x722b035cdaf0daf521ead7bc3496029a280e6249,11818,612538306
0xc8ccc82aa66193f8ab957859198f086e0e29d02d,11818,612550124
0xfa55951f84bfbe2e6f95aa74b58cc7047f9f0644,11810,612561934
0x043c308bb8a5ae96d0093444be7f56459f1340b1,11809,612573743
0x32666b64e9fd0f44916e1378efb2cfa3b3b96e80,11807,612585550
0x468b2a17860f63032954162d9c3e160eedd6c70c,11805,612597355
0x67a8c7edadd6827056f489abdff85fb5a4b2182c,11802,612609157
0x8e483b016cb4ba8a0dc17c2ece61a16e480712e1,11797,612620954
0x7e789e2dd1340971de0a9bca35b14ac0939aa330,11793,612632747
0x5bd574410f3a2da202babba1609330db02ad64c2,11792,612644539
0xfb8b07ae2486cd3480a7cc8e8875e118ed3343e7,11790,612656329
0xee8bd1502c3e9f6c543781467c01592ac51cfbb8,11789,612668118
0xaaff21ac2aa892dbca01d8543db87725e097b78c,11784,612679902
0x91e64f39c1fe14492e8fdf5a8b0f305bd218c8a1,11780,612691682
0xa2297f52deb556fc73db26a6b45e71ce38f12238,11779,612703461
0x80eb692dbe46ea68fa9bb1c7bfd2201a101873fa,11779,612715240
0x8d80de8a78198396329dfa769ad54d24bf90e7aa,11777,612727017
0xf911a7ec46a2c6fa49193212fe4a2a9b95851c27,11773,612738790
0x850aab69f0e0171a9a49db8be3e71351c8247df4,11771,612750561
0xece83617db208ad255ad4f45daf81e25137535bb,11767,612762328
0x7046b8988d591b46c1e4562a1166745f24167a17,11765,612774093
0xef6d51c4bb5e197bc2005fe49ba475bda5a302c6,11762,612785855
0x3c03b4ec9477809072ff9cc9292c9b25d4a8e6c6,11760,612797615
0xb6c08a28a90691efd6fc832bcbc39ae1e5431b80,11758,612809373
0x3be6e7bf2cd8e1a0a95597e72ca6d3709bbeff76,11757,612821130
0x3a1237d38d0fb94513f85d61679cad7f38507242,11752,612832882
0xad41548fa92921597da3ae783a330396b47cba3c,11751,612844633
0x1194e966965418c7d73a42cceeb254d875860356,11746,612856379
0x95583a6f7aaaa56c48b27413d070219e22844435,11746,612868125
0xb96f547da042737c95d7f9397cd86068d0a817a8,11741,612879866
0x056ac97cd9dee69660964278d6c689135e9780bc,11738,612891604
0x78b5d0b202529a1edb00d042523e7dde0bcab3e6,11735,612903339
0x39e743fee400a5d9b36f1167b70c10e8f06440e5,11729,612915068
0x9cf178df8ddb65b9ea7d4c2f5d1610eb82927230,11726,612926794
0x139d9397274bb9e2c29a9aa8aa0b5874d30d62e3,11726,612938520
0xa8c7f56c90b20afaae9f7a006ca2df1dfba56279,11723,612950243
0xf7cb015141feb3814acd5f685fbfe879326bcadc,11723,612961966
0xc5f98f729b9e44c91d184d9107ef5f71fccae6ec,11718,612973684
0x9569d4cd7ac5b010da5697e952efb1ec0efb0d0a,11714,612985398
0xc6581ce3a005e2801c1e0903281bbd318ec5b5c2,11714,612997112
0x1f2c10105e843e209b46170bae098c3813a3302b,11713,613008825
0xac040aa49e4a4dc5d3895c524b8c0552c4468956,11707,613020532
0xfcba3e75865d2d561be8d220616520c171f12851,11704,613032236
0x58c69ed6cd6887c0225d1fccecc055127843c69b,11693,613043929
0xd39f16bd03a506410d66bbbf6dccbb08f445197e,11692,613055621
0x416f5d09865c31125b0094334e3e385cd52d3522,11692,613067313
0xcbd49182346421d3b410b04aeb1789346da6ce43,11686,613078999
0xf791daf0100b0a052239b63ba25d9d02f8cf0b00,11684,613090683
0x3810a4ddf41e586fa0dba1463a7951b748cecfca,11679,613102362
0xbcb3786ae1fa7ab6ce1cc8efbbffa5857fa5dd59,11679,613114041
0xad49f43618884de87b578cc998e59440411ae28a,11678,613125719
0xfac7bea255a6990f749363002136af6556b31e04,11676,613137395
0x3c9d6c1c73b31c837832c72e04d3152f051fc1a9,11675,613149070
0x056dd20b01799e9c1952c7c9a5ff4409a6110085,11675,613160745
0x6c3f90f043a72fa612cbac8115ee7e52bde6e490,11674,613172419
0x64a9edd3f5fce0252cd708e26c8dd11205742826,11672,613184091
0x39246c4f3f6592c974ebc44f80ba6dc69b817c71,11670,613195761
0xb883f2c91b89e8d3f7eabbb42eca51ce1e99afc1,11665,613207426
0xdc5864ede28bd4405aa04d93e05a0531797d9d59,11663,613219089
0x427fe59b5a3f7131a93ca92ced8395a13496061b,11660,613230749
0xb9c6782f875f92670342dd5e1ff1a57b41588ce2,11654,613242403
0xae17f4f5ca32f77ea8e3786db7c0b2fe877ac176,11653,613254056
0x576097fa17e1f702bb9167f0f08f2ea0898a3ea5,11642,613265698
0xb7e77aebbe0687d2eff24cc90c41a3b6ea74bdab,11629,613277327
0xd26386adbe8a58a0f8d6382a89d41c22245eaeff,11616,613288943
0x95c9bd1f81cee7391da3eac81693e60f3292c1e0,11611,613300554
0x30b71d015f60e2f959743038ce0aaec9b4c1ea44,11604,613312158
0x26eb39228eb4bb98c84ad821bb51464121b2276d,11603,613323761
0x3155ba85d5f96b2d030a4966af206230e46849cb,11603,613335364
0x7ea8dc2b2b00b596d077b68f5c891e03797a5eb2,11602,613346966
0x72955ecff76e48f2c8abcce11d54e5734d6f3657,11600,613358566
0xdf44a80c17813789f60090638827aeb23698b122,11596,613370162
0x36cf2f75027faea6829345d478d32230791212d9,11586,613381748
0x9720b467a710382a232a32f540bdced7d662a10b,11586,613393334
0xbcf1c036980b419c89f0e38cc797abe68e12791f,11583,613404917
0x4f4f0ef7978737ce928bff395529161b44e27ad9,11578,613416495
0x01ed05b94d71c34e69d4bd226749d4e2a73fb167,11578,613428073
0xc5516ab4614f33328131da27ecba516a396178b4,11571,613439644
0xa3296436f6e85a7e8bfc485e64f05e35c9047c92,11570,613451214
0xc51218a624584cad04716d689593b798741e4acb,11567,613462781
0xd3c00772b24d997a812249ca637a921e81357701,11565,613474346
0x974cc9975bf6b1e2554a8cfa59186e47b0d6f3b2,11561,613485907
0x658b958c6c40ed853f75dd67b764c6ab1d396018,11560,613497467
0x0eee3715d385ecefc6afd9fbf30ddee725be3de1,11556,613509023
0xf94e44d8ea46ccd8451d7e15264c6c4a78d3e10f,11551,613520574
0xcdc7faa3a06733d50d4bf86b5c7cd9460c35691e,11548,613532122
0xde201daec04ba73166d9917fdf08e1728e270f06,11547,613543669
0xdc05a13f89006d8a5bac0810b6f735699b010f92,11546,613555215
0xbad7a99557f80eb6c99993f91778863b35cb564e,11545,613566760
0xba7a6156ff985a119b5a0b35b20abef5300a55e9,11544,613578304
0x0f922917b06a38955d5a22d5b451e8d71f09eff7,11540,613589844
0x6b6220677b93e8fc9dc3ffe582e481b7a56c79a9,11538,613601382
0x9e46a38f5daabe8683e10793b06749eef7d733d1,11538,613612920
0x329ba208bb709e3ef0425df176dbbff513b67da1,11535,613624455
0x914f79f4fdffe98a68b10b8327f7a571fa36405d,11533,613635988
0x0e935e976a47342a4aee5e32ecf2e7b59195e82f,11529,613647517
0x4b04633ee658d83a24a91e3a1b244221800d89b4,11528,613659045
0xe1144e3cfda7a6d40ae60a968c1edc8ad54aca70,11525,613670570
0x31f3f9946fc49ce2983b9892313e864330d62a0f,11509,613682079
0x5327cf8b4127e81013d706330043e8bf5673f50d,11503,613693582
0x66017d22b0f8556afdd19fc67041899eb65a21bb,11502,613705084
0x49bd2da75b1f7af1e4dfd6b1125fecde59dbec58,11497,613716581
0x9df3a24d738ae98dea766cd89c3aef16583a4daf,11496,613728077
0x85562c67ce4c4cad70ebc63693264fde4d1d6d97,11496,613739573
0xe61fdaf474fac07063f2234fb9e60c1163cfa850,11494,613751067
0xee9156c93ebb836513968f92b4a67721f3cea08a,11490,613762557
0x500565e098d98a273224ec8fb33d98dc8946f8b9,11489,613774046
0x38b78904a6b44f63eb81d98937fc6614870cfbb9,11488,613785534
0xa31a1f15f94a5bb3012cae593c2c15217e9e21a4,11488,613797022
0xb7c2e4047fb76508d4137be787daf28b013f00e6,11485,613808507
0xb679afd97bcbc7448c1b327795c3ef226b39f0e9,11484,613819991
0x74874d2becbbdcdd59c31f2a344873ce782ba354,11479,613831470
0x5fc6de61258e63706543bb57619b99cc0e5a5a1f,11468,613842938
0xe0d5ef9dbd7147e2d133aa8cb6d6c53778228e4f,11468,613854406
0x4716ca6701f585ddb228a660e1683b8dc6eb4783,11466,613865872
0xc691bc298a304d591ad9b352c7a8d216de9f2ced,11466,613877338
0x37ca19f8d7c5b7ba854c3ea678a9ee27bb05d72b,11462,613888800
0x22c34f64ebf2acdf8fe614284b91bf554eaaf9aa,11459,613900259
0x5aee1922f69ba5d51c2fe0b5d68f184069f7f85b,11459,613911718
0x5378a8bfe52592fcf436dfbe3cd389c494706c5f,11458,613923176
0xaf0e27602eaa73fdf4849806d75bdfc77fb95217,11457,613934633
0xae77a0e1ff5079a3c1626c062bc55684c44e6812,11454,613946087
0x22e3c3a3bda39c897a48257bc822e7466f171729,11451,613957538
0x6b40d317bc1de4b0938519ac707ae36464f49171,11445,613968983
0x7449fe237fc0873481230380af32a73910ad2afd,11444,613980427
0x908e7871dc7c6e3045e41f68bac48ff999830d76,11441,613991868
0x85089389c14bd9c77fc2b8f0c3d1dc3363bf06ef,11434,614003302
0x54c9ea2e9c9e8ed865db4a4ce6711c2a0d5063ba,11424,614014726
0xd7cddd45629934c2f6ed3b63217bd8085d7c14a8,11422,614026148
0x9884d4e9b305ad015168e9d6e4400582dce2cd59,11422,614037570
0x58eb922f60ae3d7a8b9f6ccbe7ae4f05431f998c,11421,614048991
0x540cd105d463f281ee6ce55dbce3f29481face90,11418,614060409
0x6378930da9be7c90d824d7f113974741644d62da,11414,614071823
0x868845f1dc7ccc15bce50d7c90e1e644971cfe10,11412,614083235
0xb6faff0afbfd57218021ae137260e2ec5a2e6587,11410,614094645
0x8f3d6447a647ecf3c185ecbb165d2e6c41fad547,11406,614106051
0x34094acd5d62f0b9a17aeabf3c6992677ed5484b,11406,614117457
0x42dec4a0882756497db9843a556a55dcd70b1995,11406,614128863
0xde7f89c3d1261f07589fa52fea19bc1b14dfc919,11403,614140266
0xf3ae5d769e153ef72b4e3591ac004e89f48107a1,11399,614151665
0x547656bb58b18ad11e2641b95d0a33cc4b4f8a63,11387,614163052
0x6368e1e18c4c419ddfc608a0bed1ccb87b9250fc,11385,614174437
0x2fa32a39fc1c399e0cc7b2935868f5165de7ce97,11381,614185818
0xc7ed43acdd8b737159ae9b03f54baaeb6fc23d42,11375,614197193
0xfa330d901dad0943e8a82e61e29944f7bfd90044,11375,614208568
0xb04239b53806ab31141e6cd47c63fb3480cac908,11373,614219941
0x4f3afec4e5a3f2a6a1a411def7d7dfe50ee057bf,11352,614231293
0x5c0d928a3d86766e6c2ca7378abe76e7b2ff1028,11351,614242644
0x1d963688fe2209a98db35c67a041524822cf04ff,11351,614253995
0x33bb55835499b4013686e39de293ee4d832bbca4,11348,614265343
0x722a0a673dcaefb6aa62e1670faed8f214db31f6,11347,614276690
0x381beac50b9a5ea06a320a72592f7460c49a2b48,11346,614288036
0x959e104e1a4db6317fa58f8295f586e1a978c297,11344,614299380
0x79b6c6f8634ea477ed725ec23b7b6fcb41f00e58,11337,614310717
0xd9d4a7ca154fe137c808f7eedbe24b639b7af5a6,11336,614322053
0x85bb8a852c29d8f100cb97ecdf4589086d1be2dd,11329,614333382
0xb6dba64619f3a70bdd4ffde2e1f5281a0009f041,11328,614344710
0xdc350d09f71c48c5d22fbe2741e4d6a03970e192,11323,614356033
0x339d4ecc2530270038a1a34a465be9d97d46b671,11321,614367354
0x7a6425c9b3f5521bfa5d71df710a2fb80508319b,11320,614378674
0x2544ece889e8defe27c3653dd035d250892fbbbb,11319,614389993
0x468ab3b1f63a1c14b361bc367c3cc92277588da1,11317,614401310
0x5ab55ec290beacae98f54c3eb70860460b167c3c,11314,614412624
0x76e95d97c10ada1e3459a5780add55c225bd98cc,11314,614423938
0x18752717f429daa1ea58eb41505c23fa2e483d4d,11308,614435246
0x853d955acef822db058eb8505911ed77f175b99e,11308,614446554
0x594d640fa1f8c7d342b25139b21c65cdf7e3d038,11303,614457857
0xb1e9157c2fdcc5a856c8da8b2d89b6c32b3c1229,11300,614469157
0x383681981c7ab28a582d5627fad1990fd5e27225,11298,614480455
0xdc97c8a2aeb281af14a755d8f6b0c6bd7debbdf7,11297,614491752
0x198cb860bf0cbe4fdd2e19d2ba43aa46fc8a83c0,11290,614503042
0x449574c69f3a658794829ed81639a7a9ece041e1,11287,614514329
0x1afafc35b364595f06e89a0429c5762452eb7ffd,11284,614525613
0xd0d6d6c5fe4a677d343cc433536bb717bae167dd,11279,614536892
0x2565ae0385659badcada1031db704442e1b69982,11278,614548170
0x4e005a760e00e17c4912a8070eec047cfecbabbb,11275,614559445
0xc57d533c50bc22247d49a368880fb49a1caa39f7,11275,614570720
0x22e00665ac0b8d2d8b187ed40b3fdb27fe4a03ae,11274,614581994
0x1a30911af26692c475f94bf5ae1f8f2e9db0fa3e,11274,614593268
0x02f2d4a04e6e01ace88bd2cd632875543b2ef577,11272,614604540
0x589d284f9524c2b4d5715a16a212abde0066896b,11271,614615811
0x642ae7eb0215e6459c5420a874452d723cde5acf,11266,614627077
0xa79828df1850e8a3a3064576f380d90aecdd3359,11264,614638341
0xaaac8434217575643b2d2ab6f12ce8600c625520,11260,614649601
0xa04ebf9bf9994ec776b6e8621b8ac75e32767dcd,11259,614660860
0x2155877da05c52368b830bfd56e96405a2668d8b,11258,614672118
0x014b50466590340d41307cc54dcee990c8d58aa8,11254,614683372
0x3f9c0211e9ddfccabd614162ffb768f5a7a8ab38,11252,614694624
0x9c1ab130c3e95f892bec10b8cd493151ab599a55,11250,614705874
0x187ee78717dc609b461fe945f40180f52f57141e,11249,614717123
0x0d6ae2a429df13e44a07cd2969e085e4833f64a0,11245,614728368
0xe3278df3eb2085ba9b6899812a99a10f9ca5e0df,11244,614739612
0xb59490ab09a0f526cc7305822ac65f2ab12f9723,11241,614750853
0x94bb8ffbd1631041ceadc27bf0da9b4b0353f141,11238,614762091
0xbae226690d7dce1da1823f0bf811529b8229134a,11236,614773327
0x6d245d5985d5cc8c33d6f647e49646d7255767cb,11233,614784560
0x358ccb76e25500783a0b0ac79940de07e886facc,11231,614795791
0x93065b5c7eb63333b8e57a73012d25f687895785,11227,614807018
0x09695a6dff47b0053ef9553fee49d2d833afa68b,11225,614818243
0x5357f0ce55419568e711062e042af23ac31d7f01,11223,614829466
0xf5e39300ab38d19b777d507a2a52f86e0c0c51b0,11220,614840686
0x3a8ebba3cd401f96e0f36d43ccde96b65a85ed83,11220,614851906
0x193408ca0576b73156ed42a2ea7d6fd3f6507162,11217,614863123
0x502a6988d1d363147d5d7be1f7d801a0c67f8624,11216,614874339
0x61245b6a6678f3158a37ab2c5e52369b9f452318,11214,614885553
0xe225aca29524bb65fd82c79a9602f3b4f9c6fe3f,11209,614896762
0xf9208661ffe1607d96cf386b84b2be621620097c,11209,614907971
0xf7e6e3b96bd7e5b94b6ee284c54e84910c556c0d,11205,614919176
0x96e322f2a4f151cd898f86ea5626cc6e10090c76,11203,614930379
0xb7458eddbb126d82ef563d1b9bfacfd30c67291d,11203,614941582
0xf0d54349addcf704f77ae15b96510dea15cb7952,11203,614952785
0x24da016c06941ec2c92be28e0a2b2e679f0d1dc7,11201,614963986
0xce958ecf2c752c74973e89674faa30404b15a498,11198,614975184
0x1a0a6b57bf28c09090b3fb8110737f5a2793e1c7,11188,614986372
0x07eefa3789a3298bf62f0427f07bcd1127322424,11183,614997555
0xb3bd49e28f8f832b8d1e246106991e546c323502,11182,615008737
0x0000e9ef000000a15f1f02c1008d21eb66001534,11171,615019908
0xc0e4f45b828aa4aa628e897e5da38d9dc72c2257,11169,615031077
0xcb04fbb44bb2aa0e3d402d0bde2de60b2de028af,11164,615042241
0xd120f23438ac0edbba2c4c072739387aaa70277a,11160,615053401
0xf099d510d2389a6b662aa03c95a2017c38138803,11160,615064561
0xb9846a7d15d188263f99f2da6d1fdab2febdb0a2,11159,615075720
0x63b992e6246d88f07fc35a056d2c365e6d441a3d,11154,615086874
0xe4cfe9eaa8cdb0942a80b7bc68fd8ab0f6d44903,11151,615098025
0xb0dd7c86b9fb49a5a2377111d9b5eedef2f99880,11151,615109176
0xcdd6e4a8af49493ed5984d57e5e5c292feb9596d,11150,615120326
0xcfabfe37648e6c58e608eba8f24d3ee099db119b,11150,615131476
0xe65f525ec48c7e95654b9824ecc358454ea9185e,11143,615142619
0xc3eb2622190c57429aac3901808994443b64b466,11138,615153757
0xe4cc5a22b39ffb0a56d67f94f9300db20d786a5f,11133,615164890
0xeb61a78f06fc606d82892a38ea581c2bb7f82570,11133,615176023
0x5d0d76787d9d564061dd23f8209f804a3b8ad2f2,11122,615187145
0x175789024955c56b06a618806fc13df71d08a377,11121,615198266
0x78f810fd0f4dc5247061732f65500c0a6fd5d422,11119,615209385
0x1d5ddce45843e57bca60623378ee317eb5eb1188,11115,615220500
0x7d4c2d55aa3b3b03b1104b2b3b25067e2ed09d14,11113,615231613
0x59c24b4903676cbbb3a8f1077ef0029e6419cef2,11109,615242722
0xf7ed56c1ac4d038e367a987258b86fc883b960a1,11109,615253831
0x27599f0b45008dad28899e8e278ab191673c9179,11108,615264939
0x30e5ced3aa9148036116baf816fec8363691a5e8,11101,615276040
0x68f8b2e7b1a5841724e614758a56ade0482f077e,11094,615287134
0x9b4f651de0a264834a69d87e29c9d9ed854dfdcd,11093,615298227
0xd37dcb0334e74fd42000ec6195d34e70eeffc46a,11092,615309319
0xba2eac592746fc7427247b591507dac51c51a500,11089,615320408
0x52a7cb918c11a16958be40cba7e31e32a499a465,11081,615331489
0x484eca64c063643d315b598f20ab45b8e91cc2db,11076,615342565
0x33ce22b642ec0ce05b69e252c68373237e2bacbd,11070,615353635
0x308e688e3b391e6eb04bf912a77458cb5375c1a3,11069,615364704
0x93b7fa538913201066a262c03179c342262a7c76,11068,615375772
0x00377d6c82df8f63163ff828760b2a5d935734cf,11067,615386839
0xbeedb437a796dfebf77d16b96f9cdd35918ed8c1,11065,615397904
0x7404c78fc91908ee47b349224ed7715dfa40c4ba,11064,615408968
0x06a7689149cf04dacfde555d1e1ead7dd7370316,11059,615420027
0x13791a28814a31a703ad1ab724d768b3e030252c,11057,615431084
0xeef8bf4482a43bbab92868ae7dad36548ce5d596,11052,615442136
0x5f5df24a47cf9354dcc444c69eb4c9bae85eff23,11050,615453186
0x0eeb66edff8ccfd85c2181eff81d8275a3b92b8b,11047,615464233
0x28f2e8822b6eb1bba8f1c8ab8df970d813b677d4,11036,615475269
0x347a29ea126a746c70e1ead570fddf438e66231a,11032,615486301
0x2f6bfbbb5d9cd374574aa552dc6942c01d330c75,11030,615497331
0x371f0b1ac423dcae85407eb5f3526fa2bf183516,11029,615508360
0x77df79539083dcd4a8898dba296d899afef20067,11024,615519384
0xfffb414778a0287fc1afa9c0b51f19f6ef7b5061,11021,615530405
0x43b384b0defcae73ffbcd8b4719a2a242f4bba8a,11019,615541424
0x6beb418fc6e1958204ac8baddcf109b8e9694966,11016,615552440
0x482cf6a9d6b23452c81d4d0f0f139c1414963f89,11014,615563454
0x16270789778039739c942dec9be7705f9259d9e3,11005,615574459
0x3fb2f18065926ddb33e7571475c509541d15da0e,11003,615585462
0x29f20242051accda50d52a7e272a5f23237e4696,11001,615596463
0x5b25c197e6fbdcb331dc55609c20ecbfca5c8bca,10995,615607458
0xabc2f5c89d8b2238e370759f9408fb9058c5726a,10994,615618452
0x29d31eb86dd7cabb2d00f6a62eecfa1cf6e33135,10993,615629445
0x582a079e8083eb38735f6fa8ed5d93e3c5e873fc,10991,615640436
0xb7d67fe0aa7e4b932f5a98ae953702ff3a4c319c,10989,615651425
0xaf9d89438ee121bf963fce9b48de3d54bfb2d2c8,10986,615662411
0x682ee07211fe3a21f5d8cfa5ce75258192b58ab8,10986,615673397
0x860dd1ac5085e62fc0b75024917b13e1230df1fb,10981,615684378
0x2711847ffe2a0dd128197c3a6fe193fad1995ef3,10979,615695357
0x1daddad71146cd1d9b6d487166789127f15fa757,10978,615706335
0x9816c3f639f5dfdc8832ffca75499b312d1f0c54,10974,615717309
0x41875c2332b0877cdfaa699b641402b7d4642c32,10973,615728282
0xafc39788c51f0c1ff7b55317f3e70299e521fff6,10958,615739240
0x55ec8383ec68db343de2ba25cb453f5869fc84e5,10954,615750194
0xcc9016b05e97e3003ded2557c4116578db091696,10947,615761141
0x226159d592e2b063810a10ebf6dcbada94ed68b8,10946,615772087
0x54c467cbbf879f6173b21335d70392628d66ef38,10946,615783033
0xfdd369d28168d4ea5eb83f098542a140002feaaa,10946,615793979
0x12a48ac71c7e53785712a782c0e77d1f0c1398c9,10939,615804918
0xee22430595ae400a30ffba37883363fbf293e24e,10937,615815855
0x31e2abf378fcc64902a958d79cdea44250c62cc1,10929,615826784
0x57c09a8de0b0f471f8567609777addffb5c46a08,10928,615837712
0xe6be436df1ff96956dfe0b2b77fab84ede30236f,10925,615848637
0x9e15ad979919bb4db331bfe864475ae3bffeba93,10924,615859561
0xb4cebdb66b3a5183fd4764a25cad1fc109535016,10923,615870484
0x89303500a7abfb178b274fd89f2469c264951e1f,10921,615881405
0x1adb7eb4b485057dc007f36a59ae64295859d2e3,10914,615892319
0x8cc3e2bdc17682c622eb789eda23fbd6988c84da,10914,615903233
0x956ecd6a9a9a0d84e8eb4e6baac09329e202e55e,10912,615914145
0x6009a344c7f993b16eba2c673fefd2e07f9be5fd,10909,615925054
0x03042482d64577a7bdb282260e2ea4c8a89c064b,10908,615935962
0x9ede87077078aee6eaaa96cbee47726a85c7c161,10908,615946870
0xa0febbd88651ccca6180beefb88e3b4cf85da5be,10905,615957775
0x90d702f071d2af33032943137ad0ab4280705817,10905,615968680
0x454b9f249bc1492ee995793bbc3e57b830f1a5e9,10900,615979580
0x9135d92e3a34e2a94e4474b74b9dc2d51118eed5,10899,615990479
0x4e646a576917a6a47d5b0896c3e207693870869d,10894,616001373
0x35ffd6e268610e764ff6944d07760d0efe5e40e5,10893,616012266
0x80dbaed5042920ca9157055b958c650411e73676,10890,616023156
0xd043f70ff0634167db1149b15e5668f5be52d72c,10886,616034042
0x7654cefb707c26d013039d389127d597ca7c382b,10885,616044927
0x7de2d123042994737105802d2abd0a10a7bde276,10879,616055806
0x73353801921417f465377c8d898c6f4c0270282c,10879,616066685
0x88faac1678c864d080d592bc15d1cdadf01d7129,10876,616077561
0x90c88ccd74e57e016acae8ad1eaa12ecf4c06f33,10875,616088436
0x1a4743cf1af4c289351390a2b3fe7c13d2f7c235,10871,616099307
0x873224aca7ecb10811807b2899211b209b56a867,10867,616110174
0x13c1542a468319688b89e323fe9a3be3a90ebb27,10867,616121041
0xcfbf70e33d5163e25b0dad73955c1bd9e8cd8ba2,10861,616131902
0xe346a9fa3414645d4ac383d47705b8f663a37b58,10860,616142762
0x1da015ea4ad2d3e5586e54b9fb0682ca3ca8a17a,10859,616153621
0x23b75bc7aaf28e2d6628c3f424b3882f8f072a3c,10854,616164475
0x077d52b047735976dfda76fef74d4d988ac25196,10851,616175326
0xed00a2cba066714999ec703350e0a5b6b7ab66cb,10849,616186175
0x3074b8dd4304cb873fa41950af50cfc599c83d73,10846,616197021
0x6ddca767d731f57d90a516dd751f2aa9282b37d2,10841,616207862
0x5e342e9d0ebb3861863a6aae1840f39a023b98e9,10840,616218702
0x0000a1c00009a619684135b824ba02f7fbf3a572,10838,616229540
0x14dffd4f515d4c43493c6c512c78fbc59a8af254,10835,616240375
0xdb9daa0a50b33e4fe9d0ac16a1df1d335f96595e,10830,616251205
0xc7e0a0fe134da4cd65bbdbe333a03e86a925e202,10827,616262032
0xa66daa57432024023db65477ba87d4e7f5f95213,10825,616272857
0xdf141842cc2c46ad578bb099cfca17a95b948f4c,10824,616283681
0x19dcc8aa4d5acf0465f5219a9a520ce5b9da5f64,10823,616294504
0xc45ba8f03ac63e4505ac5eed4985fb4e5e94383a,10820,616305324
0x2df4031060e27faec80e66380d31b142b7bbfa61,10817,616316141
0x483bdfedc4cac6f12a53cd284386e494c7aeee85,10817,616326958
0xf42908911da1ab0a981155ae0df7ff6e7e4ed001,10814,616337772
0x078ac4a40179bc2ed75a742675c8ba37891c3a3b,10807,616348579
0x7045c87eb8e63b68c5256c6648f7605f5c20b6e0,10804,616359383
0x94298f1e0ab2dfad6eeffb1426846a3c29d98090,10803,616370186
0xbfcf63294ad7105dea65aa58f8ae5be2d9d0952a,10800,616380986
0xebfa6bae9144f3de1aceaf576ce881ac978eae1e,10798,616391784
0x844796bf5abe9d860ce01dd987074640ec57a56e,10793,616402577
0x84654be796dad370032391d5479f8f1fd9ddd14e,10793,616413370
0xffe8196bc259e8dedc544d935786aa4709ec3e64,10791,616424161
0x7001e748d4f4f05e2e8398478da3aee6e60530cc,10787,616434948
0x1f557eebbf082e73acca1367608a1c50990c15db,10778,616445726
0xdbf3bf0c3ff7d43769d5150daa90f0014a0e2c4c,10777,616456503
0x90cc5df88b471e554aa63a18e2370f582709f1be,10775,616467278
0x351bac612b50e87b46e4b10a282f632d41397de2,10774,616478052
0xffe04344f48e7ca2ee5e25bf557ac88b1b769cb3,10770,616488822
0x929cf614c917944dd278bc2134714eaa4121bc6a,10770,616499592
0xedd4941d09bb0fafd230100c86ffbbd7907b6fed,10767,616510359
0x1cf4592ebffd730c7dc92c1bdffdfc3b9efcf29a,10765,616521124
0x20d37e84ad91436b0f4380d29c2bc192aa05920b,10758,616531882
0x1cbb83ebcd552d5ebf8131ef8c9cd9d9bab342bc,10757,616542639
0x5f5f8a9c9775499b783171ac1979b4327ab60447,10757,616553396
0x9b7fcaebe9a69eceeab72142ed35a238775d179a,10756,616564152
0x755eb14d2feff2939eb3026f5cad9d03775b9ff4,10753,616574905
0xd62056babb2afa9709a0163c39d946c18aad4221,10750,616585655
0x47663541167ece0b96d9e5c60f9e470b2a20f598,10749,616596404
0x8c211128f8d232935afd80543e442f894a4355b7,10745,616607149
0xd48df82a6371a9e0083fbfc0df3af641b8e21e44,10743,616617892
0x6ba6f2207e343923ba692e5cae646fb0f566db8d,10742,616628634
0x0835ecd15ddf08d4786304d71b4672dc5c40f011,10740,616639374
0x1f1297c81d0f48087f7323d939e4ecd9782e0c62,10734,616650108
0x2315fb26a6ccca4a1f19ebca48ff4e43204e9aad,10729,616660837
0xcff2d6bf21e6835a144ef668809adec4b4e9c395,10723,616671560
0xbbf2a949b8b0560560f249d7f0fd5ce3a5991447,10722,616682282
0x54e5fd5f3163709e0601a8ee09cf698f7019c9ae,10719,616693001
0xfdf3046b244d617617844cf6117e175697d8a11b,10717,616703718
0xecde0842e309c4b2d15c074512404207335f3096,10714,616714432
0x0c28bf52d0d4d9447e86d7e7f0e317f273d3c9a3,10703,616725135
0x98976a6dfaaf97b16a4bb06035cc84be12e79110,10698,616735833
0xd8b7c1e952cb3b4ba3ab993096bb8c6be26a17a0,10697,616746530
0xf938424f7210f31df2aee3011291b658f872e91e,10692,616757222
0x81b2bfb861a45e7e9534eed776fe8d80af2c6597,10692,616767914
0xe8c65be49e76adbdef289b12ee648e6c5fa117a2,10692,616778606
0xd76b5c2a23ef78368d8e34288b5b65d616b746ae,10690,616789296
0x2109f78b46a789125598f5ad2b7f243751c2934d,10689,616799985
0xa249f0e9a464b9685f66992f41e1012388e39e81,10687,616810672
0x7fe2153de0006d76c85cc04c8ea10bf4546c879e,10685,616821357
0xf2bb016e8c9c8975654dcd62f318323a8a79d48e,10684,616832041
0xdcdb42c9a256690bd153a7b409751adfc8dd5851,10684,616842725
0x49c23c8538c1a046c260d4be93ada90653f8a16f,10682,616853407
0xf6ec87dfe1ed3a7256cc0c38e3c8139103e9af3b,10681,616864088
0x6704ba24b8640bccee6bf2fd276a6a1b8edf4ade,10680,616874768
0x80510e56e3f2ef63c07468be6cfb8ffe2468dcc8,10674,616885442
0x399934a1b63154c825e518c68b7da2147d6cb0c9,10672,616896114
0xb01bc41b9a8853f957bb529cde90569a701b1503,10670,616906784
0x9d5b592b687c887a5a34df5f9207adb2c2db3aec,10668,616917452
0x000000bd31c24a2bd2835028c8f1e4d9d3f37108,10667,616928119
0xcbe3f73c65d13402cbbc2f9db8b6999d5c52982a,10667,616938786
0x5f54e90b296174709bc00cfc0cd2b69cf55b2064,10664,616949450
0x29cbd0510eec0327992cd6006e63f9fa8e7f33b7,10659,616960109
0x35542188370ce80d2b6cd8fa63aaa8da4bce15eb,10655,616970764
0x0ada190c81b814548ddc2f6adc4a689ce7c1fe73,10655,616981419
0x30f5bc02a2fc12f9c1db4cd63ab8b687e05d9fc9,10653,616992072
0x9195e00402abe385f2d00a32af40b271f2e87925,10645,617002717
0xb5ccda6fc0add336261a39371963311d45548d46,10644,617013361
0x5ade7ae8660293f2ebfcefaba91d141d72d221e8,10642,617024003
0x12fb5d5802c3b284761d76c3e723ea913877afba,10640,617034643
0x7f121d4ec6c2c07eb6bc7989d91d2d4ff654c068,10637,617045280
0x0879e0c9822b75f31f0b0ed2a30be9f484a57c2f,10636,617055916
0x3818dc501b641905c83ebff2acd9f78fa6bd1341,10635,617066551
0x819bb9964b6ebf52361f1ae42cf4831b921510f9,10634,617077185
0x33803edf44a71b9579f54cd429b53b06c0eeab83,10632,617087817
0x2418fce9219f3baf6a61ccc6afaf285dea006e50,10631,617098448
0xbec4a69d6a5fbcb2303c13d24ea1a51a6f19bd12,10629,617109077
0xabe18576e2bf0d75b7ec75088c9d951d511a00ff,10626,617119703
0xabe580e7ee158da464b51ee1a83ac0289622e6be,10626,617130329
0x0189d31f6629c359007f72b8d5ec8fa1c126f95c,10624,617140953
0x265ea14ad9e2118551d0aed5cf04fdcec44bfe60,10624,617151577
0x0dfd457c3567738b929ebf2cc5bd85273fcda3d3,10622,617162199
0xead7f3ae4e0bb0d8785852cc37cc9d0b5e75c06a,10613,617172812
0x5d05a03640fe9ea0cd8a7f82fc92a4f9661312d9,10612,617183424
0xe8d61b6b3d1022f298e28b02d84262e6898f2eea,10612,617194036
0x8cb8a79f54a2bfe99b29cebee289ee4d85664e06,10611,617204647
0x87026f792d09960232ca406e80c89bd35bafe566,10609,617215256
0x2cfc01e9da094b41b15f8284c6b0b3d3204f3942,10609,617225865
0xb9905ef103f8435f2eaa8823bac7e99285495afb,10607,617236472
0xf46ede17c0bab20d87cd079a2632f71433a407b9,10604,617247076
0x3e419b0401339df3564edfa3686d7f99354f134d,10601,617257677
0x9653cfd0865ad8313bea2f0c2ec0584bfd05115b,10600,617268277
0xd793a370d6370c0f5aef6ac5b90698d60d71f520,10598,617278875
0xf7421f5a5d4b9d0e93f81ec9dcbfd2fafb15e172,10589,617289464
0xc719d010b63e5bbf2c0551872cd5316ed26acd83,10589,617300053
0x65c50ff4b3808f3c9c604e896b2745a1d7711cb8,10583,617310636
0xb81d3cb2708530ea990a287142b82d058725c092,10583,617321219
0x0cbc9b02b8628ae08688b5cc8134dc09e36c443b,10577,617331796
0xa67054c9b25b888cd13e1c86677fa3f0089ee0a7,10577,617342373
0xa49e5aa24c3a95e77cf30d9f566bb6c6700c7b7b,10575,617352948
0x12683dc9eec95a5f742d40206e73319e6b9d8a91,10573,617363521
0x722f2f3eac7e9597c73a593f7cf3de33fbfc3308,10573,617374094
0xb78b3320493a4efaa1028130c5ba26f0b6085ef8,10569,617384663
0xf859a1ad94bcf445a406b892ef0d3082f4174088,10565,617395228
0xc80d44623b70b93e4b3ddcb93dbd58624e0a9c36,10565,617405793
0xc8de088bf25a8aed5c1f74f6f4a7a33e95516302,10562,617416355
0xfd9785b1148c6550e065a189d702560c67950d54,10562,617426917
0xb6d840e20450ee3b24034f675df21e7e924d7ce3,10560,617437477
0xc2d795489ab41a8975ec6c17c1f0e92170178ba0,10557,617448034
0x83076a2f42dc1925537165045c9fde9a4b71ad97,10553,617458587
0x81fe082c3bfcbcba89e9cdc79a953b78b0e17cfa,10545,617469132
0x541cdaae3d240aee1a79a7469c2f10b6dd98e4d7,10545,617479677
0xe302bf71b1f6f3024e7642f9c824ac86b58436a0,10545,617490222
0x59be937f05cf2c406b61c42c6c82a093fa54edfe,10545,617500767
0xd6ea703c547232b54fa83e62d7b0cd3086b1876c,10545,617511312
0x3243f38c7f251526b1948b09f0aaa1d2752ad9ae,10544,617521856
0xd51e852630debc24e9e1041a03d80a0107f8ef0c,10542,617532398
0x7297862b9670ff015192799cc849726c88bf1d77,10538,617542936
0x7ca668735be613e961fb28a33eab7235b983e9b6,10538,617553474
0xe5859f4efc09027a9b718781dcb2c6910cac6e91,10537,617564011
0x988b3a538b618c7a603e1c11ab82cd16dbe28069,10536,617574547
0x1cdca6811e2ef23d6099d09d2754211d3c7b5af1,10535,617585082
0x795dbf627484f8248d3d6c09c309825c1563e873,10535,617595617
0x4fa0655c09e0b5b2f50f1bd861b2d9bc63ccbbcb,10530,617606147
0x009e864923b49263c7f10d19b7f8ab7a9a5aad33,10530,617616677
0xaffcd3d45cef58b1dfa773463824c6f6bb0dc13a,10524,617627201
0x9648ad67d871523383c8251804bb87e64b6fecab,10520,617637721
0xc6eb5e133c9616822de14875bed93d3728564273,10519,617648240
0x3109da1ae5c609196e8b136a675114a7018e0cbf,10517,617658757
0x95594bc22bb5ada1d687c17b77169d4c656b3557,10515,617669272
0x05cf67329a262818e67c080e9d511a34d36152c0,10511,617679783
0xe371dbd9e35ea8a274d60f147df95bbe4b1f0188,10508,617690291
0xcb4c22fdb7610ae4404eb6b2cf0fb4aa876db7ff,10506,617700797
0x89281f9d78a6f14271ead66f7e4f0d7d5522c7ad,10505,617711302
0x5acedba6c402e2682d312a7b4982eda0ccf2d2e3,10504,617721806
0xd67e4fe0834a0e0a0b47280bc9356af5d1d23a33,10500,617732306
0xf670c19e19135079ac72c1fbc7be98c6e0ff27c0,10495,617742801
0x001f0aa5da15585e5b2305dbab2bac425ea71007,10493,617753294
0xa4342c85a9a19b8d2c66e8b6821238cbacfa82c3,10487,617763781
0xf77f4d0ce6f7b4b06434cf9624cd2f23175691fd,10482,617774263
0x16de59092dae5ccf4a1e6439d611fd0653f0bd01,10482,617784745
0x0bbb5a54767166b21e4a74d30500248a05ed985f,10481,617795226
0x125f1e37a45abf9b9894aefcb03d14d170d1489b,10480,617805706
0x2f23228b905ceb4734eb42d9b42805296667c93b,10476,617816182
0x6e36c2a0aa630932762e25e4ef2999471a2169b1,10473,617826655
0x780116d91e5592e58a3b3c76a351571b39abcec6,10472,617837127
0x490dbf7884b8e13c2161448b83dd2d8909db48ed,10467,617847594
0x4b7ad3a56810032782afce12d7d27122bdb96eff,10464,617858058
0xa54c67bd320da4f9725a6f585b7635a0c09b122e,10462,617868520
0x3423c8af3a95d9fee7ec06c4e0e905d4fd559f89,10458,617878978
0x8dc0d817af40b1fa4f6b58034bb86f3bbefcb0a5,10452,617889430
0xd83caa129d9d7080a15d26499733f783eb14e667,10444,617899874
0x681c4f8f69cf68852bad092086ffeab31f5b812c,10443,617910317
0x73a926da9870da785cf0f48d2266a9f0e9020bb2,10440,617920757
0x9e0768c51c55e15b831d39de674a4d1858df78ab,10435,617931192
0xaec7e1f531bb09115103c53ba76829910ec48966,10425,617941617
0x38983e9b1df173a2adcde2511bc986aec7fb092b,10417,617952034
0x1ed7ae1f0e2fa4276dd7ddc786334a3df81d50c0,10414,617962448
0x123ba66d42ae85f7e9c911b375ed3dba078e94b7,10411,617972859
0x5b92116d13e5df21a5a5c4173bee9b4daf70e005,10407,617983266
0xbabed6ca5c86b2347d374e88251ca8007c417f55,10402,617993668
0xa5388d764acf9b39055bfd06a1f4df5e06c07689,10401,618004069
0xe814aee960a85208c3db542c53e7d4a6c8d5f60f,10400,618014469
0x1c289a12a8552b314d0d153d6991fd27a54aa640,10397,618024866
0x1da022710df5002339274aadee8d58218e9d6ab5,10396,618035262
0x194ee036eadb8858713ddb5155e5fa0fdab82cac,10394,618045656
0xcfac2916ec118a0252a7766c513ee7c71b384b5e,10380,618056036
0xe17f017475a709de58e976081eb916081ff4c9d5,10377,618066413
0xa22160bea244f00bef5a0b1ca85977b005716fec,10376,618076789
0x34047d5d7f4c906998e0d9def0d2dc3b523d8398,10375,618087164
0x0df721639ca2f7ff0e1f618b918a65ffb199ac4e,10375,618097539
0x790aac02412e8665604bdae39b00be012f4acc12,10374,618107913
0xcf9fbffec9e0e5bbc62e79bf1965f5db76955661,10366,618118279
0xffabdd7582a0140fec55f63f76e90c763cf44598,10366,618128645
0x8c20963a189a4a025741404d8a21dea707364546,10362,618139007
0x7cf74238d48ce383db00a1efff8da99303552cb0,10357,618149364
0x0af44e2784637218dd1d32a322d44e603a8f0c6a,10353,618159717
0xe943b6e6055433a34737db352ffdb5b43ad4696d,10352,618170069
0xc73c167e7a4ba109e4052f70d5466d0c312a344d,10349,618180418
0xff369bb12e8bb24f3d48c5e4a8215d53d52d5b72,10346,618190764
0x054c64741dbafdc19784505494029823d89c3b13,10339,618201103
0xebf2bf80c3ddb0b6ac2f88be8dceec7bf12dff22,10339,618211442
0xfca8e404ebc9be20928a3743bf4dd7084717db5c,10338,618221780
0x498b3bfabe9f73db90d252bcd4fa9548cd0fd981,10336,618232116
0x8876819535b48b551c9e97ebc07332c7482b4b2d,10336,618242452
0xd04a63eea250ce2b330d4ed46338d7cfa6999040,10335,618252787
0x2cfc06b1ec0735bd7ef00b211764cc7e06e9456a,10332,618263119
0x0537f6cf67b75f0b6b832378b9203111c9eb3237,10329,618273448
0x5ab793e36070f0fac928ea15826b0c1bc5365119,10326,618283774
0xf3fe733717ab28cdcb7f2dc22d06c7de858d3edf,10324,618294098
0x9a975fe93cff8b0387b958adb9082b0ed0659ad2,10324,618304422
0x77336ac02326fb4210055ef9e57950243829c716,10323,618314745
0x84e1c8823850d8adc3286f31bc1178f14d243168,10321,618325066
0x4a42d2c580f83dce404acad18dab26db11a1750e,10319,618335385
0x9edd4901ac21fcc930a89f0056ac313b9bc31ed0,10317,618345702
0x72aa408393154d34fc789d03d22c9feb5e9fe32b,10315,618356017
0x64cdf819d3e75ac8ec217b3496d7ce167be42e80,10314,618366331
0xf2aea81b6ad3d0191c11ce118cbe73d0403fd51a,10311,618376642
0x906896b6d95bead1e5397a89fc0afabfbb0b5214,10309,618386951
0x59953e3699c22ef9c4c4a97cec0b7c7dcb8143e8,10295,618397246
0xcb5a05bef3257613e984c17dbcf039952b6d883f,10295,618407541
0x257e07b9ad34f2b88ef4c3ec31cf583f7729474f,10288,618417829
0x16f30759e82424d863326e52b2e690aa36b1b95a,10286,618428115
0x9488d07660eb7466b0269f043a19d9b5dfc914cc,10284,618438399
0x9b74774f55c0351fd064cfdffd35db002c433092,10284,618448683
0x791af5fcb5198c9f469d66b934864dab43d7f044,10282,618458965
0x3ca77e4cfc834f6dc8f84725c03f340731804e75,10282,618469247
0xed64142f7d0a4d94ce0e7fe45d12f712fe360bd0,10280,618479527
0xdd6c68bb32462e01705011a4e2ad1a60740f217f,10278,618489805
0xa78bbf97033e534c54b0a4fa62aa77b652ae4097,10277,618500082
0xdf6767a7715381867738cf211290f61697ecd938,10275,618510357
0x4c383bdcae52a6e1cb810c76c70d6f31a249ec9b,10274,618520631
0x42588776f50789ae5ce2d9ce0c63f5dfe12f758c,10273,618530904
0x175666d12fc722abd9e4a8ebf5d9b2d17b36b268,10271,618541175
0x5799698cde26dbd98c529c42a054b6c32b6df5a5,10260,618551435
0x307d45afbb7e84f82ef3d251a6bb0f00edf632e4,10258,618561693
0xd07d9fe2d2cc067015e2b4917d24933804f42cfa,10257,618571950
0x63e634330a20150dbb61b15648bc73855d6ccf07,10253,618582203
0x7e4e2c2d2848f4ebda8d5b068d3574b1c1a17979,10249,618592452
0x74ceda99c44da280f2fd8ea8b5dd43f8b66912a8,10249,618602701
0x985815e1bb4db648b0b0b32032f06ba1e0a3c3bf,10238,618612939
0xa6405420e2fb7106f6f70fa2afcf4858f960fea6,10238,618623177
0x91047abf3cab8da5a9515c8750ab33b4f1560a7a,10234,618633411
0xbe4a09d4661f631f7e13aa2d5719efc476fb211c,10231,618643642
0x32b7a3018e4b832dea848786348164667ec030f3,10226,618653868
0xbbe90c5ffe3977bbe61d00b30e95fa28fc8036fd,10224,618664092
0xfac5315d8f1381ae63498c2e563a7f6c4d8ccfdd,10220,618674312
0x59335080522fa941bcbdb6e15a6f2ee5a455dc5a,10217,618684529
0xe4c11ed19ef054406c18c2dfad19156bface3723,10217,618694746
0xfd784da5c740c617aafb80399fa81b86e1da99a5,10216,618704962
0x170c9d5638a504a271912a374a27c85a88ed2be9,10211,618715173
0xaec1f783b29aab2727d7c374aa55483fe299fefa,10210,618725383
0x28697b4a1618a77b1d61a85e99174616b519f629,10208,618735591
0x5af9ec6df6edea0761fa841ce56c2e4deb000b31,10208,618745799
0xf9dc3b356b41cf7e00f4bc5880a4b93a416bdc2f,10201,618756000
0x5654c8a885197212c93827fb40001551cdd0a087,10197,618766197
0x984c134a8809571993fd1573fb99f06dc61e216f,10197,618776394
0x030ba81f1c18d280636f32af80b9aad02cf0854e,10196,618786590
0x3e5d6e1472c9331b5695b428d8006040e2e8a754,10192,618796782
0xa7303ded368755dca4cf7c3595cfd303d115d024,10185,618806967
0x5f851c17e0013bf652379589bcf84a80ccd2afa6,10181,618817148
0x531ac3341edfc39a04ed4c8b44ec396a46bc8690,10180,618827328
0xde768b1249374e129d0a24afe4b07ab0ce8ec20f,10177,618837505
0x7de72296f714b3972e17d7bc9ddb8e744ae008df,10176,618847681
0xebfb47a7ad0fd6e57323c8a42b2e5a6a4f68fc1a,10175,618857856
0x5d48f293baed247a2d0189058ba37aa238bd4725,10175,618868031
0xf8e06e4e4a80287fdca5b02dccecaa9d0954840f,10175,618878206
0x7fcab33b3297897e14116dd6e9cd7ff0c242d5e9,10173,618888379
0x250e76987d838a75310c34bf422ea9f1ac4cc906,10156,618898535
0x78c292d1445e6b9558bf42e8bc369271ded062ea,10153,618908688
0x1fe24f25b1cf609b9c4e7e12d802e3640dfa5e43,10152,618918840
0x9cd8ed0c6cc7b28bb5f58ffbd220543f01771bc8,10152,618928992
0xa7a5c03399f4739f4afa934bb9053c992b53d7a2,10150,618939142
0xe0ad1806fd3e7edf6ff52fdb822432e847411033,10150,618949292
0x15f173b7aca7cd4a01d6f8360e65fb4491d270c1,10148,618959440
0xf62e7e067cf08d5d06d4d2c977a3141215e4d1c2,10146,618969586
0x797aab1ce7c01eb727ab980762ba88e7133d2157,10144,618979730
0x5371a8d8d8a86c76de935821ad1a3e9b908cfced,10143,618989873
0xf6993caf303752dd53a6ebb1cf802d2e6fee6f47,10134,619000007
0x1966d718a565566e8e202792658d7b5ff4ece469,10123,619010130
0x70401dfd142a16dc7031c56e862fc88cb9537ce0,10120,619020250
0x5b535edfa75d7cb706044da0171204e1c48d00e8,10120,619030370
0x68a118ef45063051eac49c7e647ce5ace48a68a5,10112,619040482
0x1f331e900341ba6711f13c208f508bb305da4d0b,10109,619050591
0x4a598d5b6ec08c03766e5730bf41540946021dd3,10109,619060700
0x3684b581db1f94b721ee0022624329feb16ab653,10106,619070806
0xb0e470bf1037abe48f854094375e2d7d59d5b096,10105,619080911
0x86c2752f8fe2c6679a942c8ee6c785c28f42cd55,10105,619091016
0xf2a0a8e56c16f0cce1317f3993c5ead1c8cdda22,10103,619101119
0x00d1793d7c3aae506257ba985b34c76aaf642557,10102,619111221
0x725803315519de78d232265a8f1040f054e70b98,10102,619121323
0xaa26931ebba45b69834eb35fe3315cab4b1e97fe,10099,619131422
0xe2612b9bc5cc0abf3fd35400cc2e49b3d426c56f,10099,619141521
0x8d57b692cb9fc6a90b04ec4d55a09bd28e69b30d,10095,619151616
0x00ad22ab1006fc282674887aff1114e5ad14077d,10088,619161704
0xe35e8e9db41334f71fb962be572dee8a6e93019d,10087,619171791
0x4b4d2e899658fb59b1d518b68fe836b100ee8958,10086,619181877
0x1a23a6bfbadb59fa563008c0fb7cf96dfcf34ea1,10085,619191962
0x3201d51cfec86afb324f0095aefb3d5b0467784c,10081,619202043
0xbf3f09e4eba5f7805e5fac0ee09fd6ee8eebe4cb,10078,619212121
0x64c0372ebc1f812398bf3e475117fd48d5efb035,10074,619222195
0x26bcd642afa0915e55684686a31c069015d6fa83,10073,619232268
0xa9206e4e269fae224c5140f7c3ae1dab458369d8,10071,619242339
0x16558553e4647ca500c3718c56c356edb6f9b11c,10071,619252410
0x9c578b573ede001b95d51a55a3fafb45f5608b1f,10070,619262480
0x5cd1c00a88822182733e3ac335863fcc9a1c0705,10070,619272550
0x0f7feaeeb7872bfeb39da593f60c2a3b65d16e93,10067,619282617
0x67933cccf3f6b40148271f5e7b5408fd1d5b2837,10064,619292681
0x75b5f145002ba88cdfdb7897e0550781e3909a08,10044,619302725
0x51bc0deaf7bbe82bc9006b0c3531668a4206d27f,10039,619312764
0x65032604dab202aff9adf89300cdb4bd0d059f55,10037,619322801
0xbd679ad9dd6e65b7e447b3c2707711d7da4cb783,10037,619332838
0x7dec755282c27c738e40f1be881179b35e11b276,10036,619342874
0x3c311b5e2d475243097ae008b5cc52dd49c095ee,10033,619352907
0x626e8036deb333b408be468f951bdb42433cbf18,10029,619362936
0x8a6f3bf52a26a21531514e23016eeae8ba7e7018,10026,619372962
0x78a05fda97c8458f07e03583fdaf05ff6ee4f6c9,10023,619382985
0x1b1262544cc56a7ac6de47ecac46394d017ff3e7,10021,619393006
0x0024405f53afd6dd3d5d15b7fd4e214219bde182,10017,619403023
0x112536829069ddf8868de6f8283ea7c3cd3e6743,10008,619413031
0x9cb4f3f243d621359fbbde2473f94f991a5b987a,10002,619423033
0x3a6e27b663593e34a7fb80ba9544d9e8babdf001,9998,619433031
0xc330e7e73717cd13fb6ba068ee871584cf8a194f,9997,619443028
0xff5c25d2f40b47c4a37f989de933e26562ef0ac0,9995,619453023
0x758957463ae2ae1e59383bfd8642be1c83c55bb8,9993,619463016
0xae2b80f7f4d285caa658a285233550d19c8e7847,9992,619473008
0xd91a6162f146ef85922d9a15ee6eb14a00344586,9988,619482996
0x154e719c47b832ecabacd22386ff7ec50bfea3b2,9981,619492977
0x054f76beed60ab6dbeb23502178c52d6c5debe40,9978,619502955
0xc1f5ba8bab3ca299f9817876a6715627f9e2b11a,9976,619512931
0x7ff4169a6b5122b664c51c95727d87750ec07c84,9972,619522903
0xe3f4b4a5d91e5cb9435b947f090a319737036312,9972,619532875
0x2730d6fdc86c95a74253beffaa8306b40fedecbb,9970,619542845
0x064409168198a7e9108036d072ef59f923dedc9a,9970,619552815
0x86772b1409b61c639eaac9ba0acfbb6e238e5f83,9967,619562782
0xba30a255a23fc6e864f1195eaccedf1eeac9a64c,9966,619572748
0xb81e1c30149813d743d495f68341c5129eb73e88,9965,619582713
0x117793cc0b19c01c531638a986923533f2f865e7,9957,619592670
0x29c02afa1fa7d0cac86e0c84ce25fc1ec4d3bf70,9956,619602626
0xeec56962639371947e45d55b13e4e3ac3145e860,9943,619612569
0xd0940cc67b142e7cf08e0b8f1e1a08169c228fb1,9941,619622510
0xca83bd8c4c7b1c0409b25fbd7e70b1ef57629ff4,9939,619632449
0x5e51f6841d2f188c42c7c33a6a5e77fb05cfbabe,9938,619642387
0xd29f0b5b3f50b07fe9a9511f7d86f4f4bac3f8c4,9936,619652323
0xac2385e183d9301dd5e2bb08da932cbf9800dc9c,9936,619662259
0x935976289ee75410362a2eb9ab1270598f36106a,9934,619672193
0x68350d30d9f58c81aaaa41929f1bfc52fff4ea49,9929,619682122
0x556586125be6e8c3ace675da4fdcb04369ed999d,9927,619692049
0x9abb7bddc43fa67c76a62d8c016513827f59be1b,9927,619701976
0xf62baa1997f04f165edd100d78241e07617f6ce6,9926,619711902
0x94dcb7241013e2c6083c59ec5e2eb2f427e822b6,9925,619721827
0xdc7b3fd9b42a4102cb9cb9b14ea5d79c4fb16fc0,9922,619731749
0x67c597624b17b16fb77959217360b7cd18284253,9921,619741670
0x3b1ac86a954c1e47eeba1a83fafec9c8b7dba42d,9917,619751587
0x1c3078259eab21c95364a4260732a1e2ad6d3b69,9915,619761502
0x36d75c262ae6511b4e3d2e3f300996b38695b558,9912,619771414
0x55d260f12a6627a11aa10256f00cfacc48994aa8,9910,619781324
0xc854e884ef4c5f7c0c5118e2f4893813ab8dcd89,9903,619791227
0xc68f1fbc1d32cb878af05c1603d2123fc765ac3b,9903,619801130
0x83ce340889c15a3b4d38cfcd1fc93e5d8497691f,9897,619811027
0xae697f994fc5ebc000f8e22ebffee04612f98a0d,9895,619820922
0xabc7e6c01237e8eef355bba2bf925a730b714d5f,9893,619830815
0xa5af48b105ddf2fa73cbaac61d420ea31b3c2a07,9892,619840707
0x09115c388da7e23c7884a8625a6a4dafac9b8706,9889,619850596
0x6afedb250fdffdfa82c08dd119f53dee63d04577,9889,619860485
0x07859fec7b937c695f1f807255cfc4a13c7b7138,9884,619870369
0x0f4ca92660efad97a9a70cb0fe969c755439772c,9880,619880249
0xae7d39d92eb8c2fa8ea3716fcce722dc9826c56b,9879,619890128
0x669bffac935be666219c68d20931cbf677b8fa1c,9879,619900007
0x0ad6f790ac69e8c13cd73375cfbcee61436c7336,9869,619909876
0xeefdfa0f6a921044e7901d18e6794c0a7baff4d7,9867,619919743
0x5f480ca354304aae88d7dd66cd4735c59d543af0,9864,619929607
0xfc7a4c74bed0d761b9dc648f8730738d1449333a,9862,619939469
0x75c5ee419331b6150879530d06f9ba054755f1da,9860,619949329
0x5c543e7ae0a1104f78406c340e9c64fd9fce5170,9858,619959187
0x4f780f0693a5dec6bb4481dae7061004d3a0ae28,9857,619969044
0xc2aa00b2f89c30db96f35995faaab4d8c07c3ecd,9857,619978901
0x671abbe5ce652491985342e85428eb1b07bc6c64,9855,619988756
0xc8a8d2a81cc86b95beb04e5a320d7e53f3c627dd,9853,619998609
0x11f938a90e5940fac1f8591517ae0969817ade44,9853,620008462
0x98809767970397b90d8dfcf3e186b599999319da,9852,620018314
0x5824f275dab2c59b8972a1fda45ff404c9a703e3,9851,620028165
0x6599fc3e77cbfa6f6e9cac605a30b1e78827eba0,9850,620038015
0xe92aef731197fd098fcfdc77e1c86bfe0fe3974f,9847,620047862
0x7a4623c83cfbfeaca0486611569c2462ba195a3c,9846,620057708
0x32ce7e48debdccbfe0cd037cc89526e4382cb81b,9845,620067553
0x580c8520deda0a441522aeae0f9f7a5f29629afa,9844,620077397
0x92a5b04d0ed5d94d7a193d1d334d3d16996f4e13,9844,620087241
0x29afa3443f752eb29d814d9042fd88a4a2dc0f1e,9841,620097082
0x681663a05d243230bfba57d54ec54424c8b493cc,9840,620106922
0x23b39c212ce3a5f6933fbdcfda9eda3e5160b3a5,9840,620116762
0x669d1622cfa226c5e0c228d11987a8674592e5a6,9839,620126601
0xdaa219bf4b786cbde09073c8214ad1bb1f033da9,9837,620136438
0x6a41250a0f864cb9f53d043cb961091514a7b06b,9836,620146274
0x903a61bc9ff163138959f9f7b00f4b00ca0f3210,9833,620156107
0x3fdc28901216c6ed39e0cfad89b8111bd46033bc,9833,620165940
0x0550581783f8f11a8cf627ce87af36b4d92f3f33,9830,620175770
0xdd350c34ad85adbccac925f9d9ed59b8c4156210,9829,620185599
0xfe335b9852f2cd8d92dad5646363081bb65e9dca,9819,620195418
0x63a58c35b6d9f956b08927fc2024cb09434bd205,9819,620205237
0xc02d4bd00f642d2821e4279c810dd7b6e49264f8,9818,620215055
0x50f41c9ff5d1c8a440d8fa3bc968d3d435a698bc,9818,620224873
0x18305daae09ea2f4d51faa33318be5978d251abd,9814,620234687
0x96dc85fc195b7bb3eaeb2181e7e710e2918ab98d,9813,620244500
0xf1c525a488a848b58b95d79da48c21ce434290f7,9811,620254311
0xfc2c4d8f95002c14ed0a7aa65102cac9e5953b5e,9810,620264121
0x00000000c47cae4dfcbff7afbfae810dc1e99f98,9809,620273930
0x8bdb2b0bf4c515213a23f47f1fb3c4cb86a4f1c3,9809,620283739
0xc8cac7672f4669685817cf332a33eb249f085475,9806,620293545
0x6295ab2be04a617747481b292c390bfca592cf28,9804,620303349
0xdc827558062aa1cc0e2ab28146da9eeac38a06d1,9803,620313152
0x2ef52ed7de8c5ce03a4ef0efbe9b7450f2d7edc9,9801,620322953
0x668dbf100635f593a3847c0bdaf21f0a09380188,9800,620332753
0x39b23f14528fb000e8c46ad75df2db9a3ee49422,9799,620342552
0xe0e4839e0c7b2773c58764f9ec3b9622d01a0428,9798,620352350
0xf4c62b4f8b7b1b1c4ba88bfd3a8ea392641516e9,9798,620362148
0x9dfe4643c04078a46803edcc30a3291b76d4c20c,9797,620371945
0x03d983bc96fca10a89a64ac2e1bb0936ec1038fe,9793,620381738
0xb233cb2f0dce57a56bf732767f45ffc8650186c5,9793,620391531
0x42b38ca3e09c92ca82fa3659ca039188a6a076ac,9792,620401323
0xecada5efb9ab8b520efa8f00bbf3d42f49be6cec,9781,620411104
0x05215fce25902366480696f38c3093e31dbce69a,9776,620420880
0xabefbc9fd2f806065b4f3c237d4b59d9a97bcac7,9773,620430653
0x9ec58861641bc805564bbc0c5fb4a856516238e7,9773,620440426
0x35321c78a48dd9ace94c8e060a4fc279a3a2d9fc,9772,620450198
0x52d54b2ff84d9ff8a30d0fb0ec489376985dd349,9772,620459970
0x08f28e23168deef41c3e830e5620086473ea7a2c,9771,620469741
0x943aca8ed65fbf188a7d369cfc2bee0ae435ee1b,9763,620479504
0x657b14e16e06801ea7be2ba7f07802e81cf32b46,9762,620489266
0x544c42fbb96b39b21df61cf322b5edc285ee7429,9761,620499027
0x456326c25fd504e4e4324000405ba7564fd212e0,9753,620508780
0x888888888889c00c67689029d7856aac1065ec11,9752,620518532
0xac27d299e2c1106daf33bc0971b7b97b96287493,9752,620528284
0x0da17c22a2a2cce3eaa6e346ff63249e2646a400,9749,620538033
0xcf3f73290803fc04425bee135a4caeb2bab2c2a1,9749,620547782
0xf317a365cfef0aa4357abd057048808a1d430402,9744,620557526
0x13cb85823f78cff38f0b0e90d3e975b8cb3aad64,9741,620567267
0xd2dcba99f8936e576c533c04d25edbc9f762818e,9738,620577005
0x945600b9e6b1a1414ac80cf3de8d868100b1021c,9737,620586742
0x924a99087196f4b23e312ae6110218e54e0dbb51,9731,620596473
0xaec98a708810414878c3bcdf46aad31ded4a4557,9729,620606202
0x9ae0acdb750bfcf694675f46b580847fc49a48bf,9727,620615929
0x697fc9371a33a98078543b777ca7d5c8009d6d0b,9727,620625656
0x1f2deef0066b5ea22d703f434df7733ab6b93be8,9726,620635382
0xc314b0e758d5ff74f63e307a86ebfe183c95767b,9723,620645105
0x86c8bf8532aa2601151c9dbbf4e4c4804e042571,9721,620654826
0xe1a2d917931b0e88bd38f69d4e31e94a32986481,9720,620664546
0x940bdcb99a0ee5fb008a606778ae87ed9789f257,9720,620674266
0x28fdc585ce394bc9d78f03a01d61958ac87de2df,9718,620683984
0xae7ab96520de3a18e5e111b5eaab095312d7fe84,9716,620693700
0x3b7f247f21bf3a07088c2d3423f64233d4b069f7,9711,620703411
0xf460c688df2e1c0f2c83d8e3f80874c1a365470d,9706,620713117
0xe672e85bf28b6116a9030fa8394e1120a2073b2a,9703,620722820
0x0b98c8ef7f761e34dcdc9549dbce91ce6d06fc8c,9702,620732522
0x383518188c0c6d7730d91b2c03a03c837814a899,9702,620742224
0xf2f9a7e93f845b3ce154efbeb64fb9346fcce509,9701,620751925
0x5cbe98480a790554403694b98bff71a525907f5d,9700,620761625
0xeb9951021698b42e4399f9cbb6267aa35f82d59d,9695,620771320
0x8f2c01b50a16482efd29560ecb2b4e6016cc3886,9694,620781014
0x92cb5f1fbabbcbdd891b9cbd8e9a056c8c1eebef,9693,620790707
0xd12ff490eed822924f022ded3d272f3eebd3859e,9693,620800400
0x42ae8db625683d18d09efbafaac74d69821b8bba,9693,620810093
0x848b0ea643e5a352d78e2c0c12a2dd8c96fec639,9682,620819775
0xdf708431162ba247ddae362d2c919e0fbafcf9de,9681,620829456
0x2b6ff53fc2493ccd5202d80a6c439741414c5ff2,9673,620839129
0xa7f87e8d193e29bf1ed050fdd511b79fe0264d8b,9673,620848802
0x954963674c9550ac8edb6d3a04eb99d133791052,9670,620858472
0xfda19204c625dd82b0066a18f218179778c14e56,9668,620868140
0x0dde6f6e345bfd23f3f419f0dfe04e93143b44fb,9666,620877806
0x123b1ef89f0df4180c7df969245cd2019baeff0d,9661,620887467
0xcdf77671cda83585ef64a67f3266bb51862c8cf3,9658,620897125
0x282eaf0c93b535731c1a2ef26a568e6131980c4a,9658,620906783
0x00000000000043dc09b2d31827cb23f414e1fa3d,9658,620916441
0x52e30201f31283dc5f7928b4198896083f604416,9656,620926097
0xf6bb7b5d656b1094a621720c35293de1fff08525,9654,620935751
0x5eac95ad5b287cf44e058dcf694419333b796123,9653,620945404
0x73b172756bd5ddf0110ba8d7b88816eb639eb21c,9651,620955055
0x89885fc1f76c3f4cc719640e33c315227da7003a,9650,620964705
0x27f58859615d971ff7c5318840c0ea2ade4b188d,9650,620974355
0x9c248517b92ae226b88a0a0c28de02b9b7b039d3,9650,620984005
0xdc89516ea92ec55431647075ec8e8a747c0860b9,9641,620993646
0xcac90c1c886ac0d8491c87f5f51c8524e527eff4,9641,621003287
0xc4ea05982d2e47d3b6cae011bf1d28ab155f0816,9638,621012925
0x1d9d673a07916068d1f86a0857d33bcbd11d1b8a,9629,621022554
0x2c30840965f8fb2dc42bf4d6d530661d9f0e73c3,9622,621032176
0xaa1bbd948a0a4835e45f672d34f50eed819a9255,9617,621041793
0xc9ce70a381910d0a90b30d408cc9c7705ee882de,9616,621051409
0x41bbcf4f8f0e8a0a3cce4287d1c0c3d27c65ba0d,9616,621061025
0xf0a0f3a6fa6bed75345171a5ea18abcadf6453ba,9615,621070640
0x05385abd2a95a8cd9b696f738aed73f1afbc12e0,9614,621080254
0x3da70c70b9574ff185b31d70878a8e3094603c4c,9614,621089868
0x12d66f87a04a9e220743712ce6d9bb1b5616b8fc,9612,621099480
0x2dca19e944453e46d9130950ca135461b3bc0c30,9612,621109092
0x0c3e18f66d976799910253df76daf867e70dca4a,9607,621118699
0x8bb2d7cf715e16cccb6764d84654692a50efca24,9606,621128305
0xc0e6737a29de7a00e2f6011924eb257106cb082f,9604,621137909
0x4535fb23c8bcc6efc9b78bfd7a7d745bbdfaeee9,9595,621147504
0xf7f69b431c5fdc18d99248498386e72418791433,9592,621157096
0x24179cd81c9e782a4096035f7ec97fb8b783e007,9591,621166687
0x6c3fc1ffdb14d92394f40eec91d9ce8b807f132d,9590,621176277
0xbcc2330fc3255bd632a5aa435bf82c598601e330,9589,621185866
0x1d4ccc31dab6ea20f461d329a0562c1c58412515,9587,621195453
0x565c9eb432f4ae9633e50e1213ab4f23d8f31f54,9586,621205039
0x31497f218c005fe3d5ee87e5a33e133a909a7a4b,9583,621214622
0x840fe75abfadc0f2d54037829571b2782e919ce4,9582,621224204
0x30b0255748431962e88e3406b95c38f8f0d840df,9580,621233784
0xf44072eda87ede9613b6ae1b812de8a60ade27a2,9577,621243361
0x11613b1f840bb5a40f8866d857e24da126b79d73,9577,621252938
0x00c4b398500645eb5da00a1a379a88b11683ba01,9577,621262515
0x3dc865e42ec1c39093ff531fcfc1b4d502f52b4f,9576,621272091
0xe8955e12eed4a1686b232cfa5e30182317a00204,9576,621281667
0xc86bf3346a5b83d730ed368f9b5a354922dce4d2,9575,621291242
0xebb4d6cfc2b538e2a7969aa4187b1c00b2762108,9574,621300816
0x09107aa7d7c6ad55161c6c2e7f980ab3f7c821ac,9566,621310382
0xb44d36a18b18015c546f5efa37bb1e3db5f24063,9565,621319947
0x386073f0c9f076db93a5222c27f921663e2ce890,9565,621329512
0x02585e4a14da274d02df09b222d4606b10a4e940,9564,621339076
0xe72020cd4a7945a8f47385f64706ac8b0e1e2025,9563,621348639
0xce3ad07c9c7a5f89d39eb1449913d3feecabcf8d,9558,621358197
0x8cb1d155a5a1d5d667611b7710920fd9d1cd727f,9556,621367753
0x096419032c2daee7e6742861cb7c5642e127865c,9554,621377307
0xff75ced57419bcaebe5f05254983b013b0646ef5,9552,621386859
0xaef38fbfbf932d1aef3b808bc8fbd8cd8e1f8bc5,9551,621396410
0x336f646f87d9f6bc6ed42dd46e8b3fd9dbd15c22,9541,621405951
0x3e7a39170e4d7b23c160a3a09272c5b9e99c6946,9541,621415492
0x190289e0f72dfd611121da7dd9f3e6c92b8f71e4,9539,621425031
0xb3c839dbde6b96d37c56ee4f9dad3390d49310aa,9537,621434568
0xe2fe5e7e206e7b46cad6a5146320e5b4b9a18e97,9535,621444103
0xf6fe745e5647298639072d942e0eb4f2e3930ecb,9525,621453628
0x3a92bd396aef82af98ebc0aa9030d25a23b11c6b,9524,621463152
0x4e352cf164e64adcbad318c3a1e222e9eba4ce42,9523,621472675
0xaa8330fb2b4d5d07abfe7a72262752a8505c6b37,9519,621482194
0x705f4dc0ede01a98e5b3c55d5b97e1d667cd2a7a,9517,621491711
0x51ca21ed46a9df3cb6f34624cbd482d312996730,9517,621501228
0xb2816223fddc21aca553ba208c7b7a13b27c207c,9516,621510744
0xc68eae3c22fe7a891ec487ecbdc42bb992b3fd87,9515,621520259
0x6bff2fe249601ed0db3a87424a2e923118bb0312,9514,621529773
0x8c0296be0c5ee8cbdbd6ca4c0f2d2e3640729300,9512,621539285
0x2396fbc0e2e3ae4b7206ebdb5706e2a5920349cb,9509,621548794
0x9070832cf729a5150bb26825c2927e7d343eabd9,9506,621558300
0xf86c697616f6d715dfaa5febe4e2218578f82ce8,9505,621567805
0xb1dc9124c395c1e97773ab855d66e879f053a289,9503,621577308
0x61edb6b025867c1a5354ed46a13c10b616e32ab0,9501,621586809
0x21f4da2a2c925f7105ba189438c9f429f371cf21,9501,621596310
0x338d5ba68d51ee410aa154f6313553e05dad36a4,9500,621605810
0x38a2fdc11f526ddd5a607c1f251c065f40fbf2f7,9496,621615306
0xa207d69ea6fb967e54baa8639c408c31767ba62d,9496,621624802
0x9106708eb08a6fca144bcb45f8bcd020f903c0f5,9495,621634297
0xbf50db59176650c9e1165f6af80c1bda0f319cee,9491,621643788
0xed80ba8ee570be18270a23734d89c1c5470dba56,9489,621653277
0x9c78afb1b50170761fa2c842701e66e80e67d438,9488,621662765
0x48df4e0296f908ceab0428a5182d19b31fc037d6,9485,621672250
0x5370645b7af206e866bb021925db56f7ad4b286c,9485,621681735
0xbc7942054f77b82e8a71ace170e4b00ebae67eb6,9483,621691218
0x0a0109cdd4f496f38efe4f10f2536cba55881e3d,9480,621700698
0x07d9e49ea402194bf48a8276dafb16e4ed633317,9477,621710175
0x8445771826732efcd20c6282e9b1d9c1b2acb4f8,9475,621719650
0xc2d8db56c50f253d1279da6760345fe78f784ed9,9473,621729123
0x3377775907e9f678048091f2863c322bb6758b84,9473,621738596
0x67a9099f0008c35c61c00042cd9fb03684451097,9469,621748065
0xf2c853703ce87bfc0db38323364fa6551efbd710,9468,621757533
0x05aaaa829afa407d83315cded1d45eb16025910c,9466,621766999
0x1a7208627ffe43a69f13f3c393a41712fa4a7831,9465,621776464
0x441761326490cacf7af299725b6292597ee822c2,9461,621785925
0x4f7f56d57607e346ff8719c9f34cba3bbccae71f,9459,621795384
0xa17a8883da1abd57c690df9ebf58fc194edab66f,9458,621804842
0x2f6081e3552b1c86ce4479b80062a1dda8ef23e3,9456,621814298
0xeeeeeeeee2af8d0e1940679860398308e0ef24d6,9456,621823754
0x338d2d618f48bf6f6917afcd1fcfd3418bb0cacc,9452,621833206
0x5bf2390a68ab7db7d27ae81894c4e22e669af236,9452,621842658
0x5d0be1e7ca540b007d89bbe0f56f2fa6a60342ea,9451,621852109
0xa4803f17607b7cdc3dc579083d9a14089e87502b,9450,621861559
0xa70b2f0738749248153446e8feaece123714a104,9447,621871006
0xf1d9139c6512452db91f25635457b844d7e22b8b,9440,621880446
0x728d0aa0e30ff6efd5dbab2ae26c62a14e393d94,9440,621889886
0x8c9804ef7236e9b774ace58439fd01b2865e0b8f,9439,621899325
0x1ce7ecab02b163f376e7ec026e6755626f14b289,9438,621908763
0x4fd2d9d6ef05e13bf0b167509151a4ec3d4d4b93,9438,621918201
0x1d37986f252d0e349522ea6c3b98cb935495e63e,9429,621927630
0xdb45faeca61c70e271bffeaf66162fa68a1c4def,9427,621937057
0x7b6a4ffa1a5514e247a5983384818e6e1db8e72e,9426,621946483
0xdac775cd972ac612907682ff757af66f75eecece,9424,621955907
0x5d447fc0f8965ced158bab42414af10139edf0af,9423,621965330
0x9ffc0287aa2083431a8f202a4eb65193359529b9,9422,621974752
0x31c8772dc63a3c63bbdd754a77b1b39331485df0,9420,621984172
0x62a9fe913eb596c8fac0936fd2f51064022ba22e,9420,621993592
0x9afb950948c2370975fb91a441f36fdc02737cd4,9420,622003012
0x1367d4a67c1719b58c7e05df8768226fa768279a,9420,622012432
0x4a472ebceca39d6ad87ef9bfaa629cab9639604a,9417,622021849
0xa78e2ed1f2041543fccfc4126bd4eebe58dd0099,9416,622031265
0xc7c03b8a3fc5719066e185ea616e87b88eba44a3,9416,622040681
0x2b9eab2098e4a363a114aa6934f5c3cdea8149a3,9415,622050096
0x0efab66d0c050519c734bc8b7034ed68cb0f9323,9415,622059511
0xb119ce94d098c18fe380904c24e358bd887f00be,9414,622068925
0x5892aad75a615014aa88c4b621caff1fe45dc850,9413,622078338
0x4fb7d68e0116f35ade131b6535b2db1027bf7650,9408,622087746
0x29e240cfd7946ba20895a7a02edb25c210f9f324,9408,622097154
0x0eee3e3828a45f7601d5f54bf49bb01d1a9df5ea,9406,622106560
0xf399fb0afe08a60d0b67db3b8a3094848e6c365c,9400,622115960
0x6940ef32845d233749522390f11c8d78d4ebf0de,9400,622125360
0x5bb622ba7b2f09bf23f1a9b509cd210a818c53d7,9398,622134758
0xf900501cf5a848654bb5bc07f6af23382d637a02,9398,622144156
0x0d04146b2fe5d267629a7eb341fb4388dcdbd22f,9388,622153544
0x193fbd7b7cda0ba856190020d6d59f2db52884ab,9387,622162931
0x6507d942191e94f4a706a35b42e50560a3e41421,9386,622172317
0x374021897608f241ce5504e75c391f5c8f332a0b,9385,622181702
0x33c623a2baafeb8d15dfaf3ce44095efec83d72c,9385,622191087
0x31334030cc59d0c879925a07b3028ab4eaea89a1,9384,622200471
0x7e1a6fb26702ecb0439a641c5c285f7eec430419,9383,622209854
0x8069080a922834460c3a092fb2c1510224dc066b,9380,622219234
0x6fe40f415448d930166f9110d3bbe2146383bc66,9380,622228614
0x03ab458634910aad20ef5f1c8ee96f1d6ac54919,9377,622237991
0xb6dae651468e9593e4581705a09c10a76ac1e0c8,9377,622247368
0xb9cb7905981198add8059114b3b7dc7042b52f7b,9374,622256742
0x64a0fe42e1295456246abbc51d8708472856170c,9373,622266115
0xd1310c1e038bc12865d3d3997275b3e4737c6302,9370,622275485
0x33990122638b9132ca29c723bdf037f1a891a70c,9369,622284854
0xc44628734a9432a3daa302e11afbdfa8361424a5,9369,622294223
0xd38de88687172bde440755b5237987e4a87c23a7,9368,622303591
0x45fe2a813c4bd60b0415bd84f5a464be8d3a36b7,9367,622312958
0x8e9c3d1f30904e91764b7b8bbfda3a429b886874,9364,622322322
0xc19b4b5f76d8148bcc78329bd37a0ea2513440bc,9361,622331683
0x5c872500c00565505f3624ab435c222e558e9ff8,9361,622341044
0x1f2ca5623db46b2ecc693011eef8506e80f4328e,9357,622350401
0x951301a2bbce3d357785ba1e13ec8f42322252b8,9357,622359758
0x4d9e23a3842fe7eb7682b9725cf6c507c424a41b,9353,622369111
0x83cee9e086a77e492ee0bb93c2b0437ad6fdeccc,9353,622378464
0xaa3f6003d72fb579f29a91742cf3cefea83cebba,9350,622387814
0x91f5f9c36b093907b0f99d1dbcf41aaf1db28916,9348,622397162
0x2dfd9060bcb9146c2a02e00a776dcaeeae3cff44,9347,622406509
0x31c8eacbffdd875c74b94b077895bd78cf1e64a3,9346,622415855
0xcd1ae98fe86a58ad14ad37ed368e8e5b1cbbafba,9340,622425195
0x4d28ebe3c79b682b9870cf68b31bff4d8a133e91,9337,622434532
0xef3a930e1ffffacd2fc13434ac81bd278b0ecc8d,9333,622443865
0x6ded0f2c886568fb4bb6f04f179093d3d167c9d7,9330,622453195
0xd9090985a3b224e4876964b8773a5d81b4de6289,9326,622462521
0x07f91b341be87a94a36ec052d3468cfd1fa29aa6,9323,622471844
0xd6e1401a079922469e9b965cb090ea6ff64c6839,9320,622481164
0xd7faabc1a2ad0b6ba3651816ee97c10dcadd3b85,9319,622490483
0x96df1093d8cdab5d008aa009ed304d5e6f61294c,9312,622499795
0x4c9164b2a1e3f34afd063f054830aa2a75dfa2d2,9306,622509101
0x45108c37db9726867fcafc4f574934c05bc28df5,9305,622518406
0xeb7dbc5a64d2d083d774595e560b147c5021eacd,9303,622527709
0xc15122898c3ee73211d8a8a4a656ba1980d53086,9302,622537011
0x9ebb67687fee2d265d7b824714df13622d90e663,9298,622546309
0xcd8544defedec7c6b60b5a4232320365b1b21fcc,9297,622555606
0x6c28aef8977c9b773996d0e8376d2ee379446f2f,9297,622564903
0xdf0852e681f16ce1a03e9cae5b2c7f26f719d971,9292,622574195
0x72e77c9c17ca1c99bd9eb2f1011c752431625533,9290,622583485
0x2cc40acbdd5c20273a0567b260b820aa21102291,9289,622592774
0xa67462ff3314c682277771ae2bbcec08877c877a,9286,622602060
0x159751323a9e0415dd3d6d42a1212fe9f4a0848c,9284,622611344
0x141356817b8fef2ebddd6a7aed876ee975ff6a08,9283,622620627
0x5d64d850c8368008afb39224e92ad0dceff3cf38,9273,622629900
0x8a7b7b9b2f7d0c63f66171721339705a6188a7d5,9273,622639173
0xac51066d7bec65dc4589368da368b212745d63e8,9271,622648444
0x3d779a7fb80723c6385524d113792d119acd2267,9267,622657711
0xc20ae494098761d97fa52c0ab5a0873418c9c638,9262,622666973
0xe91eb1fb4b0eae01afa35b99a2c84409f353c49b,9252,622676225
0x9e4cd73b10bc2e393565c08c0d08df9dfd79e537,9251,622685476
0x045eb7e34e94b28c7a3641bc5e1a1f61f225af9f,9249,622694725
0x16ecc82b4e3e5ff5a4db8510ed191282a37639b0,9249,622703974
0x62d75a2a10f755104bd1024d997141ce793cf585,9249,622713223
0xaf1250fa68d7decd34fd75de8742bc03b29bd58e,9248,622722471
0x5e6016ae7d7c49d347dcf834860b9f3ee282812b,9248,622731719
0xdf068ac89e6d5fa88520faace0267047e47102c2,9245,622740964
0xfc6f683341edfc80c392f7aca9a482adb1fffcec,9243,622750207
0x3e22bb2279d6bea3cfe57f3ed608fc3b1deadadf,9242,622759449
0x622483bfc21618fb34779ece033ac96f81a5d34e,9240,622768689
0x1a9be00f73522691305d3ab4199b447673686c23,9238,622777927
0x95efd1fe6099f65a7ed524def487483221094947,9238,622787165
0xf5774f42b28f35429aac35f8eb57541c511fdd49,9237,622796402
0x2a5c5212f399aa04a0ce28dbe48c1a17fca78df4,9234,622805636
0x8d30365da3dfeca2918cf8f37ffba015162dbb61,9233,622814869
0xbcd4b7de6fde81025f74426d43165a5b0d790fdd,9232,622824101
0xf85a68c2f91dbbbc9be062197e897a6e44c49621,9232,622833333
0xbfe03707adb75b478add9a01978057803f480e44,9227,622842560
0x5ea55bed643e0a1ea7557fbe6d2d7594c8e3372a,9225,622851785
0x2dd09c71d951148bba0f25be7f76ba401fe8ef84,9221,622861006
0x9944e89958e3c186fbb20e8102e2c373e624ceb8,9220,622870226
0xde6c21217da69b9dc4ab0594f65c4ec0faf978de,9218,622879444
0x6393e822874728f8afa7e1c9944e417d37ca5878,9212,622888656
0x76960dccd5a1fe799f7c29be9f19ceb4627aeb2f,9211,622897867
0x2b1d0df6fd72776af57d27df0e7aedc2aa206773,9211,622907078
0xbd3316c31c48a3cd9a014a8315d05356c5723cf4,9207,622916285
0xf4a9e856f3d159b7168c2a55fabbc9fe5c569f96,9206,622925491
0x9746953f5b1324a78132895cfd263f417b0faae3,9203,622934694
0xed11c4b5c6b3c87c50e01b90549cd4d662fac12f,9203,622943897
0x3242aebcdcf8de491004b1c98e6595e9827f6c17,9196,622953093
0xd7290307c040f4089f8650b7f7aac3cfe39cd6bd,9195,622962288
0xfa891937df688e9e098e40374821bd934ca05ca4,9192,622971480
0x6dc02fc80f070daa5188ad410587e5502ddb3c63,9189,622980669
0xec8b363164cf453bdaadfad4094b566dada41f4d,9188,622989857
0x5ecec434f34a83837c8cfbe38df678753b82104d,9184,622999041
0x3c505b0935519677948ac0a584c486160a9d00a2,9182,623008223
0xd5930c307d7395ff807f2921f12c5eb82131a789,9180,623017403
0x9f9c8ec3534c3ce16f928381372bfbfbfb9f4d24,9180,623026583
0x0fb03d4f14429b4e57634a931ea0df323d519ce7,9180,623035763
0xffbbafadef0e06676eedd3b727c2e4d48907c754,9180,623044943
0x38a19ba829f192a30ec7e03cda1368c50dad9785,9170,623054113
0x5c9602687c65447747510aa429859af3c52ab2da,9170,623063283
0x46a189c7f37953b91e5bd75d0e608efdafefaf1c,9167,623072450
0xf4f8a7ee3f566c220085ecd19ebaf1d9bda7fee8,9166,623081616
0x668c50b1c7f46effbe3f242687071d7908aab00a,9165,623090781
0xd5281bb2d1ee94866b03a0fccdd4e900c8cb5091,9164,623099945
0x4b4787aace23eb70da046bcc0ccfe28d4e4fb899,9160,623109105
0x48d16f79efafc31ef980dbcaab4a7ee42b50caa4,9160,623118265
0xff19138b039d938db46bdda0067dc4ba132ec71c,9152,623127417
0x74c5c894d4bf42a960b12769e29ed662f1e3d75a,9146,623136563
0x42476f744292107e34519f9c357927074ea3f75d,9142,623145705
0x607acab3b6ecaa1bc34e1ff16c4d706faba85405,9141,623154846
0x78c048aa767be3f99c4b1165d80cd4dfc3e6a182,9141,623163987
0x670ea8f7348594b9fb0f10685ec77a3745467de5,9140,623173127
0xf0e55fb0cd9f1109691d365764ddb5ffb6bbc8ce,9136,623182263
0x8b7dde91e299e5c48128e388d7e3320e3839320d,9128,623191391
0xaca876cc386557ce0905a5ea70a1cb6c6f3ca651,9122,623200513
0x0fa698f8b7464d6d9597ecfc8f44d353b1a735d1,9121,623209634
0x87d73e916d7057945c9bcd8cdd94e42a6f47f776,9120,623218754
0xcae72a7a0fd9046cf6b165ca54c9e3a3872109e0,9119,623227873
0xb66a2131a6b840dd020151f80723caed603efb51,9119,623236992
0xb27539d74b1fc04f3766c2d285c96ac3cd096cd1,9118,623246110
0x2c537e5624e4af88a7ae4060c022609376c8d0eb,9109,623255219
0x3b11da52030420c663d263ad4415a8a02e5f8cf8,9106,623264325
0x50f5474724e0ee42d9a4e711ccfb275809fd6d4a,9105,623273430
0x6817f5aa71a1ab21d26ad8e9392a8a0d91dd3fb0,9104,623282534
0x8c9e4cf756b9d01d791b95bc2d0913ef2bf03784,9097,623291631
0xb146907392ed12031f7715b0376833e3f7c5b98c,9092,623300723
0x8a883a20940870dc055f2070ac8ec847ed2d9918,9089,623309812
0x14839bf22810f09fb163af69bd21bd5476f445cd,9089,623318901
0xe1f338e069f202f2113d32c8a5d1046d83c92ca4,9082,623327983
0x9c23d67aea7b95d80942e3836bcdf7e708a747c2,9082,623337065
0x214fcaccb6e71fef6453f1bfdac5d77018002f69,9081,623346146
0x752f2e53169191d4c776d6e6d741eb63c9b4d336,9081,623355227
0x0462c963a0b80c8bf62c79290ffb31881dd5d8da,9079,623364306
0x04797c1ae852a31665d8e512ddae33e6044ef39d,9077,623373383
0xc8ac76785c6b413753f6bfedd9953785876b8a5c,9076,623382459
0xa58b5224e2fd94020cb2837231b2b0e4247301a6,9075,623391534
0x3f013b600d31557f551131614f439e0c292dfd90,9070,623400604
0xf98450b5602fa59cc66e1379dffb6fddc724cfc4,9070,623409674
0x24a6a37576377f63f194caa5f518a60f45b42921,9067,623418741
0xb41f09a973a85c7f497c10b00a939de667b55a78,9066,623427807
0x71e7a455991cd9f60148720e2eb0bc823014db32,9064,623436871
0x13339fd07934cd674269726edf3b5ccee9dd93de,9063,623445934
0xad04db437e2d711a457f3e069a11986c9afe426a,9063,623454997
0x35ec9cd695fdd9b3af678a7a199f00aae1ad87d8,9058,623464055
0x2e0cc30a379c0d193eb5b1399c79391eb6983b61,9058,623473113
0xe5aee163513119f4f750376c718766b40fa37a5f,9056,623482169
0x534c5ec7bf392d0b6b228ebefbe3f6606a2b3484,9054,623491223
0x949e07f549351d368986be91238c503830214f9c,9054,623500277
0x49d09cda1deb8a1680f1270c5ed15218fc4b18f0,9052,623509329
0x0705ba621e97bef9e857b18d260726e99099a2a4,9046,623518375
0x5caf454ba92e6f2c929df14667ee360ed9fd5b26,9045,623527420
0x12b470a5c9055d312e1af0259b65976dce608e5d,9044,623536464
0xc946a2351ea574676f5e21043f05a33c2ceabc59,9044,623545508
0x0ba51d9c015a7544e3560081ceb16ffe222dd64f,9036,623554544
0x49516fe7bdc54b29a7f95ff55fdd38d9228e55af,9034,623563578
0x604d4f69e121178f6a91262edeb54c19c5e3b539,9031,623572609
0x5d3d1598e70a2fce9ebe13ac613185da05febbe8,9029,623581638
0xeaf61fc150cd5c3bea75744e830d916e60ea5a9f,9025,623590663
0xa870879e2872f9f2dc3a33933a9af3345b00fd14,9024,623599687
0x3ae323c0589d32067c07b4a351b10bc900d8b50d,9023,623608710
0x5fe56cb82b3d88b6e37d3a9dba8f5b40b28dda7e,9023,623617733
0xa2cb66ebb947d217f61510882096f6e95c1de97d,9020,623626753
0x51e613727fdd2e0b91b51c3e5427e9440a7957e4,9016,623635769
0x1035549a64b0fd0e459c2bb6a0a55aa090039718,9012,623644781
0xee5dfb5ddd54ea2fb93b796a8a1b83c3fe38e0e6,9008,623653789
0xca891ae246e7177aad7b50dfb1b5e9993a63eafe,9008,623662797
0x6cee948c9d593c58cba5dfa70482444899d1341c,9007,623671804
0xd1dc215e1e4df951d0e0fa8e28efa6b3809adf5f,9003,623680807
0x0bde1ebe3cc81314ceeb19d41ef774f1185ca44c,9002,623689809
0x0074d43246adc737101eca26bc8681c481d10ae8,8999,623698808
0xafcb884eaba89e6c349df66c7973c052e5b4b281,8998,623707806
0x31fa3643f5cef78c1790d494d7e3f2a59e2ad0c4,8995,623716801
0x37aa63c4cbd06a57f1ea35bceee4e46f0a7ce924,8994,623725795
0x28bddb555adf1bb71ce21cab60566956bbfb0f08,8992,623734787
0xfdc28897a1e32b595f1f4f1d3ae0df93b1eee452,8987,623743774
0xc75c0cfbe99551e35f93398b03f1bc2110f6fc54,8983,623752757
0x92e187a03b6cd19cb6af293ba17f2745fd2357d5,8981,623761738
0xe5e7ddadd563018b0e692c1524b60b754fbd7f02,8980,623770718
0x4a9f00de5d8a244944313faee23849ff725e680d,8978,623779696
0x47a8a30a59eea5c2b06dfa84e91be53444b9a419,8973,623788669
0x9108e027384506c528bd3d3603a46986c065b8fa,8969,623797638
0xf96aa656ec0e0ac163590db372b430cf3c0d61ca,8969,623806607
0x59258f4e15a5fc74a7284055a8094f58108dbd4f,8967,623815574
0x9ef0eb9d97e4e7c8612d4e5aaf9201e35bd3670b,8967,623824541
0x4ba6ddd7b89ed838fed25d208d4f644106e34279,8964,623833505
0x80a245441044f3e28812a340138eab1794578bf3,8960,623842465
0x48fb253446873234f2febbf9bdeaa72d9d387f94,8959,623851424
0x9a005c9a89bd72a4bd27721e7a09a3c11d2b03c4,8959,623860383
0x87cb562c65c288f2ca678535bcd26441bf696d55,8957,623869340
0xc7612d3ec1391081dab37504c19b2dd8e80e0192,8956,623878296
0xf06e97f30ead2fceea67e344f71aa882c9126f07,8955,623887251
0x94a4f08916c16459c3b03120bea79ce34fa23ff5,8953,623896204
0xca7b0632bd0e646b0f823927d3d2e61b00fe4d80,8951,623905155
0x94fc5934cf5970e944a67de806eeb5a4b493c6e6,8950,623914105
0x8a1e3930fde1f151471c368fdbb39f3f63a65b55,8946,623923051
0x1de3877c9012824c9acc39995647754b1fa9959f,8946,623931997
0x82125afe01819dff1535d0d6276d57045291b6c0,8945,623940942
0x9c1342c1708b5708865a2801fc96d966bad67210,8945,623949887
0x3d3af44cf092a49280e316f09c8f20ecf97bc933,8943,623958830
0xd33d46d87f500aeec8c1a1cbcbb43f952d453be4,8942,623967772
0x0c7e25e15e9f6818fa2770107b3ba565470bc8c5,8939,623976711
0xe3f3408cda03062a9eda5753ae134b6eff4be64a,8937,623985648
0xa6595bcfd91af46900fea8e7c9752db536d798f1,8934,623994582
0xbb5d4e49848c3d9f4746c0fe058fe7e602f13530,8933,624003515
0xf939c45116b9d0ea83d3c84b5fdd95c91edd39b3,8932,624012447
0x3a1dab1e50bb61e3f571eac5eef58ec71dbfbb75,8930,624021377
0xdb6192baf0e72ffd88d33508f15caedd5c79d75d,8927,624030304
0x26c8afbbfe1ebaca03c2bb082e69d0476bffe099,8923,624039227
0x98a741591049b6a92d7266a0668a26aaf61a1b5e,8919,624048146
0x8859c01b35ddf7c897086081ad0e2c721bae7647,8916,624057062
0x252b9f56359901a0bde52d0675b1f1130d86f471,8911,624065973
0x05007434b72a5e99348186f45fcd3660917da683,8909,624074882
0xac5d4cce170a809db68527caeca8755e1d4f704f,8907,624083789
0xd639659b8bc4f8cb7f736e55bfa89d3183f4bc68,8907,624092696
0x8e3aeb75392ca824d55479cae07f7f0b765743dd,8906,624101602
0x3a9280f3a7ac4dda31161d6df2f8139ae303d0ab,8904,624110506
0x4c21493de510597da8f8ca7c534448acd6b4602c,8904,624119410
0xbe1a33519f586a4c8aa37525163df8d67997016f,8901,624128311
0xda4ef8520b1a57d7d63f1e249606d1a459698876,8899,624137210
0x56e0b2c7694e6e10391e870774daa45cf6583486,8899,624146109
0xdef7bdf8ecb450c1d93c5db7c8dbce5894ccdaa9,8891,624155000
0xfa07cadc2fc45b9c82ec96f6ed6a3ba1a4c58583,8890,624163890
0x2f22f3b04c92459282cfaa9701c29b0150e1819a,8890,624172780
0x817e5796771efcbef00d0886826bc19ab621dcea,8888,624181668
0xa3ac9844514b96bb502627ca9dceb57c4be289e3,8886,624190554
0x6888a16ea9792c15a4dcf2f6c623d055c8ede792,8885,624199439
0xf382ccbd3d203c10706059ffdcfe053308955792,8880,624208319
0xe2a05a52bb1582a8c436e972531cda45b45d7ff4,8877,624217196
0x61d80088c69f0874963dcd655de7e0b851ceef61,8874,624226070
0xc63beb7a137473d043a1d9a3d3b3c298f6985c97,8874,624234944
0x8fc01e6cbdffaf09b54f423f9bb1f856b22e47b2,8869,624243813
0xe8bea818de87dd3e5ce9547120936c822b5b9502,8867,624252680
0x187c4b0e3819017a5cf07af81a4e2b16166aabc6,8861,624261541
0x3a5c3676afb1c81ff05ae57be70b97cd3c588313,8857,624270398
0x7a121269e74d349b5ecfccb9ca948549278d0d10,8854,624279252
0x96d059295f3aec8ff5063efa2cea50967564f234,8852,624288104
0xb5fde04e12a7b3074c05d4e60610a1b0dc1d5fd2,8851,624296955
0x294caec1e7c1b674f409514af529af02e67cdb56,8843,624305798
0xed04915c23f00a313a544955524eb7dbd823143d,8843,624314641
0xa1f1fc153936a3880412743d1b180fa65b63eece,8842,624323483
0x4954db6391f4feb5468b6b943d4935353596aec9,8839,624332322
0x190ea30e4458c01ce2ef2ca8ffe1598667f7b002,8832,624341154
0x84f7c44b6fed1080f647e354d552595be2cc602f,8827,624349981
0xd17f8c64635e189f3ca1ca3a16b33e841bf53427,8827,624358808
0x4331e8d6358097ed9d253e6e3e6ccd93fe5960a4,8826,624367634
0x1937edfa07a0f7d7df4dadf720750d8ea04680d1,8819,624376453
0x9ba00d6856a4edf4665bca2c2309936572473b7e,8812,624385265
0x4ab1fad6d3905695e7f89fdc7ebe56500a468209,8811,624394076
0x000000b6e4fec2ab4fa3ec2af763248c17973612,8808,624402884
0x6e452121b2cecb231ab95756f2bb034d8d07f5c2,8806,624411690
0x498aa5830da490c85dc4d92b410aab86edb26c17,8805,624420495
0x23b45c658737b12f1748ce56e9b6784b5e9f3ff8,8805,624429300
0x6ccc23875503c5a1cd901b3006bdb5eb84c17433,8804,624438104
0x0c411fffc6d3a8e4ca5f81bbc98b5b3eda8fc3c7,8803,624446907
0xbab61589f963534460e2764a1c0d840b745a9140,8801,624455708
0x5389c0467010e318b581990d4a8222979fc001d2,8800,624464508
0xbd4282e6b2bf8eef232ed211e53b54e560d71a2b,8800,624473308
0x9765986db807b4abc6cc519a5b2511f357fae1dc,8799,624482107
0xfc5772c279bb3a0bed4219c0de484deff3ed2241,8797,624490904
0x72d27dc56087197dc79518cfabe57fc0062524f6,8791,624499695
0xfd6718c82cf1317b64ef78a5e538a2d5516dcca8,8788,624508483
0x64a31c2f28e194e670666711117314784fdc5c6c,8788,624517271
0xc28e931814725bbeb9e670676fabbcb694fe7df2,8787,624526058
0x013cb1a40bd16de0eebe51c44695f6d29bb14081,8783,624534841
0x08da80f28b960bdfab798c172ff20619540b9ce5,8782,624543623
0x3e9e371f8d2e9fca315fb0a747533ced8a3fcbcb,8781,624552404
0x488771fdac168e3e313763aa2907ac5806dbc976,8781,624561185
0x1b980e05943de3db3a459c72325338d327b6f5a9,8780,624569965
0x6c2b384401f5ac765bfe6d128d785480f0ff2e71,8772,624578737
0xdda2e1cc67ff26b957fc8f431856578d650fb69b,8770,624587507
0xedbb8d620868490afde62c4c99e25c42026a5481,8768,624596275
0x9406610ac6bfd63ae3c3d5d6ed23d4dfeae741b3,8767,624605042
0xadf8b8050639b6236915f7516d69de714672f0bf,8766,624613808
0x7b1309c1522afd4e66c31e1e6d0ec1319e1eba5e,8763,624622571
0x29d38fdf26d64fa799276e6615759d27db1f1fcd,8760,624631331
0x4738692120df51df0bb75c90141e66fb294c756d,8758,624640089
0x39795344cbcc76cc3fb94b9d1b15c23c2070c66d,8758,624648847
0xbd277e47d0ecdd5db6c57eda717dd8f5a329edec,8758,624657605
0xd83c82d9ead90cdd59be89b9a893bfce3826e2fd,8757,624666362
0x220b71671b649c03714da9c621285943f3cbcdc6,8755,624675117
0x9e77d5a1251b6f7d456722a6eac6d2d5980bd891,8754,624683871
0x2467aa6b5a2351416fd4c3def8462d841feeecec,8754,624692625
0xe080079ac12521d57573f39543e1725ea3e16dcc,8751,624701376
0x952fad02a1c2442dd2a0c36fe656d8050f26116a,8749,624710125
0xa4d82f73949cb2ed1be03c0f1c134a3dbbbcbd50,8749,624718874
0xa773c5a484789117d51019db07307dac326de87c,8745,624727619
0xab585862945004eac7b79af3e20184699f0346b7,8744,624736363
0x7f37fb56662236461c94afea0a942c3db5ec5da3,8738,624745101
0x31a240648e2baf4f9f17225987f6f53fceb1699a,8732,624753833
0x2958ff9b325135374605b4e6987140a53394c6a6,8729,624762562
0xfd35c0e9706a669d7be9b2d9c69ae2927f1071db,8728,624771290
0x0bc61dded5f6710c637cf8288eb6058766ce1921,8727,624780017
0x5048b9d01097498fd72f3f14bc9bc74a5aac8fa7,8726,624788743
0x097511b9af934c6acb44ba110c24783f57fb4cbb,8724,624797467
0xcca95e580bbbd04851ebfb85f77fd46c9b91f11c,8724,624806191
0x8606704880234178125b2d44cbbe190ccdbde015,8722,624814913
0xbd8f5b2c9bc11f7d5b2882f0a5f51abb23d040dd,8721,624823634
0xb3bace433288645114fe8e8aa91f87659cbf665b,8720,624832354
0x2d40d0358ce677749cb8243fa298445c4f318f0b,8717,624841071
0x1b6810350bfbe11f1fb3c91c3bf4c50807a21b36,8716,624849787
0x3780d894db2cb84135bba025ba9ef0ac518dc311,8713,624858500
0x5f1df88d5c354006dff74d1b72a40e8c4afc0c37,8713,624867213
0x1f3f9d3068568f8040775be2e8c03c103c61f3af,8708,624875921
0x035bfe6057e15ea692c0dfdcab3bb41a64dd2ad4,8707,624884628
0xee4b7e6bc34a9f8069f910c6ac71dc294263eb26,8706,624893334
0x5dbef8e9e83a17d4d1d4c65a1e26133edae851dc,8706,624902040
0xe1f9a3ee001a2ecc906e8de637dbf20bb2d44633,8706,624910746
0x661ab0ed68000491d98c796146bcf28c20d7c559,8704,624919450
0xa9ed643042f34c8d0ddb1f2163ff1377137ef400,8700,624928150
0x72ca78aa6906c6c532048cfdb967cfad4e45761c,8696,624936846
0x7848ae8f19671dc05966dafbefbbbb0308bdfabd,8696,624945542
0x3b5e686dd3802aea632ef270743f46000d9d3ba9,8691,624954233
0x875773784af8135ea0ef43b5a374aad105c5d39e,8681,624962914
0x3c6e9be59d3b071d17a32790624c3e42b7c464c7,8678,624971592
0x368b3a58b5f49392e5c9e4c998cb0bb966752e51,8674,624980266
0x6a5ff3ceecae9ceb96e6ac6c76b82af8b39f0eb3,8672,624988938
0x389fdd55ca3ecc124ec79d795c401f15c7c16ebb,8668,624997606
0xa2b255246a3a8b69f3df493b38e9b59236d65535,8667,625006273
0x8338903248cc0cb6db0323f029d6c4abe7a39f84,8666,625014939
0xf49cdd50ad408d387d611f88a647179c3de3492b,8665,625023604
0x93581c29851e171f9a0d665122b4f50f7d5ef63f,8662,625032266
0xc6635074d5cf8c47585fab0b3ebf15c56fc6af53,8662,625040928
0x6cf6bbcf0e0e6d9d3801858ec1d9c9d93d396948,8662,625049590
0x6cb816569ab4665bdc2ba78a64aff87201608bc6,8662,625058252
0xfec0cf7fe078a500abf15f1284958f22049c2c7e,8657,625066909
0xa3545e2dbd54a28a3982fcd74c2dbc1cf152a15d,8657,625075566
0xc945c6e50c92059a3cb6f8e933dd01c81090dffe,8652,625084218
0x7ab6478cdd77acd0bde4ad9620c1570cb12504e9,8649,625092867
0xe714642afae7117ff522b20a87547de12c3d02dd,8648,625101515
0x6fff3806bbac52a20e0d79bc538d527f6a22c96b,8644,625110159
0xab16e0d25c06cb376259cc18c1de4aca57605589,8643,625118802
0xd74f5757eb3bb29d23809a5f6dc355ec8cfa75c2,8640,625127442
0x6f14c9feaff7a0efe47253045e31faaab015803e,8640,625136082
0x4730fb1463a6f1f44aeb45f6c5c422427f37f4d0,8638,625144720
0x78f59ad2197a8f9d0f8fbb5d0096db80c08feb9f,8637,625153357
0xccb67615b0334205fa90516decd79167026daddf,8636,625161993
0x41bc0913ed789428e107c4ea9ed007815c5a8230,8633,625170626
0xfc98e825a2264d890f9a1e68ed50e1526abccacd,8631,625179257
0x2655b8a7357f4bb4a8cb2170e196096ac8f0cdf9,8627,625187884
0xc72ed4445b3fe9f0863106e344e241530d338906,8627,625196511
0x79215cde52b4e8e4d46dd81f45e38b88d2290815,8626,625205137
0x91a57b2f6fa86b373bce5716eb26c81cbb004223,8622,625213759
0xf1f508c7c9f0d1b15a76fba564eef2d956220cf7,8621,625222380
0x2f109021afe75b949429fe30523ee7c0d5b27207,8617,625230997
0x1ed2b1eaed8e968bc36eb90a914660a71827a5e9,8611,625239608
0x0000000000013949f288172bd7e36837bddc7211,8608,625248216
0x1e2f058c43ac8965938f6e9ca286685a3e63f24e,8607,625256823
0x17db86b8a8a53476236a41fd9511b0a67622013f,8604,625265427
0x2763128f58baebe3db3600f4c949d7128dc930e8,8603,625274030
0x6b4fccdd888bb6fd3934a9e49ef64dfd2c0d8e6d,8597,625282627
0x9ddbd612566873b5db77fe50b022818be16ab9df,8596,625291223
0x6e9730ecffbed43fd876a264c982e254ef05a0de,8595,625299818
0x998ffa137f081e393c7174e4bb2a8d23df59e55c,8594,625308412
0xf403f9dd65a7e96a38ed2003a002b97fada1d27a,8592,625317004
0x7ebb02287d275e731975628fdb36fd3ea1688fb2,8592,625325596
0x7eeb9fbe9288273d9d212f54979536f7decac6c8,8592,625334188
0x91cdb5bb5969bfed2373e97378354052bbc606f2,8591,625342779
0xd3d2e2692501a5c9ca623199d38826e513033a17,8589,625351368
0xa86a0da9d05d0771955df05b44ca120661af16de,8583,625359951
0x2ec255797fef7669fa243509b7a599121148ffba,8582,625368533
0x20e8edf0d4783b34d6382a6779fb3a7c0259be0b,8581,625377114
0xb80d657ed1d4efe5b273cd9fdbfab2b2ca7bdb14,8578,625385692
0x98b89a9947a668c1baa48382de7f4a952ef37b53,8573,625394265
0x6b89caa6276b83c2755baf2f41acafec4b07d9aa,8573,625402838
0x7a3425f87ace3463850398d659b0f9c4f1ea840d,8570,625411408
0x741fc999f5b62c80831cf659aed04c64ac8ef24e,8562,625419970
0x8c48060e5788518cd8e7097a432f5150b92d9809,8559,625428529
0x7b68d272eda2185ea2f9283f241b1c44c51e712a,8555,625437084
0xeb21209ae4c2c9ff2a86aca31e123764a3b6bc06,8554,625445638
0xf612773e8e1daf16c65c5ab5e1268ae0ceca0c0e,8552,625454190
0x99013b60cc2fc35df7bd915eab446faaa5996c92,8551,625462741
0x6d894a8e589a037f1bba18b03f7844df1b81a699,8550,625471291
0x4d807509aece24c0fa5a102b6a3b059ec6e14392,8546,625479837
0x42a5ed456650a09dc10ebc6361a7480fdd61f27b,8546,625488383
0x4525d2b71f7f018c9ebddfcd336852a85404e75b,8541,625496924
0xae1e1d71f65a380f2fc60ac85a5f710ec3c81b16,8540,625505464
0xe23b713bf714e0ea9a319a54a8c3eb0f6687346e,8539,625514003
0x1245ef80f4d9e02ed9425375e8f649b9221b31d8,8536,625522539
0x1c073d5045b1abb6924d5f0f8b2f667b1653a4c3,8536,625531075
0xb73e314501ec4dc2c7c7351514458b1c139df98a,8533,625539608
0x9e8f95969ab023c36541bc089e25d50c6fcf0811,8533,625548141
0x8ab98c28295ea3bd2db6ac8b3ca57a625c054bd1,8533,625556674
0x369a07e09461f6eb506fa581508674281c11ccd0,8530,625565204
0xb10ea0d397db942a1083a4af9c6074ab63bc8c8b,8529,625573733
0x0ab2c9e20aa31fd3a3728a86f2526cca06a2b76d,8527,625582260
0x8007aa43792a392b221dc091bdb2191e5ff626d1,8526,625590786
0xff77e51f2c6473f72392865e0a0000de19af774a,8524,625599310
0x5830621c4b4ad2cbb22ef583530eb4287a1614ed,8522,625607832
0x9dc00f635e802dbcd13e56613fd24b2bd83106e0,8515,625616347
0x865bfd8232778f00cae81315bf75ef1fe6e30cdd,8515,625624862
0x7aa6e2506316f6d613277d4f2f4e4e1dc55e528e,8514,625633376
0x73dd069c299a5d691e9836243bcaec9c8c1d8734,8511,625641887
0x76458b78566cbcf6daf7a4ad02d2d92825c6b0a5,8508,625650395
0xe915bbab85fd05eda46b1f98277c96a9e21e689a,8505,625658900
0xba21ef4c9f433ede00badefcc2754b8e74bd538a,8502,625667402
0x4b1e80cac91e2216eeb63e29b957eb91ae9c2be8,8502,625675904
0xee74110fb5a1007b06282e0de5d73a61bf41d9cd,8501,625684405
0x1a2ecc0837d4dac0a7b5df61da77ec6674257ea4,8500,625692905
0x1c48f86ae57291f7686349f12601910bd8d470bb,8499,625701404
0x5c40ef6f527f4fba68368774e6130ce6515123f2,8494,625709898
0x5ea0376cfe14414218c1f1ebcc24cca9c74063b8,8493,625718391
0x5fccbb6a80c6ecb3f2d25ebbf26aec2d68ae5374,8492,625726883
0xb46af8523d135c103416df458b9072f0d71b1e23,8488,625735371
0x52166528fcc12681af996e409ee3a421a4e128a3,8487,625743858
0xdc078ff399d0001c31454e83896e8881d164fb95,8484,625752342
0xd967a0d5477c50df24383771efafc40b3e2b09dd,8481,625760823
0xef2463099360a085f1f10b076ed72ef625497a06,8480,625769303
0x33e21e7402347c0da75d37b10f1d9dc73811b3b6,8475,625777778
0xf6a86eaa9ea0f38f66b3718114ae79acaf35e02f,8474,625786252
0x6958f5e95332d93d21af0d7b9ca85b8212fee0a5,8473,625794725
0x4eeea7b48b9c3ac8f70a9c932a8b1e8a5cb624c7,8471,625803196
0x9a794dc1939f1d78fa48613b89b8f9d0a20da00e,8468,625811664
0x45a2fdfed7f7a2c791fb1bdf6075b83fad821dde,8465,625820129
0xe0ae35fe7df8b86ef08557b535b89bb6cb036c23,8465,625828594
0x9bb1db1445b83213a56d90d331894b3f26218e4e,8464,625837058
0xd4ca5c2aff1eefb0bea9e9eab16f88db2990c183,8461,625845519
0x0a9d68886a0d7db83a30ec00d62512483e5ad437,8456,625853975
0x2ac8999c2f11d8e190e243b7ac2483733c0f0e3c,8456,625862431
0x033e52f513f9b98e129381c6708f9faa2dee5db5,8456,625870887
0x5e74c9036fb86bd7ecdcb084a0673efc32ea31cb,8456,625879343
0x5a98fcbea516cf06857215779fd812ca3bef1b32,8448,625887791
0x67237b0294f78ebd5a2ba97fa7179d248df00401,8447,625896238
0x2dad2c84f6c3957ef4b83a5df6f1339dfd9e6080,8443,625904681
0xda9a63d77406faa09d265413f4e128b54b5057e0,8441,625913122
0x221535cbced4c264e53373d81b73c29d010832a5,8434,625921556
0x56de36fcd949cbbcb1b511e4c125f452e0162947,8431,625929987
0xbf78b6e180ba2d1404c92fc546cbc9233f616c42,8429,625938416
0x3a04336c56f510f60bda4a927b0dbf8d7a1b658c,8425,625946841
0xf70a642bd387f94380ffb90451c2c81d4eb82cbc,8425,625955266
0xd69a8934a8a6231b7233a1fbca6e90d70d7bce91,8425,625963691
0x16c1e5baf21b9fa4bc9f2c374e4dc19fab5ac5dc,8423,625972114
0xd3cf4e98e1e432b3d6ae42ae406a78f2ac8293d0,8423,625980537
0xd6f888b208701b8de3e0f0e17b73dd189a5c9bcc,8420,625988957
0xcb32e3f02682da9017247521f8f990d21bcaf143,8419,625997376
0xfca6a62a11cd75ef6506c4973a67c5b2a3d8915f,8417,626005793
0x8eef5a82e6aa222a60f009ac18c24ee12dbf4b41,8414,626014207
0x87f56ee356b434187105b40f96b230f5283c0ab4,8407,626022614
0xa7dfb33234098c66fde44907e918dad70a3f211c,8407,626031021
0xebdf9a7ae0009b958c6d09501eb9ac1dafeb31ab,8405,626039426
0xbcdf14de99140a51fc7b714a35e553fe9e452883,8404,626047830
0x3c77312be032b7e36b57b5a9a44fed9fb3d59771,8400,626056230
0x5e3002dff591c5e75bb9dedae268049742e6b13a,8397,626064627
0x5f3d348a189c8a0955ab75f92db893ddf4950699,8391,626073018
0xd04785c4d8195e4a54d9dec3a9043872875ae9e2,8390,626081408
0xaf93fcce0548d3124a5fc3045adaf1dde4e8bf7e,8389,626089797
0x1276dce965ada590e42d62b3953ddc1ddceb0392,8385,626098182
0xdc24316b9ae028f1497c275eb9192a3ea0f67022,8384,626106566
0xb8e2e2101ed11e9138803cd3e06e16dd19910647,8384,626114950
0x140b638db97eaa77a6ebf22a87f0f00a03ab9c20,8382,626123332
0x05079687d35b93538cbd59fe5596380cae9054a9,8382,626131714
0xd6a81d7a8b4d1cc947138d9e4aca5d3cde33a170,8379,626140093
0xdbf348bb34338e88118b0dcc4efecb298779ce82,8379,626148472
0xf28463c616bd7b14287b0a4a950d35324f2d7280,8377,626156849
0x1695936d6a953df699c38ca21c2140d497c08bd9,8376,626165225
0x7d800f4af4f7c700dbe33a28e161b4be01d690da,8376,626173601
0x6f4198842919f93b3ed03a56b0c23e0e514d148f,8359,626181960
0x01bbec6573ed7eca0f307a10d2b4ceb669816b4a,8355,626190315
0xb8742486c723793cf5162bb5d3425ed9cd73d049,8354,626198669
0x4ef51bdb5bcc39520b03f7c526cd8f5e1e63237d,8352,626207021
0x003f79d7be15dc1ad90ce00e6ea68f335e2b789b,8349,626215370
0xf176ef1d4272c4a3c46ddaa5cec367e00e962a54,8346,626223716
0x0000fc6a655a7b4c009560d9002b26000959007e,8343,626232059
0x827d53c8170af52625f414bde00326fc8a085e86,8338,626240397
0x7b22938ca841aa392c93dbb7f4c42178e3d65e88,8336,626248733
0x3c0cac8290e2a6241814f812259278bea9050838,8336,626257069
0x42bedd647e387dabec65a7dc3a3babcc68bb664d,8336,626265405
0xe5541c5cb9baabc9aedce36164bfefee68672256,8336,626273741
0xf55a32f0107523c14027c4a1e6177cd7291395a0,8334,626282075
0xaaeff6c96f952fc67379dcfa1667fc32af02069b,8333,626290408
0x422866a8f0b032c5cf1dfbdef31a20f4509562b0,8332,626298740
0x76c82ba3c5962e41a896e54a4fdf9f13da90eb7f,8331,626307071
0x0ee346a631ac604ef42095109ab943482c3db6e2,8330,626315401
0x72630b1e3b42874bf335020ba0249e3e9e47bafc,8329,626323730
0x8d77acc30267a7127516d44e415228bd158b3729,8321,626332051
0x29ac14bf29ba9481fc91b67f07e6ea57a7a4fa7b,8321,626340372
0x15b543e986b8c34074dfc9901136d9355a537e7e,8319,626348691
0xca004470cc29574390217cc9dfd37919b4dc4681,8318,626357009
0x58643a204dd836daa5aa675ad9a3d1a33e32300d,8316,626365325
0x93663f1a42a0d38d5fe23fc77494e61118c2f30e,8315,626373640
0x4675e6a0e31934a18dc37e3d63870ca5ace5ee76,8315,626381955
0x919c9b9621b3da0809431b213c431a796cb8fa1f,8314,626390269
0x74f4ef03989702d1a6daeecc23e16e408604e3ff,8310,626398579
0x9817c4d9c7ab47eadd5e990266ce990706884516,8309,626406888
0x9a12585b6ffe2f9e1612bb551e161cd02a3118ca,8309,626415197
0x2cd9324ba13b77554592d453e6364086fbba446a,8309,626423506
0xa160cdab225685da1d56aa342ad8841c3b53f291,8300,626431806
0xfa75b65e52a6cbc5503f45f4abba2c5df4688875,8300,626440106
0x7dcf71a9f45be4b0c028e3bfb78bdbce8c682e57,8299,626448405
0x599c0efde18afbf42d1af5b1dc2f592b37cd21bb,8298,626456703
0xc2ee3304e1029bb79a6da41113aa0452481ec59a,8297,626465000
0x5d22045daceab03b158031ecb7d9d06fad24609b,8297,626473297
0x919a16425e2b58cc5aa8600258feb385431484e3,8294,626481591
0x61026cd3bd900718357d7add4b03fa00d6cbac57,8292,626489883
0xf0c5391f9b69bd4b7f79c34aac7023ef3af1afe0,8291,626498174
0x12795d1331b2f9a4c789203efc5987030854ad55,8288,626506462
0xfd89ea92f6ec07d955e2adbba2400ca1a6369028,8285,626514747
0xa352f6908d398eb2a54e4b7a1ca170d3d63c0c01,8284,626523031
0x16c00b7276bef7d97a72e61526819a9165c63d2c,8282,626531313
0x60aca727648a54c0796c2f02af2494dfc778e9ea,8278,626539591
0x81aff3701a2a6ad7ce2782b61b27967141a8e2ba,8276,626547867
0x1dd80016e3d4ae146ee2ebb484e8edd92dacc4ce,8276,626556143
0x747c276c9a714c79a6b9b9ea1a995888cc9e35e4,8270,626564413
0x5a48ae20173382884929dd5e130ed9b81931ea88,8269,626572682
0xd9746e3d512ced5676d3f71a7b29fa966d39a6f4,8268,626580950
0xa6330f3429c75747e735dc8590cf9cb75c31e013,8267,626589217
0xf38d82677595119ed98b3add47af686a621e3f61,8266,626597483
0x737c461a47f6f62a87c8e39ef0958b0f3153d5b6,8264,626605747
0xce2c1941dc92f12d6c06ce6645c0466090540dcd,8263,626614010
0x07712e925a753da463d3be2f4731957857dce42a,8259,626622269
0xa81e48f350178632ec4f4092140c345c0881c2b6,8255,626630524
0xe5e7695964b3ddef08afc666c615fe2ef1b16b0b,8255,626638779
0x9ea79c6f27fd7b149fd72a5299b2f0f821e7d76c,8253,626647032
0xecbcd6d7264e3c9eac24c7130ed3cd2b38f5a7ad,8253,626655285
0x86951a27ccfd4e56e29f2b0833b17eb5427a30f7,8252,626663537
0x7b69b78cc7fee48202c208609ae6d1f78ce42e13,8252,626671789
0x7f3022e1a100f7539a19989fa9e7916aa9bda9a3,8249,626680038
0xe5b826ca2ca02f09c1725e9bd98d9a8874c30532,8249,626688287
0x394dcfbcf25c5400fcc147ebd9970ed34a474543,8245,626696532
0xd9d3a894e2926d6d3da9a26608be4a075d7c4071,8244,626704776
0x9f0994960f671398b167547549f17d602cd38ccd,8240,626713016
0x0a50c93c762fdd6e56d86215c24aaad43ab629aa,8235,626721251
0x5580ab97f226c324c671746a1787524aef42e415,8233,626729484
0x094d12e5b541784701fd8d65f11fc0598fbc6332,8228,626737712
0xc3d6dda603fc15fd4bf9303150fe11c7cd6059dc,8226,626745938
0xbc4171f45ef0ef66e76f979df021a34b46dcc81d,8223,626754161
0x2beef63f724c9c6e60d52fedac505c20c6f09267,8221,626762382
0x53ea58ea050ab759ab4ab6f4ac2981575e432402,8221,626770603
0x00000000008fcc11999bb2d9289e187cc4c9c610,8218,626778821
0x836e0d19c3b74e2ddcc79ce2134ec1952c4de9ed,8217,626787038
0xf00fcd9119f93a1069054e4280970a75614ad7c9,8217,626795255
0x4ce6b362bc77a24966dda9078f9cef81b3b886a7,8216,626803471
0x1b002cd1ba79dfad65e8abfbb3a97826e4960fe5,8215,626811686
0xf9b745661d39c0823074586207e6ec180824408e,8215,626819901
0x8b39b70e39aa811b69365398e0aace9bee238aeb,8214,626828115
0x95bdd07eda8e1d8932444f5f35e2db63ed824a18,8210,626836325
0x755cdba6ae4f479f7164792b318b2a06c759833b,8209,626844534
0x597ad1e0c13bfe8025993d9e79c69e1c0233522e,8209,626852743
0xc065c93f7ff3e81b874d8ee107f818ea9c286f31,8207,626860950
0x494bbaf0124285e6ecb4dfd9eac76e18a9bf470f,8196,626869146
0xb3f1c771e232516aceae118dce40fa3199504931,8195,626877341
0x2c594e1cb006e86c3879b1d8191a8b059af52be7,8194,626885535
0xd6115822be14782310b00557c52d28257a952be3,8191,626893726
0x722eb42b1dee988634f9d55222bc90dacd60eb45,8187,626901913
0xc6cfba0e7f7213a3f1809e96b2a166fd2b137dff,8186,626910099
0xc5b6488c7d5bed173b76bd5dca712f45fb9eaeab,8185,626918284
0x7b123f53421b1bf8533339bfbdc7c98aa94163db,8185,626926469
0xc165c159d3b19c36ca1a84f6841a801af47c9c03,8183,626934652
0x3c653f8fed7b0f51c1cadf46e7c798b476ca8d3a,8181,626942833
0x6e14ccec454b12ab03ef1ca2cf0ef67d6bfd8a26,8179,626951012
0x3834bb623c43c0184d0c85e12082419e4374e398,8178,626959190
0x911876bf6c206d07045ec2e3fc42f8527557692c,8178,626967368
0x560a20eddeddf84217221aef0d5ca7d7ae7ae798,8176,626975544
0x7a8292f8dff53308bdaf5d7cd78d74f89e682d01,8176,626983720
0x026e62dded1a6ad07d93d39f96b9eabd59665e0d,8176,626991896
0xca0e7269600d353f70b14ad118a49575455c0f2f,8174,627000070
0xe5e744eb231f85ed330bce49522cdd6e2f5d5b83,8172,627008242
0x2264365d5e9d7d000ed531a919c505027c5def2a,8171,627016413
0x7051620d11042c4335069aaa4f10cd3b4290c681,8169,627024582
0xf4a9562b4bae2de5d0e3801120aa2d6c79c91b5a,8168,627032750
0x0605dd524bdbe8c3edde6ebe59600011328243d9,8165,627040915
0xcb4787bf505a751ec37678e33d2b4fdf491af9d2,8164,627049079
0x850abeb6f3b87df3a8a58555720b9217b75599a7,8162,627057241
0xdf329603bd378021698f9833cd5205b52f9e370e,8161,627065402
0xfb61d5a3ac90ee74ce345173394b9ad88347c7f3,8159,627073561
0x273a5d3e6721b9f5c1a6474f560c1334c63dda01,8156,627081717
0x76fcf3b3ef1cdef4ad3b7a719320f9a999a6b5f3,8154,627089871
0xf95e62cf042a0e60afd945f8c9353b850da5e971,8153,627098024
0xbec282dc7d575f6ec230724a3902b816d9a808b5,8153,627106177
0x005777bbfb040c9cd2ab3ca27de70e5db519444e,8152,627114329
0xe9066571029b6fdaf5384853c384c7b01bf39641,8151,627122480
0x94e17901b6dfae329c63edd59447e2882e55aca6,8146,627130626
0x9154aa77e5b0bd0b07508ae883a3fcd6a0169511,8143,627138769
0x03452e69ffcd9c45ca34ff4d9ba2209d38a8d56a,8143,627146912
0xb7d9eba6b324869e53e11c797565ceae0881750a,8137,627155049
0x84ac94f17622241f313511b629e5e98f489ad6e4,8132,627163181
0x1166b1a0f67fa3e22614e9c48a002b536645fc7c,8132,627171313
0x79986af15539de2db9a5086382daeda917a9cf0c,8131,627179444
0xee9801669c6138e84bd50deb500827b776777d28,8127,627187571
0x5385c6dc0638a9e7dc749a44b6f974d3f472aef2,8122,627195693
0x1de6538fadf753b45339ecb30bfd5f90f40f66ed,8121,627203814
0x5ac25534c0d422fff109a76bc4bad07b67f7d5b1,8120,627211934
0xa6e76b5d1c1dc6fee150f05a777ce25e3bd48f53,8120,627220054
0x1f2910b0d423bbc4271af083b17fb2837f215c36,8117,627228171
0xa2881a90bf33f03e7a3f803765cd2ed5c8928dfb,8117,627236288
0x7b0bc7c2931a95f66b096fca4d7a419302ca20e1,8113,627244401
0x70e14cd4d6e71775580124c139df842b11c3ac3b,8111,627252512
0xfa2632a88bd0c11535a38f98a98db8251ccbaa9e,8111,627260623
0x531f4e98ffc5a5f06898066a3deb376bd68b2ddb,8107,627268730
0xab85d25a50183fa56a5a98f644aa3a0ec9024bb9,8103,627276833
0xf4065e4477e91c177ded71a7a6fb5ee07dc46bc9,8102,627284935
0xce0b7fc318a2b29193c536388d8bd8802c33dee7,8100,627293035
0x85924fdcccb75c47c3d2155ae0a519018164cac0,8097,627301132
0x52d35e8f0ffa18337b093aec3dfff40445d8f4f4,8097,627309229
0x22b475f3e93390b7e523873ad7073337f4e56c2c,8093,627317322
0x0858f2cc023cf6953ebcbbb6b9752844c932f538,8093,627325415
0xdb7eab9ba6be88b869f738f6deeba96d49fe13fd,8087,627333502
0x0facf6fe246d212c8828ed78f024df1dcff22bfe,8085,627341587
0xe8f9fa977ea585591d9f394681318c16552577fb,8085,627349672
0x845838df265dcd2c412a1dc9e959c7d08537f8a2,8083,627357755
0xb157a26c18ddddffb0708953ca174e6d0566b7e4,8082,627365837
0x2716aeb8f8c0bd77cdf85da0427ba8f3b58c3a96,8076,627373913
0x79d32cfac14a486d9cc5af8f6542fffc604f03db,8075,627381988
0xb901351bb846fed866554945b22cbdd38a3df1d1,8073,627390061
0x764280456ae178591e037e36b01f69a52d9327a7,8072,627398133
0x38148e6adb0b406e34dc3cb1f35d45da44c0e97d,8071,627406204
0x76e2cfc1f5fa8f6a5b3fc4c8f4788f0116861f9b,8070,627414274
0xba1ed22c69ad00739ee2b4abd70e270be9e87ee2,8070,627422344
0x81313f7c5c9c824236c9e4cba3ac4b049986e756,8069,627430413
0xf48d1ffbed1d9b87cc0b4410d16230b35bdfc28a,8068,627438481
0xd4cdd5e54ccedda7e9408b31759c9f9ceecbb3ec,8067,627446548
0x8ad7e17c5e338b500b6450459791eb76dc4e20f7,8064,627454612
0xa8cac329f783edac931815c5466e283d48c9d7f7,8061,627462673
0x5a208dbec7a8f2d68358b12eacbb04b60b13a952,8058,627470731
0xb5f54ac4466f5ce7e0d8a5cb9fe7b8c0f35b7ba8,8058,627478789
0x282cb0a611280ff5887ca122911a0ca6b841cb03,8056,627486845
0xdbc0c15a7d9a5d7e500fe0af1e8d0d3829b4a1f3,8056,627494901
0xdc98556ce24f007a5ef6dc1ce96322d65832a819,8056,627502957
0x2094a142ce08a5054fc1cb0dddd014dbac6d5ff2,8052,627511009
0x73139212d0f62c6ddb6514c6a55c3778eb798d72,8051,627519060
0xa7fe0845036b28e5607f553dcda343c30820f613,8050,627527110
0x1f88cac675a37b649646860746f25f58e21b99f2,8048,627535158
0x537139155679dbb553767187d60f89ba2610aa7c,8047,627543205
0x37f3b6db146893f7157113d35fbcfc17ce2b3942,8047,627551252
0x5d33de3e540b289f9340d059907ed648c9e7aadd,8039,627559291
0xaff84e86d72edb971341a6a66eb2da209446fa14,8035,627567326
0xb4bebd34f6daafd808f73de0d10235a92fbb6c3d,8031,627575357
0x0e7cbd782df6a82c80767f9765aa3472f7b189e1,8027,627583384
0xa982b2e19e90b2d9f7948e9c1b65d119f1ce88d6,8024,627591408
0xb64307ae88b0d3f118003e9bfb78e7419a1541d3,8023,627599431
0x56af6596f28d9e6f289521d31affdb95c412265e,8020,627607451
0xf121ce76c6470fa3b0a5d4240f55eff10c8b221e,8017,627615468
0xb48e0f69e6a3064f5498d495f77ad83e0874ab28,8016,627623484
0x3990106b490521e73637e8da02e7ae875f28d3ca,8016,627631500
0x5a377010f45aa9d3eab13032318f717fb42adb5d,8015,627639515
0x1de5e000c41c8d35b9f1f4985c23988f05831057,8012,627647527
0x00000000e8080db3ed60313725643d38bec42071,8012,627655539
0x265ba42daf2d20f3f358a7361d9f69cb4e28f0e6,8010,627663549
0xede4edd0c0209db3172a9a07607b47fcf57e6355,8010,627671559
0x182d4990bb0ff595b308b3efcb93313abad575e7,8010,627679569
0x9d1cdcfe212351ef2f78d53a786444cfcb537374,8009,627687578
0xce269e78c79a2ac66148225fd2939d322f1748d9,8007,627695585
0x9e923c70d090c5fa57dc4cf377bdd826c5ced550,8007,627703592
0x6798cc8ad079a7e663536f83ee26d63aabe03da9,8006,627711598
0xebc7cd2684dd96619841c7994343c5a8bda94b10,8004,627719602
0x910524678c0b1b23ffb9285a81f99c29c11cbaed,8001,627727603
0x73caafcda560257057d78da6bab92fbb3a6aeb10,8000,627735603
0x5fe4b212422fa42448c84e8a996f8a46f17cef0d,7999,627743602
0xc6bebac37b6fffe6b8f0c4b7a13de63324a8a53d,7999,627751601
0x43567eb78638a55bbe51e9f9fb5b2d7ad1f125aa,7997,627759598
0xf8f48a4181b9b307f0b23fc79d711e2159f0ba51,7996,627767594
0x6f2deef18421ba39065223b23ef38666b3052a46,7992,627775586
0x8a284265f174fd8be4704bdc9a19561dfc0febf2,7989,627783575
0xc1d2e4487ff42a5971a9f4c47914d1ac0cb16617,7988,627791563
0x1fdbf64fffa3f3fbdbe8cb5a54fff99c991d06be,7987,627799550
0xb5e5585d0057501c91c48094029a6f4fb10b5a01,7976,627807526
0x0ebb614204e47c09b6c3feb9aaecad8ee060e23e,7976,627815502
0x5548382459e40afbf9f1b084c76278234956db3b,7976,627823478
0xcd62b1c403fa761baadfc74c525ce2b51780b184,7972,627831450
0x7ca5b0a2910b33e9759dc7ddb0413949071d7575,7972,627839422
0xfaf4a5fbf621b049215c19a73babd0b94fd9155f,7972,627847394
0x68914f948f37f1273d86c03130efaab97bc7ee3f,7971,627855365
0xa7becdd46648110112c85dd489a70f1119c81698,7971,627863336
0xb8210c885929dc46fa6bad2579a2668fcedfd6a3,7970,627871306
0x91c4b0cfc5eac8b8c5fd953ae9fbc707b520a7d6,7969,627879275
0xe9a3217b3e9c7384dd62c0159ab05ea00ab4093a,7969,627887244
0x8564653879a18c560e7c0ea0e084c516c62f5653,7969,627895213
0xb726da4fbdc3e4dbda97bb20998cf899b0e727e0,7965,627903178
0x8f06fba4684b5e0988f215a47775bb611af0f986,7961,627911139
0xf5ab36def38e2635342e93895fedbd93c8ebb715,7961,627919100
0x78a5b382b9a83fe042a4f7eb2399d563fda931c3,7960,627927060
0x86c72ba64629e535d557cd6bc18a3a9cf93fe33e,7958,627935018
0xf16e81dce15b08f326220742020379b855b87df9,7956,627942974
0xa29367a3f057f3191b62bd4055845a33411892b6,7955,627950929
0x4a5573ee3f333260db50a385f6ffdac440fc80b1,7954,627958883
0xcd8aaf8a6b6bdfb537c81d198f545f537467c4e4,7951,627966834
0x6be61833fc4381990e82d7d4a9f4c9b3f67ea941,7950,627974784
0x63f88a2298a5c4aee3c216aa6d926b184a4b2437,7948,627982732
0xb76512cda72615797fd33cb2d4c3c7d91cfc7861,7947,627990679
0x29c4833b3b9494beb248d9c37be6e35da157974e,7945,627998624
0x1b42d76e90e81dfabf734a094f1a6241c5276af8,7945,628006569
0xd8ed55e0eee3dfed87e6c07e38ab569a54096c28,7944,628014513
0x5df02df4427a2b7ac527f57af68a3971f51be44c,7939,628022452
0xe74b35425fe7e33ea190b149805baf31139a8290,7939,628030391
0x8946a183bfafa95becf57c5e08fe5b7654d2807b,7937,628038328
0xc15cad9d66fd03bf38c0270360aa040d70ace2e3,7936,628046264
0x3ff5826b18859a548f59cdbf511df555c3d9b2df,7935,628054199
0xf49ecf01fa30a1f3e625c7c2674b684580b552c8,7934,628062133
0xe0c72452740414d861606a44ccd5ea7f96488278,7927,628070060
0x268b7976e94e84a48bf8b2b57ba34b59ed836a74,7927,628077987
0x9db49c5af0ebb90bd96c466b79d1ca19643da45f,7926,628085913
0xb59fdff77a6175dfa4fe7af4281a52f61611eaa2,7924,628093837
0x09e64c2b61a5f1690ee6fbed9baf5d6990f8dfd0,7921,628101758
0xe0e73e8fc3a0fa161695be1d75e1bc3e558957c4,7921,628109679
0x4976275a8b701f9c4dc07cf53cd862782555e144,7915,628117594
0xbbbbdb9b6912f2b11cb011c8a0ee86b87929b590,7913,628125507
0x759c5a3899054319a224235f861778aa19ebefb7,7913,628133420
0x03c780cd554598592b97b7256ddaad759945b125,7911,628141331
0x1d0582fa759e4b9beab4f6f82cc539ac62c49250,7909,628149240
0x5f0e628b693018f639d10e4a4f59bd4d8b2b6b44,7905,628157145
0x7be6327d21414a9da0ccb92925479530aff89e6a,7902,628165047
0x4cf2220105995f006813923019f02be1ccca8132,7902,628172949
0x2042044f5c22f577ee8687e1c269596e5ea0b6af,7901,628180850
0xcc743f647bee3bf693eb90d5ecd6d76915707f89,7894,628188744
0xff8998b32a2b3da59de78518086ea4431b30a2c6,7894,628196638
0x88b5abbe1c5a4e1b180445cff42aeeb28a6c8b3a,7893,628204531
0x99092a458b405fb8c06c5a3aa01cffd826019568,7891,628212422
0x4848ba19a70dfab56c8b5471f83349cbf5f7219a,7891,628220313
0x6201b699d16cc005427d66599767e9d7e7fc12d9,7889,628228202
0x22f765ac716331745a80e27e1935d490d73952c0,7887,628236089
0xaf35f9551f728c65c4f5a40eff1e3afd18025008,7887,628243976
0x0fff95d5ab18c763c42c209f137c47354af104a8,7885,628251861
0xd87c7ef38c3eaa2a196db19a5f1338eec123bec9,7884,628259745
0xd29d793576b4b2da7f24f87eaebaef144019c803,7884,628267629
0x49fb8ab3fed4003c8c5805496cbc3a19760e67b1,7880,628275509
0x1457ef45c753e2675a409537250b66b3d0cadbad,7880,628283389
0xa825cae02b310e9901b4776806ce25db520c8642,7879,628291268
0x7a12a550cc13ce7c38c40a58465bfbb55d1edc36,7877,628299145
0x2faa316fc4624ec39adc2ef7b5301124cfb68777,7876,628307021
0x72e9d9038ce484ee986fea183f8d8df93f9ada13,7874,628314895
0xaa2ce7ae64066175e0b90497ce7d9c190c315db4,7874,628322769
0xf786c34106762ab4eeb45a51b42a62470e9d5332,7871,628330640
0x21c1720f9330496bc19553ce335dea7d4b70e426,7870,628338510
0xf63a899daf5f486131600ea31cbdd55c186b2e8b,7869,628346379
0xadb2437e6f65682b85f814fbc12fec0508a7b1d0,7869,628354248
0x888a675ca267743387ec62095af04ee662d4c937,7868,628362116
0xc1e565367b5b0dcfcbaf2ca948429cc604249a6d,7867,628369983
0xcc9bec9ee79259c7757a24c288fb5ceabc9ca40b,7867,628377850
0x4f0d6e2179938828cff93da40a8ba1df7519ca8c,7864,628385714
0x89ee58af4871b474c30001982c3d7439c933c838,7861,628393575
0xc0f9bd5fa5698b6505f643900ffa515ea5df54a9,7860,628401435
0x7d152fe26431e6585dbff9ef37e375e49b862739,7860,628409295
0x29b3dcbf02aa6156009a1ba374fafcc6819cc540,7859,628417154
0x456c636ca9fd54dbdd66de6c1c0feaf5637ddb7b,7859,628425013
0x12b1423fc64872a497ca199f8448f1946b76c283,7858,628432871
0xf6cfe53d6febaeea051f400ff5fc14f0cbbdaca1,7855,628440726
0xf3db9a281ef5273741388cf0ca164d39e18433dd,7853,628448579
0x84db6ee82b7cf3b47e8f19270abde5718b936670,7852,628456431
0xeeaa40b28a2d1b0b08f6f97bb1dd4b75316c6107,7848,628464279
0x4b4701f3f827e1331fb22ff8e2beac24b17eb055,7847,628472126
0x247b398ecd5fa511c0220e224274ae3351ee655d,7846,628479972
0xc1635083cf496d262c18ede80a0488b620316d07,7844,628487816
0x61a9758686bf7a9c687444c7f0879f7ccdff2abe,7843,628495659
0x9b06d48e0529ecf05905ff52dd426ebec0ea3011,7842,628503501
0xc3957cf07d0970deedfced034a092b496f9067da,7842,628511343
0x000000000ddff3ce6638c1f1a1448a7d243b6cc8,7841,628519184
0x245ef47d4d0505ecf3ac463f4d81f41ade8f1fd1,7840,628527024
0x4b9c25ca0224aef6a7522cabdbc3b2e125b7ca50,7839,628534863
0xee395235ac363725c6b895d8994706cb7050482f,7838,628542701
0xf30547ff2df1f1cbe5c8dd758b3dd098c856e38f,7834,628550535
0x4e457f1a5f1964659a7a3c0f50a2a1b1436557c1,7834,628558369
0xa4ec83c8907888d006a37debf755ee39766f38ae,7833,628566202
0x15bda08c3afbf5955d6e9b235fd55a1fd0dbc829,7832,628574034
0x4d46335fe05ebf9d220382ae014328c0f62eb12d,7830,628581864
0x16d3fc19515e052f9ec20f48496122f8b922d02f,7830,628589694
0x271de8577c1de7070a7e5508f11019318b46821b,7827,628597521
0x668d052775ca6f11a07fafe7859db777e253eaf9,7825,628605346
0x865d176351f287fe1b0010805b110d08699c200a,7825,628613171
0x3b6c03b232f87aee2ea6561ec7bf080a7710d667,7822,628620993
0xc27c95350ecd634c80df89db0f10cd5c24b7b11f,7821,628628814
0x0899a118aa24e9c1a38a634ae72936e1e14516c1,7817,628636631
0x6fa63f9b452a97d2df921378197570f9c04ea286,7816,628644447
0xd6bd97a26232ba02172ff86b055d5d7be789335b,7814,628652261
0x0de197dc289d680e734ccab866d529505b2638db,7812,628660073
0x2042120c6fd5d4ea564460632cece6572727a8f3,7811,628667884
0x76e2858d84f8d3b9e7b8c8c2db61b70cb6cd197d,7811,628675695
0x0aa3e7a66c470ee6dc4f2ba2cead3b32200a8af5,7810,628683505
0xfcbad2589d0165b2ebcd4bcc613540c2cf2ee68e,7809,628691314
0xa746c67eb7915fa832a4c2076d403d4b68085431,7808,628699122
0xd72621707be06ce78dea872b1d9fab59c4bfa296,7808,628706930
0x73051b65e471782776cb8e1dd3be9ceebde546ae,7807,628714737
0x421e2def4c756ed88441f23321b6d56993e33dba,7807,628722544
0xf001937650bb4f62b57521824b2c20f5b91bea05,7805,628730349
0x899c22a6b4c538e37612332f276481c016963d3d,7801,628738150
0x609bce5dc4b5e56928e472dff6d06b4c4bafb586,7800,628745950
0x6f55acadbaf84500777b9cf48f2c6ef4eadb9aef,7796,628753746
0x15e91b0453b316666614bb29ab58b514ef4b6633,7792,628761538
0xe1d4d57b24dbfc5dd814f852749c34d37f5b898d,7791,628769329
0x78e6d2bfe731e578a50a4129df89bb4950591d18,7790,628777119
0xc6b1953ab35f05db745dadd5ce411d75758a7898,7790,628784909
0x8f2528ee4878c70c82d15903ae9f042a09e9d8f7,7789,628792698
0x7dd51741097f90b2d84997d424752094fc23f9ca,7788,628800486
0x000000000000d736bd9b915d8fe98e9c507df85a,7788,628808274
0x92ec47df1aa167806dfa4916d9cfb99da6953b8f,7787,628816061
0x626a14ec8bb0d92692ef704f19968c20727dede1,7786,628823847
0xa69674914c9bce52ada572329770ca8464dcfe49,7785,628831632
0xbadb19c3997b590222e2c917ca8824dcc93368bd,7785,628839417
0x9697e724610505474936ec1382edceb5aa52f295,7784,628847201
0x0c64b3c998f0e33a5cfaae9b8a00c67b07de504b,7784,628854985
0x86d179c28cceb120cd3f64930cf1820a88b77d60,7783,628862768
0xbeefd8fb3b5778f99e021afa2e41e0614af6af11,7782,628870550
0x31fd1a50c467ae7986e26c72e8650a28940e11de,7781,628878331
0x212fa406fd28663ee6110d863a18e80960300e5c,7780,628886111
0xcd42b7aff4fdce4e02519162a0132dbe81228d70,7779,628893890
0x394594b06adb8f54e393bfaf13ca5786bcd3f9bb,7779,628901669
0x43892992b0b102459e895b88601bb2c76736942c,7777,628909446
0xd736f6ea09d6b30f4fc3434e0f51ab5fa57772ed,7774,628917220
0x419e30bdff5e65beee93ccc59254996fe595134e,7771,628924991
0x1563d521ba309e2ad9f4affd6f4de9759e8d4f21,7771,628932762
0x153b636ed1b49fc237a4a74e060c5f2f39f712de,7770,628940532
0x7d38056d5486df55954477f5426afe6c88789031,7765,628948297
0x913c80a2f8464df8d5ff272d42ef08f920123d3f,7765,628956062
0x5362c0d267d2d5946a9291d4739c05faec636c2c,7764,628963826
0x9b8c184439245b7bb24a5b2ec51ec81c39589e8a,7761,628971587
0x32e4c68b3a4a813b710595aeba7f6b7604ab9c15,7759,628979346
0xb4ffebed54a1683c8f87b8bc3b407daaf2acccbf,7757,628987103
0xa1d38ef843553322a338cdd7d6134565ffba97ab,7754,628994857
0x8b54659df7b719cb9b5212211d2d24b0a5d35605,7748,629002605
0x775ee938186fddc13bd7c89d24820e1b0758f91d,7744,629010349
0xd266f6a2af211e7372f74f3a77616bddd8f58931,7743,629018092
0xa418b41668a5764f88a95352720850efa107339a,7743,629025835
0x4f76e85d067e219779a863ff18577846b3152f1f,7742,629033577
0xd1d0c2f4291f7002e1591d2a87975f0701a3fa2c,7740,629041317
0x9b6443b0fb9c241a7fdac375595cea13e6b7807a,7735,629049052
0x80aca0cc90f51dda451fd00d07f697dacaa9643b,7733,629056785
0x0d0ca466b85bae24ad9680840de07b094799b99f,7731,629064516
0x614348d080835adcbbdee121af077024e27eccc6,7731,629072247
0x417cb32bc991fbbdcae230c7c4771cc0d69daa6b,7730,629079977
0xbab3972d8baf95263a137bc0e3290a40224d95cb,7729,629087706
0xe545097e7a47f1e007b0a998e8a00741b9477b20,7726,629095432
0x2ef27bf41236bd859a95209e17a43fbd26851f92,7719,629103151
0x7b6b48571643baa2c5b64e48b46deae3a02d1685,7718,629110869
0xf72b5d4323e3a6fe44218c8bf9db487f1e7ad38a,7718,629118587
0xa61d1f8316f27c5c25357cdd45c56f472b4fccf7,7717,629126304
0x2252ac28299c5e08575a8a0679d60ae1ca6e9ccf,7716,629134020
0xdf005cad29aac8b1170960807f99b62aaed1bb0a,7715,629141735
0x0f598112679b78e17a4a9febc83703710d33489c,7715,629149450
0x87f2a5d243c6683a6ba0686b2fb3e38b31c6e1da,7708,629157158
0x742134547b314adbf197ae10d53efcebfc6ff1e8,7707,629164865
0xdbd11e103960d82cd8953ccf826af13359f8f4fc,7706,629172571
0x214f96e84d3c0f2920bb90fec861be4925edf02b,7703,629180274
0x9c6e6e963460cc027a33744248a177727900a4b8,7703,629187977
0xc37df6da3f7fd8290d7e1122b91dd1acc402f0e4,7699,629195676
0x4f30e682d0541eac91748bd38a648d759261b8f3,7698,629203374
0xc2dc733d52f00c3fddc38768305e4b36201f59ab,7698,629211072
0xe23a7741a5e9500f7a1de4b246d1f7f29f81605f,7692,629218764
0xa3c52fd3235422d2ef328be58ffa77a0aa7ad683,7691,629226455
0x62532974f5b669a0b0a268b9ed26cd462f25f34b,7688,629234143
0xb8e32e856be27df7b69845623e6e35965917b9b5,7684,629241827
0xd42433a8a0a1ceb73c8ff4e432463e2ee109039d,7680,629249507
0x868c3ee9b6086458482422b6b37fa36649cd55bf,7679,629257186
0x6745fab6801e376cd24f03572b9c9b0d4edddccf,7677,629264863
0x03e3fbc3820c1d1487cd7b275cc32c226caf5d18,7674,629272537
0x0198f46f520f33cd4329bd4be380a25a90536cd5,7674,629280211
0xf936aa9e1f22c915abf4a66a5a6e94eb8716ba5e,7672,629287883
0x3c22e37a198835d8a6413e3999ac7a404157c5b9,7671,629295554
0x9f599410d207f3d2828a8712e5e543ac2e040382,7670,629303224
0x2e82ef5965cccedb31f5e08c26d59c75d5b1f7e5,7664,629310888
0x3ff2ccac5e8d09a25c5b9aaad8206a98deaa0953,7663,629318551
0xf53ad2c6851052a81b42133467480961b2321c09,7663,629326214
0xd3fcd40153e56110e6eeae13e12530e26c9cb4fd,7662,629333876
0xbc6da0fe9ad5f3b0d58160288917aa56653660e9,7662,629341538
0x7da20beeb68f40181418c5e58127ee4e7cd12f62,7657,629349195
0xa9aad2dc3a8315caeee5f458b1d8edc31d8467bd,7655,629356850
0x164d2148af868ef4e02e95744947b707d9255144,7653,629364503
0x7aa46ed92bb48ad6825b2bf2003d3d928e84f853,7653,629372156
0xeed2b7756e295a9300e53dd049aeb0751899bae3,7653,629379809
0xb58e0637cd110b67dda6db5137dafeaca0c2d845,7652,629387461
0xb1a8c1371ee2c4bcc27916cd9faadbfa594c9b57,7651,629395112
0x875992d9f29a4841cad18b9b03e0ead0e23c233d,7651,629402763
0xd6c05813e6869946d39079376663101d713a6ef8,7648,629410411
0x2c6a9c15e7f13de8ae55302bd29608c9eed78f08,7642,629418053
0x25fa978ea1a7dc9bdc33a2959b9053eae57169b5,7637,629425690
0x18e048f1633576492404f8cbcfb61c09bf12a17f,7635,629433325
0x48d7f315fedcad332f68aafa017c7c158bc54760,7631,629440956
0xc4de189abf94c57f396bd4c52ab13b954febefd8,7622,629448578
0x73cdf8c6421cbe9268c4257f68c440bbec3f15a6,7621,629456199
0x9f801c1f02af03cc240546dadef8e56cd46ea2e9,7617,629463816
0x58e6131b4a2a90b735ee1e61fc062504e011aa55,7616,629471432
0x374026a48d777cb0ffdccdb9a919c0aa7ce8a0fc,7615,629479047
0xd2f4b62e5a2e0049eb15fc390e29e72d61572612,7614,629486661
0x180e5087935a94fd5bbab00fd2249c5be0473381,7612,629494273
0x99a3721266997cd8cb48afe11b3d43b4eb70d281,7610,629501883
0x10b35b348fd49966f2baf81df35a511c18bd1f80,7608,629509491
0x41ee16cb3630369f89d67c4a494a46b08416a218,7608,629517099
0xf207c48fe74e44301ba3fdfd5509bc26c17beb94,7605,629524704
0x95172ccbe8344fecd73d0a30f54123652981bd6f,7604,629532308
0x1e4e36b3f011d862fd70006804da8fcefe89d3d8,7604,629539912
0xc813ea5e3b48bebeedb796ab42a30c5599b01740,7601,629547513
0x0eda8090e9a86668484915e5e1856e83480fa010,7601,629555114
0x941915e2e6ebfa3faa627307319ea28a5e37db73,7598,629562712
0xdc99bdc0c6428addf4d1762560801f5d3447f9e0,7598,629570310
0x57e11fbdefbc8031a084241bd54016ef7e429c27,7594,629577904
0xed4dbe7307d56fca80f93c1c0c1f178ebd44a214,7593,629585497
0xe796d6ca1ceb1b022ece5296226bf784110031cd,7593,629593090
0xe701cd3329057aea9d54300ddd05e41b8d74727a,7591,629600681
0x705350c4bcd35c9441419ddd5d2f097d7a55410f,7591,629608272
0x81705082ef9f0d660f07be80093d46d826d48b25,7587,629615859
0x1c26eadb7d0a1475d5ae4ab12a1b01c1bdbf93de,7582,629623441
0xb01862d0830bcd7775a88625253d12d2c51a110a,7582,629631023
0xd1afbccc9a2c2187ea544363b986ea0ab6ef08b5,7580,629638603
0xe4a2295112f6457577741f0a23b355125d4c0848,7579,629646182
0xbe8c53078bd678076bacd07a22a6433643700ef2,7578,629653760
0xc3a6842458fa68ce01ae9fe68d206755dbed3dc0,7577,629661337
0x78a806a3bef5f9afcaa0f3b31fc07617a284516b,7577,629668914
0x08773191272abb2d7229271d644c90764e0e72cd,7576,629676490
0x79c5a1ae586322a07bfb60be36e1b31ce8c84a1e,7575,629684065
0x3dafe91e795409576ddb983d891e5fb5c61439a1,7573,629691638
0x6056247d57fbf1e7d2ca01b9b2ac03a12061221b,7570,629699208
0xad466a3297a29a0fe91dbde1ff4450fc2b02fb43,7568,629706776
0x6d3475a51ef25e210e7f2851ce4af528738a975a,7566,629714342
0x0000006e2b22a1d0dbf1096fa50f252b8325e18a,7566,629721908
0x8d6df35bd383033ad6e4a050f8eabf3677b540f6,7565,629729473
0xac0179761ac1e385b8fc58e20943dfd5d052a50b,7564,629737037
0x4746809ecb3a8449a61d77246992a33fdd73f61b,7564,629744601
0xc46e9c8dc61ce5862ce90a77bf9318035b2a20bb,7563,629752164
0xe760a89967d8c7fa638eebfc15a77ba107674021,7561,629759725
0x43efc486d1c7c5cb0193e409a73aa33786f5197c,7560,629767285
0x000000000000d0151e748d25b766e77efe2a6c83,7560,629774845
0xa823e6722006afe99e91c30ff5295052fe6b8e32,7559,629782404
0xc750e94211eacbc2c768a2f06aed6d05577aafae,7558,629789962
0xdb4837c9d84315abcde80a865f15178f86db3966,7558,629797520
0x182b723a58739a9c974cfdb385ceadb237453c28,7555,629805075
0x9062c0a6dbd6108336bcbe4593a3d1ce05512069,7553,629812628
0xbe99b09709fc753b09bcf557a992f6605d5997b0,7549,629820177
0x89e317b5a84368550358f9772698854738edd149,7543,629827720
0xa8947cc5db28d1119c7f2237df99c39e87ab1a13,7541,629835261
0x17280da053596e097604839c61a2ef5efb7d493f,7539,629842800
0x9d9bcdd249e439aaab545f59a33812e39a8e3072,7539,629850339
0x5e3aaa7a263ee72f1efa4b04e5377ce75c4b62f2,7532,629857871
0xea319e87cf06203dae107dd8e5672175e3ee976c,7530,629865401
0x0aeecc7c2ba4175ac7100ff9de039e21016e9d71,7528,629872929
0xda2c338350a0e59ce71cdced9679a3a590dd9bec,7526,629880455
0x4df3f167387f93fdc927a6e6d709f166b2ee279b,7526,629887981
0xc60585f506215be4a616535f61ef11841cd83b7c,7525,629895506
0xc310539564addce146ec3aa87368d226611335b1,7525,629903031
0x6226e00bcac68b0fe55583b90a1d727c14fab77f,7522,629910553
0x286f0322164f532f388dac8bce2a5101d92a3475,7522,629918075
0xceda8318522d348f1d1aca48b24629b8fbf09020,7521,629925596
0x3505f494c3f0fed0b594e01fa41dd3967645ca39,7520,629933116
0x440a803b42a78d93a1fe5da29a9fb37ecf193786,7518,629940634
0x86faf3bc431e42b708dcf479ce766a403cbfd07c,7517,629948151
0x9ccbd05d4d25c745d49f5e6bf17e09113eb4c769,7517,629955668
0xc6d4b6cbdfa3cc71b14dae9b46333f340fc3348f,7516,629963184
0x508325285114821151a18e148f4299ea09a9ca05,7512,629970696
0x10c71515602429c19d53011ea7040b87a4894838,7511,629978207
0x80aa81029df9afdc70a621c86d7a81d7e9ed7e3a,7505,629985712
0xdc6b769db419e69c5f163048e880a02986d30376,7505,629993217
0xc2ba4c512660816d2a21ee5f82118ef4cd364407,7502,630000719
0x5d499b040dd3ef1fedb9563d43f3c27cd612d578,7499,630008218
0x53463cd0b074e5fdafc55dce7b1c82adf1a43b2e,7497,630015715
0xa0afaa285ce85974c3c881256cb7f225e3a1178a,7496,630023211
0xb6389d6575966f946e190b9d538c3259857ed2c7,7493,630030704
0x2f41f538f52b30ea61ed2a09d2fdb1fe2aef47de,7492,630038196
0x39e9fb78b543748950827bf4c606f58724b67a80,7490,630045686
0x79f382e40a192b4387d3141696eaa24162610b99,7488,630053174
0xd9dac7b72472376b60b6aee9cfa2498cccdcb2a7,7480,630060654
0xd07f6b9dc4ab70d9a387b7573a805ea3970e53e5,7479,630068133
0x705eabea6620e956c8641e4fff2bc6cd45eb6147,7479,630075612
0x96d8fbf95f72f5abe9ef04f1ade94e1ba79be508,7478,630083090
0x26cf82e4ae43d31ea51e72b663d26e26a75af729,7476,630090566
0x185f2a8775822e124aff8aa9f1de4a142c85a381,7476,630098042
0xdac4ae188ace3c8985765edc6c9b4739d4845ddc,7476,630105518
0x5150d2869ce26095f4493bce916d9c0292d5d0fe,7472,630112990
0x692178f95bf99d9427c86f23a7b15623668a6ef2,7470,630120460
0x54a2d42a40f51259dedd1978f6c118a0f0eff078,7469,630127929
0xa7158bd9dfec2ff7a0160d8a746684919db4404f,7464,630135393
0xf331ff3d2eaf9a2009dc935816665c962fe82757,7462,630142855
0x6c424c25e9f1fff9642cb5b7750b0db7312c29ad,7458,630150313
0x373c55c277b866a69dc047cad488154ab9759466,7457,630157770
0x6ccb56947ea1d6efdc81acfbacd8263ddfa9b202,7454,630165224
0xac0c8da4a4748d8d821a0973d00b157aa78c473d,7453,630172677
0x2b8df3a740d28565737e459055d1917497b1cbc7,7451,630180128
0x1276aa1f8a8ca249420cbe30ec20d5127c1c2b3b,7447,630187575
0x7f4404db6a3f4d3cfb41d5920d81d44d64759235,7447,630195022
0x6758b7d441a9739b98552b373703d8d3d14f9e62,7447,630202469
0x1c6ad1a88629e5b9375c28fe95476f1e4b67a97f,7446,630209915
0x26cb3641aaa43911f1d4cb2ce544eb652aac7c47,7444,630217359
0x1abeb9e3846f7ad03a78b380ba9e7eaf66ec357a,7443,630224802
0x2c9bd9db61eccf16ed766b598bc5e0706c992296,7438,630232240
0x7142eb34d2220152dedc5868745079bc6ffa0fdd,7438,630239678
0x81a679f98b63b3ddf2f17cb5619f4d6775b3c5ed,7437,630247115
0x8e30ea2329d95802fd804f4291220b0e2f579812,7436,630254551
0xd35147be6401dcb20811f2104c33de8e97ed6818,7434,630261985
0xe6e90bc9f3b95cdb69f48c7bfdd0ede1386b135a,7433,630269418
0x69e0af532e6ac7bcab8cc41e46d9338ad93fde12,7431,630276849
0xcb4bf0a3a12e382ee2b9c28587bf18a22a25a143,7431,630284280
0x875089a734213ca39f0d93c2bbb8209827ec5e9f,7425,630291705
0x0a76aad21948ea1ef447d26dee91a54370e151e0,7424,630299129
0x50a0591432cc83aa2fa929c564e66b648e9233e2,7423,630306552
0xd7394087e1dbbe477fe4f1cf373b9ac9459565ff,7421,630313973
0x5a56e1f44c399caa94dc6eac9c62c83af4cb446a,7420,630321393
0x8888882056160e5ff4a0f26607d4a05bc506ca8c,7418,630328811
0xb5467fb12958279cd48f2236274f6d0a6d66084b,7418,630336229
0x5aeca4f96d8bf94f6b4d56b83cf3240032b21744,7416,630343645
0x7eaf9c89037e4814dc0d9952ac7f888c784548db,7413,630351058
0xfff0f558f7aa9e1a0c9b8f85731550b55b3a0551,7413,630358471
0xb1ce837aff7c0ef9613f0455756796d8a31960b0,7412,630365883
0x14903ad104da65729b99bbd64c47fb7d75f8548a,7410,630373293
0xa3a8dcc41b584a6c4d812fe008c7c8470d73df3e,7408,630380701
0x9733f49d577da2b6705ca173382c0e3cdfff2a48,7408,630388109
0xd9a815095266584cbcc8357a1ac1d7007ff2e847,7405,630395514
0xe172f366678ec7b559f6c2913a437baadfd4e6c8,7404,630402918
0xeba49ddea9f59f0a80ecbb1fb7a585ce0bfe5a5e,7403,630410321
0xb1f195776a62b4074a940fa135e58249e49315a3,7400,630417721
0x836213dc61556f4b0b18d0073095213abaec06f9,7399,630425120
0x5310850866bbf6637223e222cf27db17cc0d7881,7396,630432516
0x8f2c72056b3fef90d07aa7db86dccfc0af3270a8,7395,630439911
0x0e5f00da8aaef196a719d045db89b5da8f371b32,7395,630447306
0x7b90239f36935a231e2eeabd89ef6f1fba8a1777,7394,630454700
0x3f0722a416e5102304ced3f3d1e22c787954b4e2,7394,630462094
0x777777d1123591df7f68e053bc182de3cd4fa6de,7392,630469486
0xfc408bf968530b5365420b5e184a58ba5338547e,7389,630476875
0x022c635044ba01ced1e098bc32e62a954147f2de,7387,630484262
0x7a939bb714fd2a48ebeb1e495aa9aaa74ba9fa68,7387,630491649
0xb3f7abf8fa1df0ff61c5ac38d35e20490419f4bb,7387,630499036
0x7861751a41416b2b3d9555a874eec1ba8181dfdb,7387,630506423
0x81b6cfeadd4fa5a5c06635911beb0391c12bee49,7386,630513809
0x88e0acd80baf47d984a0ce29fa41ced0e23e087a,7386,630521195
0xa7d8d9ef8d8ce8992df33d8b8cf4aebabd5bd270,7386,630528581
0xde1e0ae6101b46520cf66fdc0b1059c5cc3d106c,7383,630535964
0xa9d65edd2fdd6832ca0780e1010063aa27e2f4f4,7383,630543347
0xbbc3a290c7d2755b48681c87f25f9d7f480ad42f,7382,630550729
0xeb58343b36c7528f23caae63a150240241310049,7381,630558110
0x65cca2791087276856e99b14bc01f4664c3563dd,7381,630565491
0x32e8ca35d68fd45edf622deda468ff37a9e29863,7380,630572871
0x0f790a6a5417f8caad9aac46b7ac63caa752046a,7380,630580251
0x6a0c50788e462f322959a2458687096994d66316,7380,630587631
0x8a91eecd3f6b6b7833fd6961e7f654c3d016a068,7379,630595010
0x8dbf4d457929f339d4742dd45de28bed97b7d635,7375,630602385
0x7f9e8083d1ab1b798e249bb4d241adbce2d6270d,7375,630609760
0x1d8e5dcf365864fcda8ab39d1f60d66ee2b82770,7375,630617135
0xaf587a3d9de40a5ad63a3e54eb4fd304aaa9a254,7374,630624509
0x4d94745b47ef55b120e06f9a13398edf923bee91,7374,630631883
0x764978588d8220052a5088f3fd2f1dc5bb0ef431,7372,630639255
0x21031603e69468f439a83f5c4eb893c03c3f866e,7372,630646627
0x20c36f062a31865bed8a5b1e512d9a1a20aa333a,7369,630653996
0xfe69bc0920fb63c5924cfc322dc4a5cc23d9afed,7362,630661358
0xbe393aa534f82c0ffac31bf06a23e283acb3352b,7362,630668720
0x1af97824a7ccd3963b9385e37ecbf44ece0c73e4,7361,630676081
0x8f57e8e38e61975a0433fa792542f453d8ed4d7d,7359,630683440
0x17e5daed04611f00a0d9d37a028af3121bd89962,7358,630690798
0x72fbc0fc1446f5accc1b083f0852a7ef70a8ec9f,7353,630698151
0x71e774fd3e3948cfb6fcb1aaff4bb906858fba3a,7351,630705502
0x4129d3b7a6a2c5c997774077ac02bdafd1af1d6a,7350,630712852
0x991c2e104dfa1e2f88fd91010ee65cfb2a60e255,7349,630720201
0x12444b6ec62e616ebc8a23e56e61f8f4c6da610c,7349,630727550
0x5d60d8d7ef6d37e16ebabc324de3be57f135e0bc,7347,630734897
0x584936357d68f5143f12e2e64f0089db93814dad,7343,630742240
0xa117ea1c0c85cef648df2b6f40e50bb5475c228d,7342,630749582
0x661eb2bafdcd01a689b91c28580f8f07c3dc170d,7342,630756924
0x6267b5376c809445c9432bd9f14a3808b00eae2c,7341,630764265
0x1f0d1de1558582ad6f13763f477119a1455502af,7339,630771604
0xf921ae2dac5fa128dc0f6168bf153ea0943d2d43,7338,630778942
0x643748206b96f8390ac38fe97b5abb80522afd39,7334,630786276
0x7eb9a0ab72b6fdfbc483d9edd7f51cd86c586573,7332,630793608
0x52db8ebf894036ec997da693c5fa237a4fb69d10,7331,630800939
0xb2279b6769cfba691416f00609b16244c0cf4b20,7326,630808265
0x3aa2d3ab4e0e9f8fb50d5288cc16bbd9b6b2513a,7326,630815591
0x26587f4d672876e61a91b887f83ced591be1cba4,7325,630822916
0x81cce0b68f2c2264a3a24a7fc3096611d9294f6f,7323,630830239
0xc76fb75950536d98fa62ea968e1d6b45ffea2a55,7320,630837559
0xae79b12205d8d35720fff4b89584e986ccd7607a,7320,630844879
0x4694f5614eb7db6fe28c6887efb874799cf49aa9,7319,630852198
0x7113dd99c79aff93d54cfa4b2885576535a132de,7316,630859514
0x7c2af3a86b4bf47e6ee63ad9bde7b3b0ba7f95da,7315,630866829
0xa58a4f5c4bb043d2cc1e170613b74e767c94189b,7314,630874143
0x09ca82135ac49d8f0e6ce9436b9f83c52796f006,7313,630881456
0x25d99bd4de18dbfdda30a55ffd07fbe7c0c682a3,7310,630888766
0x9f88ea8d5c59647d0097df737f3d088942693d30,7310,630896076
0x28c7531397acce1559f1c70b36843fe2680ba53e,7309,630903385
0xc59fa3afb8ca3132f97ed8a6cdf21230d1b353b2,7309,630910694
0x9275e8386a5bdda160c0e621e9a6067b8fd88ea2,7309,630918003
0xe8fc7e1973496848fcb486c5bb880f68487ea0bb,7308,630925311
0xac41e405496a49b77b2440c51de0df807d7e1e3a,7308,630932619
0x9c10b6d9a92e8cda1179f20a637f748e965f64e7,7306,630939925
0xa1775de58918a98405f7e98729257e8356605f83,7306,630947231
0x3784d6ddfd11974b288b80a2b169fb69a8ff0ec7,7305,630954536
0xfd999ea6e3347d5591443bfd797ff90ed9ef253b,7304,630961840
0xa314e8e18ed080941f2e1ce3ceb251861014257c,7303,630969143
0xae13cedcfd779c3c441dd3e06ad28ce339251eb5,7303,630976446
0x5228a22e72ccc52d415ecfd199f99d0665e7733b,7303,630983749
0x8757b90637f3c5c8aa9f59e4b75c714b7f530a4f,7298,630991047
0xe50da5083404c5ecedb4b01fffe6125266a39c17,7298,630998345
0x9ca222a6350c37c1b5014c5c59dc36892af33358,7297,631005642
0x8255d6f2c09b64a1358ec465e0314392b500bdab,7291,631012933
0x334425ef9a828e31ff27e0754a3198edb714c57b,7289,631020222
0x7e7aa6a037bc056ae5bd6a399553cbac1b680602,7289,631027511
0xd7b7d3c0bda57723fb54ab95fd8f9ea033af37f2,7287,631034798
0x46ffcdc6d8e6ed69f124d944bbfe0ac74f8fcf7f,7286,631042084
0x01544d93f173c945f1d2431d6c47245c0646437a,7284,631049368
0x4c0fc6c8acf92638184741ca17ec9e71d8ee6909,7281,631056649
0x2dc059881eef90b12e4d770364f4b14af82c5b9c,7281,631063930
0x91f4e0bb7ac22cdf5322d7a13cc5bdf08eadb623,7280,631071210
0x838b618a9ab0cd1816ea99ebb9da5f611c4007d4,7278,631078488
0x30a521caec2d93890e65a7da7263297b080e689c,7278,631085766
0x3d3d35bb9bec23b06ca00fe472b50e7a4c692c30,7277,631093043
0x8fe7f58a98d49a758e98c27c6c96733cf8a1ea0e,7276,631100319
0x9b61141ee430aafc2ea8358850ad8e9f3a67b90a,7274,631107593
0x0000000033431f236e97fa549b367827360effd7,7273,631114866
0xa249de6948022783765fee4850d7b85e43118fcc,7273,631122139
0x97967c25f5a0de5cdc3c9d687ec3036c7b15252f,7272,631129411
0x16cac1403377978644e78769daa49d8f6b6cf565,7272,631136683
0xd343d2db4306db8cfd917b561fb2b9197e86ff40,7271,631143954
0x90a4abf9678c33e5de655f68b231984a881a98b9,7271,631151225
0x2d9765a94ff22e0ca3afc3e3f4b116de2b67582a,7264,631158489
0xa150db9b1fa65b44799d4dd949d922c0a33ee606,7261,631165750
0x076c97e1c869072ee22f8c91978c99b4bcb02591,7259,631173009
0x62ce6843abea82e09652567be3b41a271678b403,7258,631180267
0xe0c21b3f45fea3e5fdc811021fb1f8842caccad2,7257,631187524
0xfff3aed4b593a14562a91ee5118825521160a796,7255,631194779
0x0c93b616933b0cd03b201b29cd8a22681dd9e0d9,7255,631202034
0xfad0bafc9859e85687091cc18c63f07fb14a453f,7254,631209288
0x628f448299d8ee6813db82171e2ec4a2f36df7f1,7254,631216542
0x655383661e577bd13f557f33e52639ebc91301dd,7249,631223791
0x03e066977a1a7041d011cc482e0f17dd1eaabd2e,7248,631231039
0x2a9bdcff37ab68b95a53435adfd8892e86084f93,7243,631238282
0xf6b0d3d826f389bd47710d38389475066b6e89ba,7240,631245522
0xf6a758b31380b52d3d51e74db4b5a5837c6135dc,7239,631252761
0xca101763a4bd4344b92e47aa8482e7eca2dc5f43,7234,631259995
0xc2c79bf7af5ce4293a2cba5f26b2278947380aff,7233,631267228
0x256845e721c0c46d54e6afbd4fa3b52cb72353ea,7231,631274459
0xc39d7a9e4e4fe1a715a0c20971781ebdb6853f9c,7230,631281689
0x23df8f87ecd6b41a173c012e45b2f82e8e598b78,7229,631288918
0x41b6c911af06b38e0ad823827359606843b9db26,7228,631296146
0x5e040ac72140f0617bc24ab7134c0c6ecae0e965,7225,631303371
0xddb8c99ddde24195c6155463a1bc7ca95e42c883,7222,631310593
0x9d03393d297e42c135625d450c814892505f1a84,7221,631317814
0x188a2842ff8656873618fc9554a7aa87bfcabeec,7215,631325029
0x856d1cd3b5301bd76d9cb9f6e1f1f1e1ef0ee74a,7215,631332244
0xb0192268f6160463f9d0ffe7c3df2222c323655a,7214,631339458
0x687c7ceb80211d1c0ec3636c3332cb5fa256ac2b,7214,631346672
0xe8c850af3e5c2c45cc85a3faa7a8fb259d939136,7212,631353884
0x1425aeb4dabc98f9a4e84de843638531a9633377,7211,631361095
0x2f6321db2461f68676f42f396330a4dc4a8f49df,7211,631368306
0x5a666c7d92e5fa7edcb6390e4efd6d0cdd69cf37,7207,631375513
0x1ee1c46251b811075fd480fb64197f4e49c37ee0,7206,631382719
0xaec7d1069e3a914a3eb50f0bfb1796751f2ce48a,7202,631389921
0xe96867a9c4987070889dfa9231f41f75f18d19b1,7202,631397123
0xca9630cd3e22ab92ac0b5a06ea4b365e4a845188,7200,631404323
0xbd38c5d248c2a45fc44252ba28d66e959c12ef0a,7200,631411523
0x13de0b0c1507d424fad4c6212830a0b2e59587c5,7200,631418723
0x4cb384e6f3f75a918cdc2cb8753c5e9bd5d5dfae,7199,631425922
0x25fe9c458eb3f74c2c6b5398cf1ae0d302c84768,7198,631433120
0x3113bf50ee2773cd7eecbb48d1f6a197e01c294b,7198,631440318
0xf3e70642c28f3f707408c56624c2f30ea9f9fce3,7194,631447512
0x215e2bea1128cd947e2fe79f32f9df0f65e25e09,7193,631454705
0x1cb28199b9378ca4d521d534348cb1f0d83f743f,7190,631461895
0x940741ad6e3c25df5cd5ec7550b23a889e8ee57a,7188,631469083
0x5b0501f7041120d36bc8c6dc3faea0b74b32a0ed,7188,631476271
0xe4e5e5e15dd6bcebe489e5fabb4e8bf8e01684de,7187,631483458
0x4f3e8f405cf5afc05d68142f3783bdfe13811522,7185,631490643
0x9063cacd27ec48b638c59f7bc6c7b9ec5f22f776,7184,631497827
0xf1e59f20f0e9d7a2b326798e15981849f0b7ac0e,7184,631505011
0x450f143f1a8650fff968d890814bd5884bdc8f1d,7183,631512194
0xd947b0ceab2a8885866b9a04a06ae99de852a3d4,7178,631519372
0x2296e7310247c20da8be722a5ec5950741e1948f,7177,631526549
0x3ea50b7ef6a7eaf7e966e2cb72b519c16557497c,7176,631533725
0x41d5d79431a913c4ae7d69a668ecdfe5ff9dfb68,7176,631540901
0xc4436fbae6eba5d95bf7d53ae515f8a707bd402a,7175,631548076
0xd4ee81412cb12010f14bcfcd220a0690f3b55164,7174,631555250
0xb4467e8d621105312a914f1d42f10770c0ffe3c8,7172,631562422
0x67fe8dbf5ed0aa9d7a127e5e061d715a1eff3712,7169,631569591
0x26a604dffe3ddab3bee816097f81d3c4a2a4cf97,7168,631576759
0x9780f917e7d91b1659246ba5e8063fd9f2bdcf60,7161,631583920
0xc7b14d7485fde23bf67acf22b618dc9f8bd587dc,7161,631591081
0x37686065d9ba0cd298170c4db24571bf7b4a89f2,7159,631598240
0xbff6f0cfb7684f2dddd136a24095cf308334c4a9,7158,631605398
0x87cfea02c8322653a7335c6f72be19ce54ecbfb5,7157,631612555
0x8f05a32d3f055f3d8dce9b6fa8141ed07c633238,7155,631619710
0x082e13494f12ebb7206fbf67e22a6e1975a1a669,7149,631626859
0xb54faa4e5bcbe8aecddff1cb119dce75932e0a22,7148,631634007
0xdea74798875fc27281c5dff9e6d034d80b0aca93,7146,631641153
0xb5351d809062cf8e2238bbd2c54af905fb55e42d,7146,631648299
0x5392bd00571157fa11103b0ee6d492c9563a6799,7142,631655441
0xbfb72ec6b880d9b05bc2f80e5dae686d608dce63,7141,631662582
0x12fa6cc43227ad0f1256804dbc24480404799080,7140,631669722
0x98fd6a4f91435b9d4784d78f53e83da738634dd7,7138,631676860
0x695106ad73f506f9d0a9650a78019a93149ae07c,7136,631683996
0x80bb277f4355a43cdbb86a82f9876c946476d9eb,7136,631691132
0xf9d7c212cb020501fd0991b68d094f80e8b4bdad,7135,631698267
0xac0f9bbe6528e06ee900a7d89a68aecc7f9af512,7134,631705401
0xfc2f7ab5821e727a2efd120dae507c47b92fe055,7133,631712534
0x4459b42d034330ecc1e4d604c0a5c855b857df2c,7132,631719666
0xe73f83fd4c2baeda893016357c6988011d73e027,7132,631726798
0x9fadea1aff842d407893e21dbd0e2017b4c287b6,7131,631733929
0xb8c63a75efaee44574eefce78ff0e1a50acd95b3,7130,631741059
0x4f7c28ccb0f1dbd1388209c67eec234273c878bd,7128,631748187
0x1eda8487d6865d294423c6080d4c65b9ee28a514,7128,631755315
0xf1d7c9e4c57a5c1902f4a4ae2630d2da78ffb1c1,7125,631762440
0xdd9b54d1dd185f9302e24dd3ae9e652453f74705,7125,631769565
0xe88f8313e61a97cec1871ee37fbbe2a8bf3ed1e4,7121,631776686
0xc7696b27830dd8aa4823a1cba8440c27c36adec4,7120,631783806
0x3b8475fbdfaba6132f7bf06597b7a2f2edba70f0,7119,631790925
0x1d18106d23aa973a7512887d0827727de50c04d6,7119,631798044
0xbf811d06d99e4614d2cc8b912ac9ba7a8f9fdabd,7118,631805162
0x4acbad9064c1a248ff73b1855613c16d9f5894b4,7117,631812279
0xe570e5f12808f26f9d8af967e5ff2307ae5c7c77,7115,631819394
0xa786ee8c26a271aae60d079c96e74c8551c10c10,7111,631826505
0xde725d5d8ba8d45a66e2196aa4423f26505c39ac,7110,631833615
0x61bfc979ea8160ede9b862798b7833a97bafa02a,7110,631840725
0xcd68de0b549346e760f9193277ab3f00d9bc63b2,7109,631847834
0xe42f031fe383ee917975f5c4ff3c727576eca0f5,7109,631854943
0xf4d861575ecc9493420a3f5a14f85b13f0b50eb3,7107,631862050
0x39fd0c991a7a067415f596323d1e4a59e6a0098d,7102,631869152
0x887834d3b8d450b6bab109c252df3da286d73ce4,7098,631876250
0x36f3ff438cd96f095b1bcc03d1b197bd33777578,7097,631883347
0x1c647c67c1aad0ebff25500f3b3084d3d2872eba,7097,631890444
0x79b4d12fa63a8d1202b26c5ba6d62136a4a09dda,7093,631897537
0x9413f56b19b5cdc9a67a5757b954c2b313480c40,7092,631904629
0xc1ebbce86a24b6e045fc9f46af342d8dabe14272,7091,631911720
0xb198e68086d9621a9825504b81a808f994cb24bc,7087,631918807
0xe062645945e0eb61e99681e8f571397d9c52aabf,7085,631925892
0x0000000005704c6049f869409f38a2bc239efd4b,7085,631932977
0x4df47b4969b2911c966506e3592c41389493953b,7083,631940060
0x15720b9e149431b6d501911489ab9f5d0fe62285,7082,631947142
0x9fd1d329bb687fef164f529f6f6dcd6f69e7b978,7080,631954222
0xbf799a2f71d020a4a8c10e7406e2bf970b3d734b,7078,631961300
0x80dd619abf9bf9a084cdeead09525e3a02d521bf,7076,631968376
0x849e920122df7298913d08202a7df65375d38a64,7074,631975450
0x1a66e09f7dccc10eae46e27cfa6b8d44a50df1e7,7068,631982518
0x578b49c45961f98d8df92854b53f1641af0a5036,7067,631989585
0x523630976eb6147621b5c31c781ebe2ec2a806e0,7067,631996652
0x1e5a03d70180ce74666f1475b19cee057bbce8a4,7066,632003718
0x33ea84943d5520228e54a557bc2e4a41fdb3d9d6,7063,632010781
0xd962d9c7fef2638a83a28f72e291ecf3d13c208e,7063,632017844
0x44744e3e608d1243f55008b328fe1b09bd42e4cc,7063,632024907
0x8232875761b97a5242a4cffb94828dff5c101950,7058,632031965
0x74ceda77281b339142a36817fa5f9e29412bab85,7057,632039022
0xdf859c9878ef5e742d7bbe3c22a496c088c89fa9,7056,632046078
0x2494a68c1484376fef880b4c24d91f049d29b02a,7056,632053134
0x633ee3fbe5ffc05bd44ecd8240732ff9ef9dee1d,7055,632060189
0xf67ab1c914dee06ba0f264031885ea7b276a7cda,7053,632067242
0x3e1d5a855ad9d948373ae68e4fe1f094612b1322,7053,632074295
0xaa517e6b33f838310192967e57c30adb56bef17e,7052,632081347
0x93b2fff814fcaeffb01406e80b4ecd89ca6a021b,7050,632088397
0x2b7a7afe445a8b83310c424f28c1d0c96a94f7f6,7049,632095446
0xefd9c6d391dc3683723dc60e2526c31155cc766b,7048,632102494
0x5c545ca7f9d34857664fdce6adc22edcf1d5061f,7048,632109542
0x32cfc0b8adcd0a826f2d139f190698a53e361c12,7047,632116589
0xaefb534eaef097c41c28b58699adb7903c602b98,7047,632123636
0xa2107fa5b38d9bbd2c461d6edf11b11a50f6b974,7044,632130680
0xcdeee767bed58c5325f68500115d4b722b3724ee,7042,632137722
0x4f38f4229924bfa28d58eeda496cc85e8016bccc,7042,632144764
0xa66d83716c7cfe425b44d0f7ef92de263468fb3d,7041,632151805
0x23796bc856ed786dcc505984fd538f91dad3194a,7040,632158845
0x1a547c3dd03c39fb2b5aeafc524033879bd28f13,7039,632165884
0x94e0ad4b2edf353ef83f8cd6d4709ee4155515ed,7037,632172921
0x9734cc1addd262ab699d1aa1dec8ee0bfdc8007c,7035,632179956
0x79a2f75ffa39c862f6b00c35f24cf439d56f8e5a,7034,632186990
0x0dee4162e114d628e98b0c2180771288ecbedae0,7032,632194022
0x91d6f6e9026e43240ce6f06af6a4b33129ebde94,7029,632201051
0xd84560d8c2f9925efbde3f577fa7f1e1f3be019a,7022,632208073
0x51c46c33064a9d7171dbdbfc65c3bf2d2ef688a4,7020,632215093
0x6f5136e852ef12c275038561766d5e58495fb16f,7019,632222112
0xab28787f0f0de52bc294e0f602cad2fb7ac2e248,7017,632229129
0x145b9340d4db4042350f51cfae982a5004416867,7013,632236142
0xe70d08ccde28d163b573d10b12d5269a082c4665,7010,632243152
0xfee2fa52de307316d9d47ffe3781d4cba2c4f6fd,7008,632250160
0xa9203f3303126243c8d181006ab03b2474e3c084,7006,632257166
0x5f18c75abdae578b483e5f43f12a39cf75b973a9,7005,632264171
0x83320bc47f06d73ac63e3c3809703529547c1db0,7003,632271174
0x0d16450d347c12c086d6c94c76c5aaac35ea07e0,7001,632278175
0x3a2a72c950f16583d056bc5ff5237d6ae19dfdb1,6999,632285174
0x3adfc4999f77d04c8341bac5f3a76f58dff5b37a,6998,632292172
0x4fe9f52ec23f6805f2fd0332a34da4f1c135b024,6996,632299168
0x56ba2109449a8dd1074e97d4033bf3ea5f0e7ae8,6995,632306163
0xb48b7e5bf6563b3e0a85055821a83deb8cfc12f6,6994,632313157
0x1f7b8930a176a9f066cae3750d6edc821228b5aa,6994,632320151
0x6750d0f2ba5f7f3a3ea555f734d5c109975df1c7,6992,632327143
0xac83b46db843ffdc374448ff3f69dd9b1531013a,6990,632334133
0x0954906da0bf32d5479e25f46056d22f08464cab,6990,632341123
0xd407bc1708209dedae37a026402c4d1da2fc75c5,6989,632348112
0x9c007b020685387fc93583d8a7eb97506df0f26a,6989,632355101
0x083c54509d73a087eee429a2fa46f0105d54e731,6988,632362089
0x23935ec016374fc24658cca215dd227766c7c5b5,6987,632369076
0x5b36eb873b5e91c6405407b6d508f670a7c60d4b,6986,632376062
0xcbae0a83f4f9926997c8339545fb8ee32edc6b76,6986,632383048
0x00000000016697fa9a9c8e2889e28d3d9816a078,6985,632390033
0xa7705afbc4af833e99219ee0bf0d12785ad00a68,6984,632397017
0xdc38f5028f1117b2f515164e8b7b4d207e18ec10,6983,632404000
0x767b8c6fb76db2e2a547819ba7afd2006d3de6b2,6982,632410982
0x330ed0f002d34343c09f668516e21915a3349aa2,6982,632417964
0xba7b2c094c1a4757f9534a37d296a3bed7f544dc,6981,632424945
0xc5ec5bfe9275715f6de105c3c249f9ba7beafd91,6980,632431925
0x2ab10625428aaaee3c0092767c0fa635dd68c57c,6978,632438903
0x794a8d6966ee087da2dee792bbcf70039c568f1a,6977,632445880
0xea5004858b7166f9f3b33c75356672efe2b09f46,6976,632452856
0x8a62dc38b47eb3bf7a213e85df51a47431eb2d8e,6976,632459832
0xe417b912f6cb6592ec2d71dbf6f2b48191b2cdf6,6976,632466808
0x14e33e1d6cc4d83d7476492c0a52b3d4f869d892,6975,632473783
0x4f5116cc641331b5418a76c98f14cea260e4c34c,6975,632480758
0x00000000b7ca7e12dcc72290d1fe47b2ef14c607,6974,632487732
0x28673d7a6df30c99b705edca0046de738431ede1,6971,632494703
0x3db99ab08006aefcc9600972eca8c202396b4300,6970,632501673
0xf9bb984980e8b503cd9f365101c16e071ec86166,6964,632508637
0x45e5997a4a69ca3d8eb38892bd7d5dad8eadea2b,6962,632515599
0x5e79958efbb8afdedb6ec7107110f329e4eafffa,6962,632522561
0xf25bdbf78b58378e8d982469e62dd66cc437951a,6960,632529521
0x63b8b7d4a3efd0735c4bffbd95b332a55e4eb851,6957,632536478
0x9bb4404231056b105afcd2861e6b2f5284de5b97,6956,632543434
0xc2f98e8a02dddc29c4f7ab81dc141e913c837007,6955,632550389
0xcc13fc627effd6e35d2d2706ea3c4d7396c610ea,6955,632557344
0xbd72da70007e47aaf1bbd84918675392cf6885f7,6954,632564298
0xe047705117eb07e712c3d684f5b18e74577e83ac,6953,632571251
0xa581b8dac454842ff92ca92ff4e2544e1b36e6ab,6952,632578203
0xf88951d7b676798705fd3a362ba5b1dbca2b233b,6952,632585155
0x7fda83b1612c9b87b6cdd602d36f4812a307839a,6951,632592106
0x81369699f67ffca0048ac17d7c68107c1b5aad20,6950,632599056
0x34c6f95476700e4dfcdaf28b56b99bc1e24e25f7,6950,632606006
0xf61e7d0e81b7d792306005367ab00a3263de53df,6946,632612952
0x02e4b5be2c31cd38ad987d0f493049429b20b876,6946,632619898
0x7b2df125567815ac9b57da04b620f50bc93b320c,6946,632626844
0x6519d6dfd11363cf0821809b919b55f794fe0cb5,6946,632633790
0xbf8fb919a8bbf28e590852aef2d284494ebc0657,6944,632640734
0xed61627b7af399ea7a11f55a03c557cd745c35ba,6944,632647678
0x7b9c5e2d10fdcc18b972cb6cab4e60f277a8e332,6943,632654621
0x54be9254adf8d5c8867a91e44f44c27f0c88e88a,6943,632661564
0xb0dc9ad91625bcdd00b1b08e7560e8fa9b843f1c,6942,632668506
0x8960eb9d4a2d153fd7b175c0f3eef8026eb95dfc,6940,632675446
0xe80bfe407b167ef6a6d4be907735c14fef5d302d,6936,632682382
0xa2a7963b19a82665e0f471c0bee29b111d4ae0a2,6931,632689313
0xcd43a19ea5e4f9fcf229df53f86747ad2c5613be,6929,632696242
0xc378bb8f3e155e5e561eb4caa337c4a35c34c2ba,6926,632703168
0xc92ca2b5b8a996ad2a6fdd97c6d7ed038e61c725,6926,632710094
0xe79cf9b7d14b87b84e8339485458f17fce3adf72,6924,632717018
0xa884a01241e13aba9b2de460571fdfcbcca75f5e,6923,632723941
0x86511a289585a170c4d8d0f4c44bb4ce748397ad,6922,632730863
0xd9f61a4a96f66afe09c6f55b72aeaf1590ac8495,6922,632737785
0x0e6bb94b7f25b96f13e0baf5bc04b8ba39b897a8,6922,632744707
0xdb0986182cbec4f4246b04f5f3d49acee642e1d4,6918,632751625
0x3d658390460295fb963f54dc0899cfb1c30776df,6916,632758541
0x7c634e41dc7b8a6fee791c05261a413bfe21902b,6913,632765454
0x73ab2bd10ad10f7174a1ad5afae3ce3d991c5047,6912,632772366
0x83f893cc6610bfc695f8e2d4cd0e6d3033dec77e,6908,632779274
0x7aa93d3c5611b935f78ac54fd2bd80ed84bac08d,6906,632786180
0xbf5c98a4ed00c28957b6e15a01102dc2568d2650,6905,632793085
0x238b7e54dfee4d8e98b8d1a78ab40dd94349bcfd,6904,632799989
0xcc33da342f28c4e52c349d6d3ab2d6ecb4969ba2,6902,632806891
0x2205d2f559ef91580090011aa4e0ef68ec33da44,6902,632813793
0x22984455a3c78bec71e3f3d1e3bca033159caa0a,6901,632820694
0xfbe878ced08132bd8396988671b450793c44bc12,6901,632827595
0xf7413489c474ca4399eee604716c72879eea3615,6900,632834495
0xb868636a18c9935d9b259228851cc49245ae68a2,6900,632841395
0x00ef81acd06aa7aa4609bab8e81e1f2fb41b8114,6898,632848293
0x06357b52e70488328b9bcca688b5cd28e7e7942e,6898,632855191
0x41688f411f43bfc4527e8c19de85eacd4b46591c,6896,632862087
0x137fdd00e9a866631d8daf1a2116fb8df1ed07a7,6890,632868977
0x1a0987a5c068ec6ce645bb897d8de4c82281deae,6890,632875867
0x98e0438d3ee1404fea48e38e92853bb08cfa68bd,6887,632882754
0xee85966b4974d3c6f71a2779cc3b6f53afbc2b68,6886,632889640
0x793786e2dd4cc492ed366a94b88a3ff9ba5e7546,6885,632896525
0xde4860679ee7af5bf5204c298cce3ecfda06c7bd,6885,632903410
0x3ca2cbf6287f646781407aa269bcb7d70d2838f3,6885,632910295
0x841a6fe79b3de017e9a27e83d904a3fcdfdd7b49,6883,632917178
0x4a66c80dd463dbd5f04ea1dc44316cb5df61417a,6883,632924061
0xcbe65a15aa448b179429256a956e90141d71189a,6881,632930942
0x11afe7fa792589dd1236257f99ba09f510460ad9,6880,632937822
0xc2a760f6e6d51102a64a6f907b9afe81a9b9fc88,6876,632944698
0xfcd19faa44224339339264ba2cd5724f8b14f36b,6876,632951574
0x0fed2aca55338d77438797bdf609252db92313ea,6875,632958449
0xe64b47931f28f89cc7a0c6965ecf89eadb4975f5,6874,632965323
0x42a501903afaa1086b5975773375c80e363f4063,6872,632972195
0x12659d7ecfdde69f19cea138799eb7c6e0212a2c,6871,632979066
0xbba9d567cda89d35e4e69d7ce9ea0ebacf2c1b29,6868,632985934
0x5e647e8d46f209a60227526ea6d6d26e748a2b13,6867,632992801
0xafce0c7b7fe3425adb3871eae5c0ec6d93e01935,6865,632999666
0x4c6112f9652463f5bdcb954ff6b650acb64e47cc,6864,633006530
0xd4882728ca8c019a51c60abf2fdd293928380972,6860,633013390
0xbd1e7f594600dcaf7f483af55deacec0159a064e,6858,633020248
0x6fabc84e1f0ad0fdfe7692bb102817d3e93d7488,6854,633027102
0x9c235ac2c33077a30593a3fd27a0087c687a80a3,6853,633033955
0x379e5f3eab1b05f3811519907b36b8e04fe3a897,6852,633040807
0xeebec7874f46c4452610a11fa6be0264f7f0557f,6850,633047657
0xd4405f0704621dbe9d4dea60e128e0c3b26bddbd,6848,633054505
0x00000000e1fa75ba0fcb4a319d2928a3fe3638e4,6848,633061353
0xf9be8f0945acddeedaa64dfca5fe9629d0cf8e5d,6846,633068199
0x87210f1d3422ba75b6c40c63c78d79324dabcd55,6843,633075042
0xc37e8a31ba2d110c12f09f0239954a68b00bc599,6842,633081884
0xa5f17c6b8a1b7ed158f7b70064ef1e6c1689d327,6841,633088725
0xd7fe554b1d08d6ee9fad927c89c9546077462f16,6841,633095566
0x9242bff191b7463b03c2caf75e2f0f647c7d1dcb,6837,633102403
0x4a627b324189014fa757ed7cc730b180879232d7,6837,633109240
0xb5e44bd503716c939ebbee53e79dc688b1be88dd,6837,633116077
0x6a7ef4998eb9d0f706238756949f311a59e05745,6833,633122910
0x81de9be5dcb080db6e8fc6ff76836959c228a899,6831,633129741
0xd6a64d7e8c8a94fa5068ca33229d88436a743b14,6829,633136570
0x62eae59989c592cc919b4ddb8564431d0c9ce797,6829,633143399
0x5e5430b97b4797cbc7adba329d7740fb31a09a11,6827,633150226
0xf2fc92ccbd3fe243505497b6474257654164abc7,6827,633157053
0x920de9f1ef49bac275015c3db6360fcefeb5d841,6823,633163876
0xa253be28580ae23548a4182d95bf8201c28369a8,6822,633170698
0x7172c5b24bdce3b93a78c53ef1ece011b0472c1b,6821,633177519
0x047055f35cb837e838dde0202b7b1a5a75757835,6818,633184337
0x30bc40ddbd9a466b88dc0ba6a1c014d3d26caaf7,6817,633191154
0x1f8a626883d7724dbd59ef51cbd4bf1cf2016d13,6814,633197968
0x123151402076fc819b7564510989e475c9cd93ca,6812,633204780
0x4cf286da8dec355bb8d51a3f8ff509e2b594e6ff,6811,633211591
0x7c4393ee129d7856b5bd765c2d20b66f464ccd0f,6811,633218402
0x515dea727d31cb64946c2139d04d91b8781d671a,6807,633225209
0x729d19f657bd0614b4985cf1d82531c67569197b,6804,633232013
0x53798aad04807e9795dd0d719637b4051e304931,6803,633238816
0xa3149e0fa0061a9007faf307074cdcd290f0e2fd,6803,633245619
0xd82bb924a1707950903e2c0a619824024e254cd1,6801,633252420
0xab6f43607f6551cdf96b95b90b44a0b7445e8934,6800,633259220
0x9d58779365b067d5d3fcc6e92d237acd06f1e6a1,6798,633266018
0xd794dd1cada4cf79c9eebaab8327a1b0507ef7d4,6797,633272815
0xfeeab154863a0f0095a6a3c5a07ca10d1f629d78,6796,633279611
0x31024a4c3e9aeeb256b825790f5cb7ac645e7cd5,6795,633286406
0x7a74c8b0d5993e358f109750cf1ead1cb49cc6dd,6794,633293200
0x1e49ff77c355a3e38d6651ce8404af0e48c5395f,6794,633299994
0xc6dc8f6a16eaf43318e49767947f681cfec92601,6792,633306786
0x0cdf9acd87e940837ff21bb40c9fd55f68bba059,6792,633313578
0x95428a88299255c0a57ebcea7e4418ed1f95e719,6792,633320370
0x422adcf787e49dd93ce10a583655c212e00d42ce,6787,633327157
0xc15a399c4ea7815fe36857c9e290ee452a5d6b21,6785,633333942
0x3fbcd724be54f0a66232c3c87141c7a00e12cba8,6784,633340726
0x58b249b613ce917b6ccc2f66787856ef39f4f0b6,6779,633347505
0xbfbe5332f172d77811bc6c272844f3e54a7b23bb,6776,633354281
0x822e00a929f5a92f3565a16f92581e54af2b90ea,6775,633361056
0xda4cc8c36e6abef5d309e9fc3ae0209cabd078c0,6775,633367831
0xc76987d43b77c45d51653b6eb110b9174acce8fb,6774,633374605
0xfecc0513a5063b8dac9e77c723a1d00cf27fe7f2,6773,633381378
0x0fbcd07e8682c30d1bf78a22ae35744485f5f978,6771,633388149
0xbd4ae80f258ba3e75dd9894d0d697a3e330b9483,6771,633394920
0x01af28275a3e914386761fa0c978f33fcb3d2ba1,6771,633401691
0x94cbf65a33496da05915f0ec2db07a7785eacb9c,6768,633408459
0xbc806faa84977446c3e76e4806c18073e0653f91,6767,633415226
0x2773a3ba710f65baec6b7801e0b56c4586ad69e8,6763,633421989
0x79cdfa04e3c4eb58c4f49dae78b322e5b0d38788,6760,633428749
0x69dfcf370c5ba8959acebd0bfa229a0608961a6d,6759,633435508
0xa2630fc0233940779f25dfdcff3abbdc85682a4c,6758,633442266
0xe1f5c6fd86628e299955a84f44e2dfca47aaaaa4,6755,633449021
0x0c49066c0808ee8c673553b7cbd99bcc9abf113d,6751,633455772
0x656c82769eb8df364a90dced4d37e07eace46541,6750,633462522
0xd4240987d6f92b06c8b5068b1e4006a97c47392b,6750,633469272
0xcd6ad6173cadd3a87ed1ed0105b559d0d0588d1a,6748,633476020
0xdb0acc14396d108b3c5574483acb817855c9dc8d,6743,633482763
0xa456fa68e13f567dcda10396a5caa039618ebc08,6741,633489504
0xa76f640a6e5ce3a67734ce09ff7132da64f2a7ea,6736,633496240
0x4d6b4526399146b1ea898f596b39d97181b6edf5,6734,633502974
0xacf24f656492992b4107cc850d57484cc72c48a2,6734,633509708
0x0cffb692aa8b94704bc36d03bbb967c11d6c18d6,6730,633516438
0x68e14bb5a45b9681327e16e528084b9d962c1a39,6730,633523168
0xf7e8bd0ecf21ed4f33c01fa54a7a75b52abcce80,6729,633529897
0xfdbc1adc26f0f8f8606a5d63b7d3a3cd21c22b23,6729,633536626
0xf8341bf53e42dac7b3e3516e0c6ef6003646dd6d,6728,633543354
0x4dda7044db5fa409cc36629077ef6e56ee9a96ee,6727,633550081
0x554ffc77f4251a9fb3c0e3590a6a205f8d4e067d,6725,633556806
0xb628919a5456fd746a6b7a9f1003040ca63e6d45,6724,633563530
0x87897374ea98260343d8d3e5076b12dd0d09956a,6722,633570252
0x5c406d99e04b8494dc253fcc52943ef82bca7d75,6720,633576972
0x05cf62c4ba0ccea3da680f9a8744ac51116d6231,6716,633583688
0x8bbe1a2961b41340468d0548c2cd5b7dfa9b684c,6715,633590403
0x4b462c21f9c6fb5e1fbb7e7b999188c0ebc4cc29,6713,633597116
0x6588cf61afd83226f2642da450e4bbd82798f108,6712,633603828
0x12d102f06da35cc0111eb58017fd2cd28537d0e1,6712,633610540
0xc618d56b6d606e59c6b87af724ab5a91eb40d1cb,6711,633617251
0xed1eba8b87cd7e04e9389f65f7aeca750c85a010,6710,633623961
0x560d5afc42ad137dece2277fd75001c165cb9a22,6708,633630669
0x4639cd8cd52ec1cf2e496a606ce28d8afb1c792f,6707,633637376
0x3977a3ee2e7b4eaba817cf9dce6a4b9c22c891f8,6706,633644082
0x141044ccc363d6e8d92dd8983422775913e304ec,6705,633650787
0x79dcd7320f227a368f0b73b0af2997d2cb3888d6,6704,633657491
0xe7d241f78c42422f3d3e901af131efd6febd447a,6704,633664195
0x1295b55fa04fbac6d9e7c351ecb3486e88129027,6703,633670898
0x307c94e43baec99a1e2e183c25a06dc24c8c5087,6702,633677600
0x549a84bcfdb97db089792930eca1a1e12a93251d,6702,633684302
0x8198e349afd0a09efb06b460452ec1beab7a20aa,6701,633691003
0x53ca51ba980b6475c13d158c1825013cf81038fc,6700,633697703
0xaec5cf7fa497c2b27a6f37ee0c817c619b42c03a,6700,633704403
0x151445852b0cfdf6a4cc81440f2af99176e8ad08,6700,633711103
0xad32a8e6220741182940c5abf610bde99e737b2d,6700,633717803
0x5bd997039fff16f653ef15d1428f2c791519f58d,6698,633724501
0xa8cbfbf1b159c6b4af5698ca4046fb05831dc27f,6695,633731196
0xa84b900fc185a5bd5639224571f7bbd050143be2,6693,633737889
0xb2a06a200b445abb26f16136f1fb97e925f71124,6693,633744582
0x3fe88d527630632292d7d5182b8f50e2fb515311,6693,633751275
0x3e228b31c397b4f20db095d1c91ce254da2a519e,6693,633757968
0x65bc20147e2ca6f3bf0819c38e519f8792043b36,6689,633764657
0x88886841cfccbf54adbbc0b6c9cbaceabec42b8b,6689,633771346
0x59ebb83b72d735ac1ecb824cb3f8253fa5d49d00,6689,633778035
0xecbf566944250dde88322581024e611419715f7a,6682,633784717
0x59ed065f9c80b64e4cd9f763c7a230f530d9df3d,6680,633791397
0xa68621913690dacf601f676d8d419b1c352cbfb9,6678,633798075
0x1e887e7115321b4ee5d58dd446ec09e12b45d81b,6674,633804749
0x5d746151f987ab2c74e222fc208f92c2d20dbfe9,6673,633811422
0x2d03404dd933e544cbb31e8051eae900fd8fac5e,6670,633818092
0x613a38ac1659769640aae063c651f48e0250454c,6669,633824761
0x0bba19f02b9fbdca23d783ccc3f78c0a06544073,6667,633831428
0x0ed8343dfdee32e38b4c4ce15a3b00a59e90f3db,6667,633838095
0xfbde07329ffc9ec1b70f639ad388b94532b5e063,6667,633844762
0x1e188cfea3ea8fb4f5daa71ce90899cbe3806e6d,6666,633851428
0x841fb148863454a3b3570f515414759be9091465,6661,633858089
0xe1407bfaa6b5965bad1c9f38316a3b655a09d8a6,6661,633864750
0x9df8467a11737506bff5c9b1b7cda377ee9038cb,6661,633871411
0xc58c0fca06908e66540102356f2e91edcaeb8d81,6660,633878071
0x819f9df405abdadc3ff2e6f9531d87a8c1a5df55,6660,633884731
0x5230e4fb738a6b34e04aa69b4fe4968189ce56fb,6660,633891391
0x58f759cf9e69fa7302c6ed6882a02307ec1ad766,6658,633898049
0x9c794f933b4dd8b49031a79b0f924d68bef43992,6654,633904703
0x67584b64718ea585a29ae59f185dca03bcffd992,6653,633911356
0xe96f2c381e267a96c29bbb8ab05ab7d3527b45ab,6651,633918007
0x0a2539a614e28dddd02ebf396d2611b4f7d552fc,6644,633924651
0x0f02e27745e3b6e9e1310d19469e2b5d7b5ec99a,6643,633931294
0x2b0ef43e0111c8acaeaa26d93fa77048ef2a2cbf,6643,633937937
0xdb4f9c4a719324c4c95d57e02cbba71898db8a75,6642,633944579
0xb561fef0d624c0826ff869946f6076b7c4f2ba42,6642,633951221
0xefcafd4a1e76d392d683d4a79cd0e4a751d0be75,6642,633957863
0x5cb5a43fb199cb37c30c12f6b52763b4b03298a1,6641,633964504
0xa805aabcdf5517dd09cc9460c1315f7fae127c6f,6640,633971144
0xb6ee603933e024d8d53dde3faa0bf98fe2a3d6f1,6637,633977781
0xedba536cc155bb7d7ca41b696254184ef210822b,6635,633984416
0x8ed65119ceb2589828c0975b8db71416a7931b49,6634,633991050
0x24b73006a4fad0f70f366241cc5e2af515c7404a,6632,633997682
0xff488fd296c38a24cccc60b43dd7254810dab64e,6631,634004313
0x0e6ffd4daeca13a8158146516f847d2f44ad4a30,6628,634010941
0xf3a2ace8e48751c965ea0a1d064303aca53842b9,6627,634017568
0xf336496011891a6f905cde1242285e9953c94d0b,6625,634024193
0x222eddf60e3af681dc4cf4290f95efa78237ba4a,6623,634030816
0xeeff3793df0685d54805b8807d1fd63cc66f9c2f,6623,634037439
0x20ed77585be1b2bfd6056c64aebad41341e35907,6622,634044061
0x9043397333435d391fc02c885bc23b3633865045,6621,634050682
0x43789e8aeef0d30cffb57fc0870a5c785b7b93a1,6619,634057301
0x91debb54de02872a259c17699d9b794bc949fed2,6619,634063920
0x02d5c618dbc591544b19d0bf13543c0728a3c4ec,6618,634070538
0x1aec8f11a7e78dc22477e91ed924fab46e3a88fd,6616,634077154
0xb6ff96b8a8d214544ca0dbc9b33f7ad6503efd32,6615,634083769
0x9d47894f8becb68b9cf3428d256311affe8b068b,6613,634090382
0x108f26a34f2fe3fef296d43b4e8be8010ca74174,6612,634096994
0xf8d47138161c8175538ea1300e7bf7afc073445a,6611,634103605
0x00000000004c46cecbb6b3c67de2d24fbf4dd487,6610,634110215
0xcff6ef0b9916682b37d80c19cff8949bc1886bc2,6609,634116824
0xfab46e002bbf0b4509813474841e0716e6730136,6609,634123433
0xcda652b4a836657b69491997fcf4de0dd7a2ff88,6609,634130042
0xb1475c18ea63f025308eed9950b9f954acc742c0,6606,634136648
0xb04dfdb8271ed2d5e13858562c44a77d3ceb9e57,6605,634143253
0x317ba4307dd3d5a93d5fdab440a72e6263ae4de5,6603,634149856
0xf6e82b2af4bdfc6f582f328668639f742f8fcf36,6602,634156458
0xd6c3dc9e3a2215083b2956316854488ad6129851,6602,634163060
0x448bd15ac18ce6386c27914c14c18fd9148df75f,6602,634169662
0x52ef28bbd7983c36bdc4c4d2f842db2cd219d0a8,6601,634176263
0xd7cd762f3ebc2c9a3d9bcf0133e06d04c59a1f7d,6599,634182862
0x868ab6c9e560ff70584b9770d1bd1b961ad09d82,6599,634189461
0xee0a1a7507cfb4af99323971d68cef51f353b2ed,6598,634196059
0x57ccee9100daa272b962c48543460a8e3ac6f674,6598,634202657
0x08daceb5d8ac6d6ef1789ff09258f475ee8cdd1c,6597,634209254
0x36f4b7a8d3d9975ae4c00ad1b699cb0f6dc20939,6592,634215846
0x328c4c80bc7aca0834db37e6600a6c49e12da4de,6591,634222437
0x3a33c0efd0eb8fd38a6e1904df1e32f95f67616b,6591,634229028
0xf06d03f19393f3ceb67d66dca89e2c9604eb7b6b,6591,634235619
0xc1bf1b4929da9303773ecea5e251fdec22cc6828,6588,634242207
0x7c49ddfd77a282a4e2798ab737585892126f25e8,6587,634248794
0xf8873a6080e8dbf41ada900498de0951074af577,6584,634255378
0x36b4b58de030e93775e151a78d796039a11a2548,6584,634261962
0xc22462d4bc50952b061c9e6c585fdd9a04d0d75a,6581,634268543
0x6ec4bd455ccec9695a24a9dd702ed8fa8f69b27e,6581,634275124
0x4a87875774799e2d3f15733bdab511092057d222,6581,634281705
0x5927e4c47cd2421f4706e29fdf8fd1466083cd27,6580,634288285
0x83a26efb18082cefc47db5c0a75c464b4d12f93c,6578,634294863
0x94446822a814bba2f45fe754bd25cb7e81685009,6577,634301440
0xf417a2448faa93994dfa6146bedc58c0e353e24e,6577,634308017
0x87d598064c736dd0c712d329afcfaa0ccc1921a1,6577,634314594
0xf2e22f5865ffac73b926a01b7b3ad095d368394a,6575,634321169
0x905b301838c2207c1e4229a237b743019bfecfc6,6573,634327742
0x76580098f51b303e02ed58fcc730209c1250040d,6572,634334314
0xfc979087305a826c2b2a0056cfaba50aad3e6439,6571,634340885
0x15d3a2c45746f5f827bf2dea55a4e1d1529bafa2,6570,634347455
0x763ac0a5a2fc863f2e73e2b6ecb0fd07f1357039,6568,634354023
0xa65523dbb2a0408e90b72d1b72fd0e7e2e6053fc,6567,634360590
0x738aa22ec2f4ba7093e2300b3f1ff88dc6de9a90,6567,634367157
0x11a2c4d73dafac0a4ad7ed30004ed9ac6aa1b0b6,6567,634373724
0x3a9fff453d50d4ac52a6890647b823379ba36b9e,6564,634380288
0x1bb877351a0c5985a53fb7ca3c38a2d5871dcc71,6563,634386851
0x2781ec32badfc478a226657ab109a718d8cff1d6,6562,634393413
0x5c523d6abe17e98eaa58c2df62a6ec9162f3b9a1,6560,634399973
0x2216d47494e516d8206b70fca8585820ed3c4946,6560,634406533
0xe7bf3aee922367c10c8acec3793fe7d809a38eef,6559,634413092
0x9f5f13878f60845e3c7022f8983c0c7566460c8e,6559,634419651
0xc9634da9b1eefd1cb3d88b598a91ec69e5afe4e4,6558,634426209
0x4a1b1d67804d272ba616337a171a93e644f2f672,6558,634432767
0x2c204d6970eb394e73868b37ad0913b597c6a391,6558,634439325
0x9d1233cc46795e94029fda81aaadc1455d510f15,6557,634445882
0xd70d7ded5df6fb462ea7ef6d2c8ebebc5961a1a0,6557,634452439
0xc5424b857f758e906013f3555dad202e4bdb4567,6556,634458995
0x22a197e0a53b41fa950a4aada475cd0416dd1378,6555,634465550
0xbe6c8f2810ef39420d2dc2901b8414c8c45fee6d,6555,634472105
0x15e4cf1950ffa338ce5bc59456b3e579ed1bead3,6554,634478659
0x4a9f1b9cf0b409d4e772bf3fdbb4016b7c3e8436,6554,634485213
0xb8327f32127afe37a544c52b628653e222a93bad,6553,634491766
0xc77d7e0dd7b2a01b990e866feb21d031f1418c2e,6551,634498317
0xd10af4a9f5efe9d8f9285760b17edeea6a8b157f,6551,634504868
0x05086b34c8cf1531cd4d2af7bfbf3d39f5b2477f,6551,634511419
0x34612903db071e888a4dadcaa416d3ee263a87b9,6548,634517967
0x10ef64cb79fd4d75d4aa7e8502d95c42124e434b,6548,634524515
0x81be91c7e74ad0957b4156f782263e7b0b88cf7b,6546,634531061
0x617913dd43dbdf4236b85ec7bdf9adfd7e35b340,6543,634537604
0x53820cde8c1f06f7e2089e21efa50cbaa0b8fddd,6541,634544145
0x9b5bbb16a7a68660f6503eff6c8e3159820d6396,6540,634550685
0xc67d5cfb933c4a1c6d2ca4cbdae2ed9f017ee9e5,6539,634557224
0x6954874e3e9ccb527d0caa602be5502db2a1d76a,6535,634563759
0x8c241098c3d3498fe1261421633fd57986d74aea,6534,634570293
0x026eafb25ddf7d754d3a66a56c9a6400e99c26c5,6530,634576823
0x30b8d24688991f0f0e6270913182c97a533a85fb,6529,634583352
0x57974e8146b49b0a021769af725e84b335714ad1,6527,634589879
0xc4aad17558fa95c8937d0856b2dad74c1a7a095f,6526,634596405
0xbfd54d7fb7059d2505069dec2222a81ead7f831a,6526,634602931
0x9ccdf736e965620f857e828e43d79d4b859a7160,6522,634609453
0xcce92282d9fe310f4c232b0da9926d5f24611c7b,6522,634615975
0x371308b6a7b6f80df798589c48dea369839951dd,6521,634622496
0x000000005804b22091aa9830e50459a15e7c9241,6520,634629016
0xab83d96de35bad6f234178fbb6507203488e9626,6519,634635535
0xfca2ec4e632cc287cafa2b54f936cc5ce49930e1,6519,634642054
0x0775c81a273b355e6a5b76e240bf708701f00279,6517,634648571
0x22c1f6050e56d2876009903609a2cc3fef83b415,6517,634655088
0x0b342c51d1592c41068d5d4b4da4a68c0a04d5a4,6516,634661604
0x0202359004755cbc0cc5648c52475c40622591d5,6516,634668120
0x913ae503153d9a335398d0785ba60a2d63ddb4e2,6515,634674635
0x231265b0b66033699e349caf36a03d8b72b06f9d,6515,634681150
0xa4890d585c7f911aa1696531a68d9ca3b72ec2a4,6515,634687665
0x2918daf5b7c6cd43e3c9fce08b3bde11b09a15b5,6513,634694178
0x1183f92a5624d68e85ffb9170f16bf0443b4c242,6511,634700689
0x9a4059c1cf329a017e0ee1337c503137fd9463b2,6510,634707199
0x910dfc18d6ea3d6a7124a6f8b5458f281060fa4c,6509,634713708
0xecdb63c30d46e8c86bf1292fa7d4519535b161c3,6508,634720216
0x11dd891c28f0380750b637e79a129608292fd585,6507,634726723
0x000000a61aa8c4e48a832cc39655ef8156097aa2,6505,634733228
0xc60000ba92b436bc165fd48d803bce95a099ab67,6504,634739732
0xfe3eb37c105800842001f759d295ecfb2158a4cb,6503,634746235
0x8323505ba7403676b2974456ed220ff8c618b783,6502,634752737
0x373beefcc844f92d9c2bc53ccbda09413c67d573,6498,634759235
0x02fd92d1bff7bb29d755ebcc16f34ee986879ced,6497,634765732
0x1354c8c1a66c2573ce9cc3e92e98d17869501a46,6493,634772225
0xc42f84fab202446f60a2bcec500412e5c989a5cb,6492,634778717
0x2097175d0abb8258f2468e3487f8db776e29d076,6492,634785209
0xe4b679400f0f267212d5d812b95f58c83243ee71,6492,634791701
0x108caf59641fc5d27502a87e641872b62d606ae2,6490,634798191
0x42a8c51f81dba88a8620f2b3f589faebac6a43db,6489,634804680
0xa45fdac9dc5673db72e64ae2c4b86e670db0187d,6487,634811167
0xd46ff8c67cfb91e3b9b14ca433d220188350d43d,6487,634817654
0x20a1ffc4262a7a9fc2b29a262f82acec91258b08,6487,634824141
0x4e395304655f0796bc3bc63709db72173b9ddf98,6487,634830628
0x52c6eb5443d81017501fccfe5ae4b9692ec6b502,6486,634837114
0x8ed5afcb8877624802a0cbfb942c95c2b7c87146,6483,634843597
0x218c74a0d2e5a5b30e2c12030dc735a49930fe20,6483,634850080
0x902c2c0327f1ecb519caa6f677516472ab08e025,6482,634856562
0x3b09b9adfe11f92225b4c55de89fa81456595cd9,6482,634863044
0x8d684eff934ac11ecddd3ba43a05d77a825473f2,6481,634869525
0x403d1a96378ace5b0b153fdf69a792dc9d18a7be,6481,634876006
0x9025f9a59694dd939739e05beb2502a567e8326f,6480,634882486
0xb38cdde2319e65488143fd43f283ef8035280d4b,6480,634888966
0x67a390636091b98152b12b59cf4fac4d7a207885,6479,634895445
0x1f54638b7737193ffd86c19ec51907a7c41755d8,6474,634901919
0xb802b24e0637c2b87d2e8b7784c055bbe921011a,6474,634908393
0x3abdff32f76b42e7635bdb7e425f0231a5f3ab17,6472,634914865
0x0dea42987d029c6bef4f95b92c0789ff9b374b45,6472,634921337
0xa00149339410f2936722c4c6f88ae5ad87af6a87,6470,634927807
0xe129417140b1b4f5f3d5dcb554ddeb8d89c04a92,6470,634934277
0xb634a976945a1258937eb09cfe22023d60241efe,6470,634940747
0x17e5f19d430788323863c6798ecd762a40de29f5,6469,634947216
0x6e10aacb89a28d6fa0fe68790777fec7e7f01890,6467,634953683
0xafb43414e6344f6310f29e9d7dc95d817ffd89e8,6464,634960147
0x2b48592e4387268e8827157d9e6ac644c2f30202,6464,634966611
0x11468d142559f6ab61e69b47f30fa6a36c93ee92,6464,634973075
0x3b1d6730c4dee8a354b16232ff66c769c5d7448d,6463,634979538
0xb5a0253d9fd39ffd6eff0c95f3d2464c11a9d8af,6460,634985998
0x89ba53cd0455f5b9e9b8f16bbdb6242c26bef83e,6460,634992458
0x6336858c5ef282e21e3b3ddae67b875e26845eea,6457,634998915
0x88fcfbc22c6d3dbaa25af478c578978339bde77a,6457,635005372
0x1158c129bd1a4bb0159aa2350907c002676cf7a7,6454,635011826
0xa7261f7d2cb31464408b008913a3de249316da8d,6452,635018278
0xa5ac2afaadf3d9ad29dd96d66354df96050f9932,6452,635024730
0x4809f44e7f070487db1cbf992fc1b93dfc20ce6a,6451,635031181
0x420412e765bfa6d85aaac94b4f7b708c89be2e2b,6449,635037630
0xa929022c9107643515f5c777ce9a910f0d1e490c,6447,635044077
0x81d26c79c2acca248ef240ac28e763f9a3e06a4f,6446,635050523
0x6d534b48835701312ebc904d4b37e54d4f7d039f,6445,635056968
0x8dd61d1a67bce13a87e20a76c6f164c388a726d6,6442,635063410
0xa3421be733125405ea20aa853839d34b364eb524,6440,635069850
0x87de305311d5788e8da38d19bb427645b09cb4e5,6439,635076289
0xa1faf8b810839edd3e1bda3f02dada7b7fbcf7a0,6438,635082727
0x9e75a217902a2b900e36131bccbfd9ea1f131daa,6438,635089165
0x70e59feaeaf7bf3612c81a2bf31399fa2660fa1f,6438,635095603
0x45ed02e374aef2e4b34c04e86ad9d45891d10751,6434,635102037
0x120256c945fc5696ad680a7310ff32a615cdf125,6434,635108471
0x242e4b81d9163a71ee74bb2af41c92afc25f6851,6433,635114904
0xc5af7910eec51fd79dc666b50ad5e9982b73905f,6431,635121335
0x0261db5aff8e5ec99fbc8fbba5d4b9f8ecd44ec7,6431,635127766
0x72701550d7ce54c1e4a902fa34e4468ef59bc6e4,6430,635134196
0xdfdc0d82d96f8fd40ca0cfb4a288955becec2088,6430,635140626
0x8c530a698b6e83d562db09079bc458d4dad4e6c5,6429,635147055
0x287eefa72433f1684e16e067b28299190c93f128,6429,635153484
0x8b6dd2144a3cc6677600735d0e62134839bb85d0,6428,635159912
0x3917e933bd430c08304cae2aa6d9746b806406c2,6426,635166338
0x90906975a2c53c1fd23fbd5644fefd920cd823ae,6425,635172763
0x42743f4d9f139bfd04680df50bce2d7dd8816f90,6424,635179187
0x4897177ba7d552ac9f08cb946baea783f391b38a,6423,635185610
0x5c250ff9b993c6991cc4a3cc543716e53b478018,6423,635192033
0xe61f27b716f98f735fb8af08fc4c803b9161ea76,6422,635198455
0xca3ea3061d638e02113aa960340c98343b5acd62,6422,635204877
0x0a3aefdb58a03d7c30b2a063e1fd49c4cb5f8b60,6420,635211297
0xef1ecdb17c7d4adbb4db5c4a8068ab66f3dd0902,6420,635217717
0xd2fbaa4d783e3de5858d172cfb705bf16ea3fa17,6419,635224136
0x25b7dbaf654718171892f39357af75e060b2db5b,6419,635230555
0xa53fd0e7ee4b0e8644c5412ac5a65f4f69bead30,6417,635236972
0xc1832a2e36192d0717ff388fe162029515b27bb1,6417,635243389
0x16fa8df7f16f9e41b7c5522cc12a22053a2a776f,6416,635249805
0xfcb1b08fff1c2a5e4e7e1ecf393b5422689872c3,6415,635256220
0x83ad87c988ac0c6277c0c6234cc8108b20bb5d9b,6415,635262635
0x14aa9c36d76901fe1ebcc860038aee9318596103,6415,635269050
0xe6a13ee9ed047fcc1f1525b4fbe609079d8a4834,6411,635275461
0xa765046a42162329b572692ae90b63914454002f,6411,635281872
0x73850f079ceaba2d8576ca9f0838af2b233a0be9,6409,635288281
0x22ba8eeac5bddf7b5a298d2169a24c6f9e12baa0,6409,635294690
0x0b2da98ab93207ce1367d63947a20e24372d9ab5,6408,635301098
0x5e6732d6416d3f3a6574b61ef1c81316cf8d9287,6406,635307504
0x0e99489cba652a55b729516f53721fefae62eed4,6404,635313908
0x915d3b4be6d776923824daa97bb2eb4860943c84,6402,635320310
0x3bcfe4786ce5669fe06282ebf11afe3d0f606cda,6395,635326705
0x7a2d44d7d17113e089886bab0e1bcc1206d0bfc9,6394,635333099
0xf34960d9d60be18cc1d5afc1a6f012a723a28811,6393,635339492
0x41a66070c51efbc9dba4be2389a153a43875a303,6392,635345884
0x3c6ff50c9ec362efa359317009428d52115fe643,6392,635352276
0x96a5ebad4be863820857b96a5889dec8421ccca4,6391,635358667
0x728781e75735dc0962df3a51d7ef47e798a7107e,6387,635365054
0x866a01cefbc9e3980c3418e57d24dc5e9e238fd3,6386,635371440
0x2b78a837c37549539c62ab54a235a8e19fea812f,6386,635377826
0xbf494f02ee3fde1f20bee6242bce2d1ed0c15e47,6384,635384210
0x40e5e2a29d8de34168ac4c356f87fd55846f7b9c,6383,635390593
0x639cff3936ba73fced75f9ace328b7e72d85d933,6382,635396975
0x1138d8b876bb048b72ec7cd222f6a282384b505a,6380,635403355
0x43b4fdfd4ff969587185cdb6f0bd875c5fc83f8c,6380,635409735
0xf680429328caaacabee69b7a9fdb21a71419c063,6379,635416114
0xb9a287e9cbf3842ec8cac2b8367a3ffc9ff5d184,6378,635422492
0x65f2dddf638c7a7118b22d610c9aeba141f2467f,6374,635428866
0x7d433ca5b0d4f4edfac5ae3925cb407860b8cf57,6373,635435239
0x52b3a0fd0f117e2f8b355f11330cb4d86c77a0a4,6372,635441611
0xaac41ec512808d64625576eddd580e7ea40ef8b2,6371,635447982
0x1e7a022e4bf9ab080789ad94507e8de1ac9fd005,6367,635454349
0x10dd17ecfc86101eab956e0a443cab3e9c62d9b4,6367,635460716
0xffbde8d3ce819f25f0ab127d249eef6516e74396,6365,635467081
0x29a199a49af8d657c110418c2b0d2f932b025de7,6362,635473443
0x483b2942b24681c258bc5b63cd0921e6c5ea997a,6362,635479805
0xeef9f339514298c6a857efcfc1a762af84438dee,6360,635486165
0x619d6be80a743ee2fc260fb612a2f384771912a5,6357,635492522
0xf6abff616043c2da572573dcc583b656297b30e7,6356,635498878
0x368211162758b29576d8551adda6e8480aadfe5a,6354,635505232
0x169c95e9f77cb9d85723b4a4f098260faf2a2fd2,6353,635511585
0x35038d00b4dafd7c7d430e67b5c2544482b65407,6353,635517938
0x03dcbedc7f08f9fe276948d7b06a180834e80ece,6352,635524290
0x56710f7e591fa0559003831e041dd67789d2af4a,6352,635530642
0x2a7f709ee001069771ceb6d42e85035f7d18e736,6349,635536991
0x2352858080a45d776609b5449a1b8dcb1ae549c8,6349,635543340
0x9bae963f2ed6544bd621a0258d6ce669e8e63d78,6349,635549689
0xcf25ebd54120cf2e4137fab0a91a7f7403a5debf,6348,635556037
0x4b0b0bf60abbf79a2fd028e4d52ac393982488ce,6344,635562381
0x8b57808ac227f0a88f63ac9094bbfe920b6fd44a,6343,635568724
0xb5d65dadc45c0069fdbc44ef2e850d707685725d,6343,635575067
0x64269ce81a07f21cb3566afa752810c4ca0bcb6f,6342,635581409
0xc7f062a18abb197ab596a3d7132c5e2648b9d57b,6341,635587750
0xf59ae934f6fe444afc309586cc60a84a0f89aaea,6341,635594091
0x84d4816ffb1ae1728b378078a955209a29c08112,6341,635600432
0x51726fd6e6d264370114d15df83da1e13063fb0f,6338,635606770
0x05d0c213386e25bfb3f3872fce6c7c7998a3e54c,6336,635613106
0xbf7323ca37ce99fcd03af08f0c5ea203ddda3740,6335,635619441
0x599fedf78d6175a09bae86ba84630dab83df403b,6335,635625776
0x59025d191b7c14ac550880362d54b93320053046,6334,635632110
0xe4fe6a45f354e845f954cddee6084603cedb9410,6333,635638443
0x61bb2fda13600c497272a8dd029313afdb125fd3,6333,635644776
0x34734d66dadc3fe1c35b6555341f07e8d8524c29,6332,635651108
0x856c2b1b9b69e056d0f2308de2378bf55c6581ed,6330,635657438
0xc14830e53aa344e8c14603a91229a0b925b0b262,6330,635663768
0x55b7b8f50e1d45d34981c2f251606e484a3f97fe,6329,635670097
0x3c33f0c836d22b513aebd7c9d2e4cd32a2c09416,6327,635676424
0x68caad331ba8250aef88228f87846652822ae4b5,6327,635682751
0x492240fd1d0f36fbd3cd0c86208b92954fd44a0a,6323,635689074
0x5a3c9a1725aa82690ee0959c89abe96fd1b527ee,6320,635695394
0x783524e40a79fc717853e0a732d84ea8ed7bcefd,6320,635701714
0x7d14b842630cbc2530cb288109e5719e0c4d67d7,6320,635708034
0x3d8a601e77c77385897f53f531317155e00bccb1,6317,635714351
0x2001f2a0cf801ecfda622f6c28fb6e10d803d969,6313,635720664
0xcc34366e3842ca1bd36c1f324d15257960fcc801,6310,635726974
0xafe896e4f481c3e0a56184b1898c1b42107df1df,6308,635733282
0x125cf91e5141348a09aa9280c4ffd60b64fe990c,6307,635739589
0xc4d38e81e42989765ed7e0780f88c51bd6bcdc59,6306,635745895
0x38ff094302899d14623892e9b582e76440431b28,6304,635752199
0x19055b944806fba2717dc694cf0173a1eb2d1604,6303,635758502
0x1bc9f31c327ce04b6fa9d56fd84c14cc0b0a4f47,6299,635764801
0xd49c3c2901bbe6ea3e5c0796cecf402703d2dd54,6298,635771099
0x92a497f0bcdeaa5345f6aa4a3357ee3cbe2e7226,6298,635777397
0xdbbbc433ebcd238d4ae61d12d27130c078547d23,6297,635783694
0x2773c69d7a7e2943f6e27c9947d5ae4e2b853993,6296,635789990
0xed068fddb12646a90395e39fd2676d5ab6193eba,6296,635796286
0xb7348bc41e0079313d3bcfb1c6f8f3ed6b144ccf,6296,635802582
0xf333b2ace992ac2bbd8798bf57bc65a06184afba,6294,635808876
0x9a35ef35f82b849be38ba444bd3d7d2614221754,6293,635815169
0x04dd43162ccb7c2e256128e28e29218c5057e7f3,6289,635821458
0xa55fc2f935e5decd52685e28c9f1e94528f86c70,6285,635827743
0x60d8234a662651e586173c17eb45ca9833a7aa6c,6283,635834026
0xf70d160102cf7a22c1e432d6928a9d625db91170,6280,635840306
0xaa090b9143c61b08259e185088119c971fa6707c,6280,635846586
0x343e182dc225ecee25774fa9b0d13b439b7bdf2b,6279,635852865
0x87a26afea62a56ede23a34f4634f8ef329bc78c8,6278,635859143
0x24e3794605c84e580eea4972738d633e8a7127c8,6275,635865418
0x16f812be7fff02caf662b85d5d58a5da6572d4df,6272,635871690
0xcb8e1352034b97fb60fdd891c0b23a32af29d25d,6272,635877962
0x70f414b2bcc447f8e41a57c357c20e3ad1bb864d,6272,635884234
0x19d8d532c78f05cb7c8824ccfbfb7382b44a2db3,6271,635890505
0x05ff5af70bd26c4cb93b4bb1028d38f1f251057b,6267,635896772
0x34e89740adf97c3a9d3f63cc2ce4a914382c230b,6266,635903038
0x097069f729b14eb00924a263bb11634bdacefd6e,6266,635909304
0x75d745eaea0ab0a8c9542959311c1c3166f6567d,6265,635915569
0x64424d34ac65079b91cc3c102085c7b720ce0e52,6265,635921834
0xf2b87ce9c2ce65e786d6ffee0fdb9629ceff05f2,6262,635928096
0x9b2a002d2740f0934afbd04007a277b46bd032d1,6261,635934357
0x607019bf5a45edfc4e7a1e7e00ba9d09efc936f7,6260,635940617
0x4dd68a6c27359e5640fa6dcaf13631398c5613f1,6255,635946872
0x5330a5805b9db68ebcf5247bbc9097163c1c2442,6253,635953125
0x7ca121b093e2fbd4bb9a894bd5ff487d16f1f83b,6252,635959377
0x936647c1291abb1c179ccfb7e5abe9c10b9c3ee3,6251,635965628
0xe1f4328def6ae4ae2eeac62d58baeaecf05e8d30,6251,635971879
0x72a2f259b6f691d5c1634d8dc8e1d15db7999811,6250,635978129
0x0b2a3beedb2827ea0ced44ed967e23879d208156,6250,635984379
0xb2ee2ab06c61e4fc4debff12433c1dbe7167d598,6246,635990625
0xc25bfd04865c4f5de947128887a10405cbba2193,6245,635996870
0x2204b8bd8c62c632df16af1475554d07e75769f0,6245,636003115
0x1b9743f556d65e757c4c650b4555baf354cb8bd3,6245,636009360
0xf8decd5be075afbea3d8200292ef71bb05fa7e5b,6242,636015602
0xd780fc7b5e318c2885ce546df2b6c6e431b2eb4f,6241,636021843
0x26f39ba401c8bdc9889585c07ba3e9f7c6d2a7ca,6241,636028084
0x554ce35a973a1317f71885696cbe4ddf8af177ab,6240,636034324
0x250a3500f48666561386832f1f1f1019b89a2699,6240,636040564
0x1a04cfe90fb72ed884977dbb8f77b59d95fedbb3,6240,636046804
0xa6238a24edc0a83262aacc1a72585dd6c03d66d6,6238,636053042
0x21a83dda19ade51bbf47f52eccad38ca68aaea93,6237,636059279
0xf6da9a11c213c6039b8d56f3a3eba8a692d6afdc,6236,636065515
0x1d077a1d4aea0b006deb50a066062a379f4493d4,6234,636071749
0x8c78442b45b8abfc2331c0ea34f890be7d03a645,6231,636077980
0x5ddc23dee470aec28d51721b4e3a25f9399166ec,6230,636084210
0xf37c9c01000f69976eaa489c450912ad8f18a40c,6230,636090440
0xe14a603f7c77d4101a87859b8736a04cfd85c688,6226,636096666
0x1266e24384701b094767d635a81a1001a3e54c36,6225,636102891
0xdb74865ff14d7045ee1723ffda9e4b33c0dd0968,6224,636109115
0x10633216e7e8281e33c86f02bf8e565a635d9770,6223,636115338
0xd86df85d090073dea2c9938fe7031e44046f7093,6223,636121561
0xae33185575973ee122793b5703273e502caee424,6223,636127784
0xabccaadd77078a67622dfd5f74066ce4581c0a99,6222,636134006
0x693e95410ec638f519f501a5e7e204a7c81e0aaa,6220,636140226
0x6fcc56c41bfdb62fd09bb208c0de9dcc40efeb1a,6219,636146445
0xaaf7d4cd097317d68174215395eb02c2cca81e31,6218,636152663
0x69e8b9528cabda89fe846c67675b5d73d463a916,6218,636158881
0x48116961de03abdc79559bc84df6984fbc025cca,6217,636165098
0xe5bd525aaf599b75362d5b1c78eccc47266ade47,6217,636171315
0x708ba31efde01cc53901248e7c174e0a74a822a0,6216,636177531
0x49849c98ae39fff122806c06791fa73784fb3675,6216,636183747
0xcfd6ae8bf13f42de14867351eaff7a8a3b9fbbe7,6216,636189963
0x5fce529a66e43fca22cf28f2fe0640be0bbbced4,6214,636196177
0xfb19c03a02a519a44542343803f3d42578cbc243,6213,636202390
0xa1fac94eabbc27715a022a96009babfb4a49fb5d,6213,636208603
0xac4a1c5ac6e3e14ef1d00e991e966c589040a2fc,6213,636214816
0xef753f6da67b765ded917c2273ce07445e86c8d2,6212,636221028
0x27525a26a2fc5bec00e1bf82a73abebcd91c4a42,6206,636227234
0x988383d7730b68a4cbc1fc1abba08554fd605f6a,6203,636233437
0x81fc061d66d029c77818d5fb637731ba7c04dd1e,6202,636239639
0x5f6d688465d1b1f9b5ffe7560cccb3a843b22a1c,6201,636245840
0x435d86b01884abd618cc810a7b6665206f5b8595,6200,636252040
0x1c808cffd78c93d68ecf6c08023d66334a33533a,6199,636258239
0x22a27b6ec3f78603b529b7fca4102d906369f1e4,6197,636264436
0x5dafafbd7acd662c909a9601120cf1d9f277e8ae,6195,636270631
0x14da230d6726c50f759bc1838717f8ce6373509c,6193,636276824
0x379c57ca4bea8f24fb2798c5daa1d09ac1e6dcc9,6192,636283016
0xfb5761fde5227d8bb093daf9db87013b3ab9cd24,6191,636289207
0x2323aeb683637c15350382df63bf84ce45561aad,6188,636295395
0xb8db9ad0e016854675120f03643ab8d41f797862,6188,636301583
0xda0c27269c049e915e2cc7e5f1a7a2f838ec8dec,6187,636307770
0xd942f19ca27dcae7c1e044f10a7080a8cd3bc7c0,6184,636313954
0x1b72ee0ad58b25c8645728aa5bacfc4fe5f082dd,6184,636320138
0x1cdac2b5d43f8ac95b19a354db952baf4cca12bd,6184,636326322
0x15a664416e42766a6cc0a1221d9c088548a6e731,6183,636332505
0xe2ccb8369b445ef9da469ed71ee35e0169e24721,6182,636338687
0x653bc9842cb54fa5454645be2eed7265f9fb9523,6181,636344868
0x9dbce7b1d2b6c288053c0f1143f6920b6a0bc89b,6178,636351046
0x04f33d30c9feebe0c5beb0fe20931958c5fd52b6,6177,636357223
0xf3c3f2f7df4e7dd90fd7627023176beeed4c5827,6175,636363398
0xafaefa2a7c7aab9f8b047268500035514487ef0a,6175,636369573
0x37f74e99794853777a10ea1dc08a64c86958f06a,6173,636375746
0x3d412f01a68cd34a4072f28ece862c8b5faa65fc,6171,636381917
0x91ca1146073b0cc9f57a1dde38a0ccb1ab2a3317,6168,636388085
0x237c800fb51cad6b2b1a69d9b89de1e147a04583,6168,636394253
0x6ef7cc3891e4881bf6106f41e4732e4807868633,6168,636400421
0xf0a95500f3ac1b2d70e1d8dfa7cd2d863afb6069,6163,636406584
0xf43798443f15918af20355a9d8f9bc68b57f9dc8,6162,636412746
0xc7cef5c3167126d112065604e65bec708b8d6a64,6161,636418907
0x96b0bf939d9460095c15251f71fda11e41dcbddb,6160,636425067
0x1287a363d003150338fb74e23e2ec0d525ba8e31,6155,636431222
0xbf2aeab03b82c182599930217272ef0fc5cf662b,6155,636437377
0x8b0e8659cb266ced5770a19032206cc1fdcad991,6154,636443531
0x9852304cf2d82d34f2594d500dc5f8efeb4da075,6152,636449683
0x92e78dae1315067a8819efd6dca432de9dcde2e9,6149,636455832
0x87ae4928f6582376a0489e9f70750334bbc2eb35,6148,636461980
0xc3884e677e0a3953072a7fc63e158e98313bf97b,6147,636468127
0x96f9632b25f874769969ff91219fccb6cedf26d2,6147,636474274
0x1a9c381403d8aba07d48beca049ac1fa8d6abfa3,6147,636480421
0xaeed12b7a6ce52899dca00aa79b24e8123eabde8,6146,636486567
0xdceb0f80ae8bcacaafa94d2e2343b3349c60338d,6145,636492712
0x18f5b4908e8861e3114ba9a0a9a4e84c5f180cc0,6140,636498852
0x281ec9a3e49c61289ffb2953076cb5d5b9cc7a5d,6140,636504992
0x3545570eb5eea493ba901f3fae0cfbd8b125b1dd,6139,636511131
0xedd8da5c20eb014e550008df3304213dde5e29f0,6137,636517268
0xca3239a9aca196de1af4d0eca6d669e6ebf4ba8b,6137,636523405
0x6e1b9e39069c7ab291d4631b37d9c4d434952afd,6137,636529542
0x30df266663401f7f6a74e5ad15989340b6d84847,6137,636535679
0x4d5ef58aac27d99935e5b6b4a6778ff292059991,6136,636541815
0xae4191a7eb25713ac90483ea75828ae8038f94dc,6136,636547951
0xd9c2d319cd7e6177336b0a9c93c21cb48d84fb54,6136,636554087
0x5a779aaeb53d2cba1755442c38dd6721c0cb31d0,6135,636560222
0xbb339a2d8faaf326e2f88c6416437d3e53b922d9,6133,636566355
0x0794ce7d4459105926da230f318c1e34bc790517,6133,636572488
0x106d3c66d22d2dd0446df23d7f5960752994d600,6130,636578618
0xaebd2b3ce79034741f05646ae557f12679865c50,6129,636584747
0x0def8d8adde14c9ef7c2a986df3ea4bd65826767,6125,636590872
0x87c8b57077ec4979f1dfe03a85ed0a8a8b0d6211,6124,636596996
0x5befe0f9a29ba63aec7664e7f5e9c198e5be113b,6122,636603118
0x800e9625f57b5242325f1809274c234090e9e772,6122,636609240
0x042dbbdc27f75d277c3d99efe327db21bc4fde75,6122,636615362
0x98d454cd76f9d9e5c51ae90f7748618967b76392,6121,636621483
0x2ee6d1a3ba4e80a61bdfb48a90d40a5cef455326,6120,636627603
0x9973bb0fe5f8df5de730776df09e946c74254fb3,6117,636633720
0xc05f7f2fa4f55de0472ec9d248e300b573c2d2c7,6117,636639837
0x317b8c7b9a879c22c78e4251ff00848039b4936b,6117,636645954
0x797ddc7d9bab2d4ab5bc5795e309674827bb064f,6114,636652068
0x78110a3043076460fcbac8bd8d421206d323539d,6114,636658182
0x78d1a4c48e5ab4e234f2cc9f94103e060652f1e4,6112,636664294
0x65c54d17c7ce5f005b5f17a7fea38f82d1ba57f4,6112,636670406
0x1deebacfc38e37513967eb487a16583436e4f6e6,6111,636676517
0xb00ba6778cf84100da676101e011b3d229458270,6111,636682628
0x9f5f5b6a56e13157e5e505f742faf745eaa4247c,6110,636688738
0x31385d3520bced94f77aae104b406994d8f2168c,6109,636694847
0xae080d87b45b029ac4999226afcf653d363949ac,6108,636700955
0x2fdbadf3c4d5a8666bc06645b8358ab803996e28,6105,636707060
0x7f96f68fa766d4e9b037417fe4967511152b9272,6102,636713162
0xa49b3c7c260ce8a7c665e20af8aa6e099a86cf8a,6102,636719264
0xb76271d13e7a83523b3eea131b82fa1d3136705a,6101,636725365
0xe019681c8a189184826fe17f86c1725e2940c4ce,6101,636731466
0xf99d58e463a2e07e5692127302c20a191861b4d6,6100,636737566
0x81a797a3f26a24a70264c19cbcda4b66f999cf06,6100,636743666
0xb87c7d5a5ff0092cf427855c1ea9b7708d717292,6099,636749765
0xe8b251822d003a2b2466ee0e38391c2db2048739,6099,636755864
0x819860c8e60ac7a0e8b62e31e084568a430fedaf,6099,636761963
0xa98f029bb4e74c12fb07bbc25854e5a04f7acf4c,6098,636768061
0xd3ddccdd3b25a8a7423b5bee360a42146eb4baf3,6095,636774156
0xa8760430c2c2ddc4500a800446462bca598ab62c,6087,636780243
0xe3f2ca1e20263a581c1ea86f88f2b8930d148f0e,6086,636786329
0xdbfb423e9bbf16294388e07696a5120e4ceba0c5,6086,636792415
0xa8b0f154a688c22142e361707df64277e0a0be66,6086,636798501
0x10c708fffc874196917296091cb0660fe5ec3a6b,6085,636804586
0xa464e6dcda8ac41e03616f95f4bc98a13b8922dc,6084,636810670
0x907cb97615b7cd7320bc89bb7cdb46e37432ebe7,6084,636816754
0xcefe72880e41888fc8cc860328172f78ab712b91,6083,636822837
0x922ee562d98793dfd6f06a0d63c58b9293530ae0,6081,636828918
0x7105cdc8bd45bbd9967775e254976a3607e14765,6080,636834998
0xb7f7f6c52f2e2fdb1963eab30438024864c313f6,6079,636841077
0x04069fd0fe1c0ed5106ad9f65f3e44d8cf3311b1,6077,636847154
0x0db03b6cde0b2d427c64a04feafd825938368f1f,6077,636853231
0xb4058411967d5046f3510943103805be61f0600e,6076,636859307
0xb1f2cdec61db658f091671f5f199635aef202cac,6075,636865382
0xbec591de75b8699a3ba52f073428822d0bfc0d7e,6075,636871457
0x501692cbb6d4b1f22f2361b41d46d59662b42994,6074,636877531
0x34bd7b55d9bdc120c090fa46ab13b6b32dbf2a29,6072,636883603
0x0e3de3b0e3d617fd8d1d8088639ba877feb4d742,6072,636889675
0x51e00a95748dbd2a3f47bc5c3b3e7b3f0fea666c,6071,636895746
0xbe49dc26aa6f5e9795f11a829e22b1b58552d2bf,6071,636901817
0x83dc8423170e95ee18b770bbdd6b3becb73c9c30,6070,636907887
0x7fbd92f49f6f9b4f9b3b4d18761b0deb7253a8bf,6070,636913957
0x8020d165806db531777b05bdb3b4eb8f6b3ce8ba,6069,636920026
0x9f452e458b024e82d6e3ff50a07b8de74c988523,6069,636926095
0xe4de4b488be08be7e4442ce213ef80e6957f997c,6068,636932163
0xd398306cfa4540c83dcf4c6d1752a76504af00cb,6068,636938231
0x5728e59002939074a10d0819732dcfc0bf6b5610,6067,636944298
0x646b41183bb0d18c01f75f630688d613a5774dc7,6067,636950365
0xe17e41acd4caa3cec048837bfd1918b3c4141767,6067,636956432
0x9c57618bfcdfae4ce8e49226ca22a7837de64a2d,6066,636962498
0xebcaa43bca4cb0c7cc4357274ba8ff7a2f50b925,6065,636968563
0x9501bfc48897dceeadf73113ef635d2ff7ee4b97,6064,636974627
0x3844f41847767e4f31c029af9b44c55bbeeedeeb,6064,636980691
0xef1344bdf80bef3ff4428d8becec3eea4a2cf574,6063,636986754
0xfc04c4b64422af861d771d9bc6b014e38ad1e511,6063,636992817
0x32dbd3214ac75223e27e575c53944307914f7a90,6062,636998879
0xcc51169c21158084371c63bc260aba4afdcfbd2f,6061,637004940
0x6a2e6510b2bbf8c9ad7bc817d0dc711711e8d747,6061,637011001
0x48b8f46167b239f4b5ed6f08baa42679ad0a6378,6061,637017062
0xeff9a40bb9bf260b3cba8d45ac295d21d099f784,6059,637023121
0xd540041e3420c3be7457b143332c1ad28c037320,6057,637029178
0x891b83bc30f1297ea9c6248793bbbf1be6b4ae5f,6057,637035235
0xe45b7cd82ac0f3f6cfc9ecd165b79d6f87ed2875,6056,637041291
0x97c4025aae58b8530ec86368101fdece17433b33,6056,637047347
0xb83109fe57ad735e747a6f633e5c52fa0572c760,6055,637053402
0xeefa2052ffa4213df66b0631796dc9acf0165b1d,6055,637059457
0x2fabadf6cd03ab0c0e77fe5c77a8204b4197abed,6053,637065510
0xc71e20e54adfc415f79bf0a8f11122917920050e,6053,637071563
0x39c5ad2210ba5830f3524b5b823313b0d06997fe,6052,637077615
0x1d09144f3479bb805cb7c92346987420bcbdc10c,6051,637083666
0x803a6fc118288bfd490f414e8efc857b7c148ea7,6050,637089716
0x9735c9b9ed14f3f6cab74c267a720bfd2715eb2b,6049,637095765
0x0a5dc2204dfc6082ef3bbcfc3a468f16318c4168,6048,637101813
0xb0fa64ed5b2a4f730fa79b9fe3ac4e2c0c2100a0,6048,637107861
0xa9598333b99d14d90bc81cad8af82c4c70625e75,6047,637113908
0x5b0751713b2527d7f002c0c4e2a37e1219610a6b,6045,637119953
0x5dbac24e98e2a4f43adc0dc82af403fca063ce2c,6040,637125993
0xc17078fdd324cc473f8175dc5290fae5f2e84714,6038,637132031
0x3d371413dd5489f3a04c07c0c2ce369c20986ceb,6038,637138069
0x1c9922314ed1415c95b9fd453c3818fd41867d0b,6037,637144106
0x9a0aba393aac4dfbff4333b06c407458002c6183,6035,637150141
0xb75d44db399b44dcf56a205fcf1ca225e003aa7e,6035,637156176
0xecf52b1cd443e51bf9bcea862b584b748725da9f,6035,637162211
0x124c801606be4b90bb46fbb03fc0264b461b821b,6034,637168245
0x1081cd1adca45adb90a407a1acadbef985d637ff,6034,637174279
0x8ac03a3304519879e2ddb114c2eb2163043ab4b0,6034,637180313
0x297e4e5e59ad72b1b0a2fd446929e76117be0e0a,6032,637186345
0x632b08ff2b32dafcdaf052350cd9466ddec50c7a,6032,637192377
0xb545507080b0f63df02ff9bd9302c2bb2447b826,6030,637198407
0xa90c69d36d6aef0bcd167b67de055ad25c8f7c3e,6029,637204436
0xa7c5a41e03a4aa3f277d136322f7ed798626c0bc,6028,637210464
0xcd2828fc4d8e8a0ede91bb38cf64b1a81de65bf6,6026,637216490
0x1db61fc42a843bad4d91a2d788789ea4055b8613,6024,637222514
0xc0b569ff46eea7bfbb130bd6d7af0a0a7f513c6f,6024,637228538
0x0396340f16bbec973280ab053efc3f208fa37795,6023,637234561
0x8bf7de86245b6ef193923d3ae9ebcfd2e036d0e7,6019,637240580
0xee059f0ca1507e4e20c689b20cff71b5e924f7bd,6018,637246598
0x4272db2eb82068e898588c3d6e4b5d55c3848793,6017,637252615
0x1e701cbb418017b22acfc1dd64aad8b0ee0f075f,6016,637258631
0x8eebdfc76a9f98d0b36b107a940adadba8c8df27,6016,637264647
0x563383b56367ff2afffe5c6bcf9187bbe52d40ad,6015,637270662
0xbdda280ee7bccc68f3be60a369b6b1eaee02493c,6013,637276675
0x18e1b664c6a2e88b93c1b71f61cbf76a726b7801,6010,637282685
0x1fed5bc5cb76542ecfa492c4f7abc867505be8e4,6010,637288695
0xad42a385d45576e02b293600cf91ea5fc2f00b89,6010,637294705
0xd0183c90d1dda5357ce349984a51cc24b7d2b78d,6009,637300714
0x63120ccd7b415743e8753afd167f5ad4a1732c43,6009,637306723
0xc5005344d52758ee2264be257a198b50f884711b,6009,637312732
0x888888848b652b3e3a0f34c96e00eec0f3a23f72,6006,637318738
0x6d7c7d764d6f1dfa256c74abb4c4d7861d8ee64c,6005,637324743
0xff101c0e7236ab384d42a6188fbbcb4b9a5f7112,6005,637330748
0xc50948bac01116f246259070ea6084c04649efdf,6004,637336752
0xe06d27b95616cd9922a4af2ee95f6802b7e08a9a,6001,637342753
0xb45a50545beeab73f38f31e5973768c421805e5e,6000,637348753
0x35290fee4e805ebd1d6b64a05ab19dd9af34abb9,6000,637354753
0xaa4a3990673d9d913a24f89e956e7c02a03f9b08,5998,637360751
0xaa10481f5d50ab16355f17ab3fb5309f2ac68037,5998,637366749
0x2f41f7fc1d45749e0a7498c659d997a1f8fe9f46,5996,637372745
0xfb9cffe49cbb97c7b32cc27a43bdf9048cf689e8,5996,637378741
0xdfa1468d07fc86840a6eb53e0e65cebde81d1af9,5992,637384733
0xf1bfe5b1c2332ced7d18ddb3a52ef9b512399e97,5992,637390725
0xfd26d9ec46172759ff9d2039a4e841cd82e835e9,5991,637396716
0xf4ebc177fbbd15874c08cccbc3dd383ee1a24a9d,5991,637402707
0x9ca4c6063c00f36304c09c6b3961e7fbd53a4c8b,5990,637408697
0x70fadbe1f2cccbaf98ac88fdcf94a0509a48e46d,5990,637414687
0x0f3adc247e91c3c50bc08721355a41037e89bc20,5988,637420675
0x797a1670d01f0e7603edf67306a5deac7b9ebed5,5987,637426662
0x020e13faf0955efef0ac9cd4d2c64c513ffcbdec,5986,637432648
0xb2c0782ae4a299f7358758b2d15da9bf29e1dd99,5986,637438634
0x91243971a2887ae30da520384b1e2023cce1305f,5985,637444619
0x7471daffd745a64417361b9edd2597b248383813,5984,637450603
0x9b8d5f3402f74c7a61d9f09c32d3ca07b45c1466,5984,637456587
0xeee0b2ed62615441ce31c3166a4179a4b8fce615,5982,637462569
0xab3fb81f8660788997cfd379f7a87e9527f1301b,5979,637468548
0xbea7dc107395063adb49b9360115a330a975a70e,5979,637474527
0x6cdd4ed31a7e1650cddc411bfa60517dc37f2eeb,5978,637480505
0x0f00c8dd21da51bc6a6ac07f491a7dbe69746f16,5978,637486483
0x0a25c807291e58716ab78752f8bb15eae8370e7d,5977,637492460
0x1b75b90e60070d37cfa9d87affd124bb345bf70a,5977,637498437
0xafffcba7d4870056f7555dc767be73dfbcb0237e,5975,637504412
0x65d2a81c2df8ff655030300b8efc9cd8aa222866,5975,637510387
0xe4412afb082b51b185acf2b421842465eac96103,5973,637516360
0x8d5682941ce456900b12d47ac06a88b47c764ce1,5973,637522333
0x222412af183bceadefd72e4cb1b71f1889953b1c,5972,637528305
0xde544e54a330abd1ea8a0e6693d46bfe95d9a684,5970,637534275
0x1b148b90442826375e864b71165a18b4d9256097,5967,637540242
0x0e3cc2c4fb9252d17d07c67135e48536071735d9,5966,637546208
0x37cac6e8bbd09b24ddc33a851ab438fc1451f946,5966,637552174
0x8360c91b02e60e4c1db4e2d298e2f2c441d1aca4,5966,637558140
0x6863be0e7cf7ce860a574760e9020d519a8bdc47,5966,637564106
0x95c40daff6715e4dfa36352b5871d9ac0f64f9e9,5965,637570071
0x9b4aba35b35eee7481775ccb4055ce4e176c9a6f,5964,637576035
0x38ae374ecf4db50b0ff37125b591a04997106a32,5963,637581998
0x230a4c7219a4fe65d1555d5cbe2b8c45845e0b5d,5963,637587961
0x605f6a82f70085fd9147e207885ce4b4f965502f,5962,637593923
0x4993cb95c7443bdc06155c5f5688be9d8f6999a5,5962,637599885
0x2e97e1d1122edfc5cae740ba61bd7f0b97e7f70a,5960,637605845
0xb8131617325c6f1f7729a4e2df8551cb44ddf76b,5958,637611803
0x54d582aafe3b8b83a6e28f9747b5fc00ddf0b581,5954,637617757
0x658371bd57e2ef8694959c4430b219d00a610003,5954,637623711
0x82b552931c96d2c9db775ce25a3d6648fec241e5,5954,637629665
0x0ab5fea982ac7896305e3a409cc1119a01e1e010,5954,637635619
0xff3519eeeea3e76f1f699ccce5e23ee0bdda41ac,5952,637641571
0xbf8c75e09e459e122a974c1815314210adfeaa51,5952,637647523
0xf79ecdd14fc6b67555b1c82e6381eaf4766e7535,5951,637653474
0xdda757c47e594f742003c12b8bcc45bf7dbd7292,5951,637659425
0xf30a862e9b5cf0de02e4a0dc8e426686eac38f49,5950,637665375
0x6ba083855c2a5b11fa557c853d73f4c215d6866c,5950,637671325
0x8430acfd193271d004ac0f0825b95e6a382eeb22,5947,637677272
0xc7e43a1c8e118aa2965f5eabe0e718d83db7a63c,5946,637683218
0xf418588522d5dd018b425e472991e52ebbeeeeee,5946,637689164
0xd2ea382e498316d91b9de8557670149b479721a0,5946,637695110
0x74bcb8b78996f49f46497be185174b2a89191fd6,5945,637701055
0xebf4ca5319f406602eeff68da16261f1216011b5,5945,637707000
0xaa984789e7c784037c4e8c66f865b95aa1f820e2,5941,637712941
0xe945573f2acdd9f7859116f2db90d0cee8c3ca65,5941,637718882
0x42fbed5a29cfa0c53a5c4f30625e67e155d8818e,5941,637724823
0x4c133e081dfb5858e39cca74e69bf603d409e57a,5939,637730762
0x6f9bd7116f13cdac750fd26dd37240ae6f29185d,5935,637736697
0x44aa53e498407cfcbc968cabc883b82c26dc3035,5935,637742632
0x7a5ce41c3511e4838f5dcefcf5533950ee1a8315,5935,637748567
0x8743cc30727e9e460a5e69e217893f42dfad1650,5934,637754501
0x526b065477d57c0eb9a1644110ad66b9fb23235b,5934,637760435
0x1a2277c83930b7a64c3e3d5544eaa8c4f946b1b7,5933,637766368
0xb110acb5b9493d9a3123740d80749bf889160d8e,5931,637772299
0x217375af2de10c73f94408c3258a956df106ba98,5931,637778230
0xf1145745ad0abfc7587cfe3b4d1c498be85446c7,5929,637784159
0x5039d9b575bd5722d310af6d2fc11e053c6d03da,5929,637790088
0x95428a2403abcbf09b94020fcc03f3a0286f1534,5928,637796016
0xa4f965e38a7d2795f43eebbed1c160319adbee04,5928,637801944
0xe02367242b348caca4bf39fd1249b212a88adcec,5926,637807870
0xda15d7db9c40be7dbf0d5fcfb83b7f5b7837903c,5924,637813794
0x17ef75aa22dd5f6c2763b8304ab24f40ee54d48a,5924,637819718
0x2e6539edc3b76f1e21b71d214527faba875f70f3,5920,637825638
0x020f9e661e512132890d259dc363ed084cf4e5a6,5920,637831558
0x7104ac4abcecf1680f933b04c214b0c491d43ecc,5919,637837477
0xa6d429649250b5490316607393400d48fc91645d,5918,637843395
0x4f5fa8f2d12e5eb780f6082dd656c565c48e0f24,5916,637849311
0x8ef2c5a579d779b79584773d6da1fd637676136e,5914,637855225
0x80c8c3dcfb854f9542567c8dac3f44d709ebc1de,5911,637861136
0x9271d303b57c204636c38df0ed339b18bf98f909,5908,637867044
0xfd9768d92ce58866507a547ae400ef800e5da18d,5907,637872951
0xe18b0365d5d09f394f84ee56ed29dd2d8d6fba5f,5906,637878857
0x86c31e6da2190a1ffd39a36990a44174d0a8be15,5904,637884761
0x66ffaace6abfc6916b105eb79774bcd5402fcbb2,5903,637890664
0x0deecb13f4e801bdbf2721875756d44b207ca580,5902,637896566
0x25d9bef26b6f7018d24d18144fe3c8bfd0d48a53,5902,637902468
0x581911b360b6eb3a14ef295a83a91dc2bce2d6f7,5902,637908370
0x9255ed258dcbafe165dccd93ea0a72f4ed88e24d,5901,637914271
0x5a40812d695189513bac7c49a3f842f91af9e00d,5900,637920171
0x89ac26c0afcb28ec55b6cd2f6b7dad867fa24639,5899,637926070
0x533147374daf35dc347a9ff02bfbea0c7f0728f6,5899,637931969
0x321864ddb3066d8268073ecee591da52c308eb40,5894,637937863
0x7a7e1c7157367e224542d92f3c8493bb4dc28878,5894,637943757
0x1d77f3123899e39116a982eb633ed1d07fa92092,5894,637949651
0x17303800fec5a38f6070c3356445ca3e41e8a173,5894,637955545
0xa7358697c69c3b0f2b56302fb396a0c80d302fc6,5893,637961438
0x302ef9993efdceed5dea53ef1f0704d913038c65,5893,637967331
0xacfa209fb73bf3dd5bbfb1101b9bc999c49062a5,5888,637973219
0x77371f7a1b6f74b36d87df9d955035591b5e76b4,5886,637979105
0x8f71c9c583248a11cacbbc8fd0d5dfa483d3b109,5886,637984991
0x66cf045ddbcfd02cdc0ee347f744d728494217bd,5885,637990876
0x50cb61afa3f023d17276dcfb35abf85c710d1cff,5885,637996761
0xd03b6ae96cae26b743a6207dcee7cbe60a425c70,5885,638002646
0xfc4b8ed459e00e5400be803a9bb3954234fd50e3,5884,638008530
0xfdeaa4ab9fea519afd74df2257a21e5bca0dfd3f,5884,638014414
0x9b53e429b0badd98ef7f01f03702986c516a5715,5884,638020298
0x5278852029f4fdf91eb2d40614ff49b4b4b7c765,5884,638026182
0x15cd5ddb1ca1a2b87b17e4fc728d904a5b43d246,5883,638032065
0x5ae655088e79fa0ced7b472d3bacd215ef796ccc,5883,638037948
0x0061c52768378b84306b2665f098c3e0b2c03308,5883,638043831
0x2af707df7d26756d70a0a90483a68b11b63f7ec3,5882,638049713
0x84679bc467dc6c2c40ab04538813aff3796351f1,5881,638055594
0xac3894e7504d0353cae797ba565076d4ba9487aa,5881,638061475
0xf41e5fbc2f6aac200dd8619e121ce1f05d150077,5880,638067355
0xc0951f25ee235675238afef28582eec047f78e4a,5880,638073235
0x4dbadd62f3f0d87265740bc0566d8dae9e21c000,5880,638079115
0x4c842514fb55323acc51aa575ec4b7d1be1e0694,5878,638084993
0x0b3dd26b80fd679af3fec73b1e60eb716c311b72,5875,638090868
0xb53ac311087965d9e085515efbe1380b2ca4de9a,5874,638096742
0xeadc218ac4cb7895a5a56e6484646b48f841c45a,5872,638102614
0xb27d887aff883d553ad7009b98a829bf1beee8e4,5872,638108486
0x8d1a6472e4e84b53fa2c76a86de9b5b59749edf4,5871,638114357
0xb5a5b6dbc42253e3b953ea5f51cbc07e8eb1448d,5869,638120226
0x7e9d62e1ff4e34096f91ee0153222ab81f7184f0,5867,638126093
0x247ab20d711266fe14243fc037380c4c330fd990,5867,638131960
0x18167b36be0677125adebf6d9cfe30d0fda1ac59,5866,638137826
0x106552c11272420aad5d7e94f8acab9095a6c952,5866,638143692
0x34ba9c7402e1df11709c7983008b5a49d59e963f,5866,638149558
0x110eee0f20bfb8fea2d5e79dde8f8b712e508876,5865,638155423
0x9cda8a60dd5afa156c95bd974428d91a0812e054,5865,638161288
0x5250776fad5a73707d222950de7999d3675a2722,5864,638167152
0xb52c5a978e42ee504b25bda9807cb03776552744,5863,638173015
0x005275450e77bfa6bcbd04d85175d5d0f2dfae43,5861,638178876
0xc587985e89699e43a439a2e67ebbd08d1a07fc22,5860,638184736
0x0bc1e9770d4445fb49e3e474555cc15c667a5dd5,5859,638190595
0x583b7b76ada785c4f19bf90f653384ededa89367,5858,638196453
0x7557f4199aa99e5396330bac3b7bdaa262cb1913,5857,638202310
0x728f30fa2f100742c7949d1961804fa8e0b1387d,5856,638208166
0x649d4e11d5e40e051aa30e169b5c8265e26aa5e9,5853,638214019
0x2495777d13b1547e9cba2043dd48beaeac3bd161,5852,638219871
0xbc32be9115c3d2309ccf643f64c119bbc97a5280,5852,638225723
0xc4cb5793bd58bad06bf51fb37717b86b02cbe8a4,5852,638231575
0x4bb3205bf648b7f59ef90dee0f1b62f6116bc7ca,5851,638237426
0x0ddfe92234b9dca2de799736bbba1d2f25cfc3b8,5851,638243277
0x3383c5a8969dc413bfddc9656eb80a1408e4ba20,5851,638249128
0x1a09ee0fb292a3c63a52fb62e79fbfe32e5c83c5,5850,638254978
0x9d97ceee1197a841e35fc43d306397e284277055,5844,638260822
0x1862a18181346ebd9edaf800804f89190def24a5,5844,638266666
0xc90cabfc26220fbf61e9bd8f46c2dc006dd8cef8,5844,638272510
0x0df2f1b53ea0479952845f11d56efab3cd4eed97,5842,638278352
0xdedd13be2d81a9afff28b4b45bd23ecfb9948dbc,5842,638284194
0xe9184c970bcfbb05d8a38762d073320e622a3e28,5842,638290036
0xa540fb50288cc31639305b1675c70763c334953b,5842,638295878
0xf091cf09c51811819db705710e9634b8bf18f164,5841,638301719
0xd0834d08c83dbe216811aaea0eeffb2349e57634,5840,638307559
0xcd3e6c0d690cdadbb416e21d58c3db80515f504a,5839,638313398
0xfd734aa39b1b8c2dfa5ec6fbda1253f6e8e20946,5837,638319235
0x8254542c14283a210a4c1d408a8a993dc48eb1da,5832,638325067
0x66918513818c2ab395672273a8f84e8dda560129,5831,638330898
0x063b98a414eaa1d4a5d4fc235a22db1427199024,5831,638336729
0xac956c72c262e5405a84dac655d5f3bea7ae9534,5827,638342556
0xcd5c245a7fe35c5b638ac626ca258d33330d1e75,5826,638348382
0xc780b0272bbe7caedb6b47157d88ce51b324da58,5825,638354207
0xf7fa182eff7db7ef2e8825e272b725e974cc22f2,5825,638360032
0x69692d3345010a207b759a7d1af6fc7f38b35c5e,5823,638365855
0x2d16e45b28c3cd1881edcaa5b15b19c65ade2f24,5823,638371678
0x2fad4056b86990f2045c2963f65abf7b74d50ef2,5821,638377499
0x0e26b2dc8ef577baf50891eac94f0def59b5da16,5820,638383319
0xfb05b1e4b5d7bb275608ffdc811f4eda8676b28e,5820,638389139
0xb39c5d59672e0cbb7dcd324d4f90ba59d7757a91,5820,638394959
0xd1ceeeeee8af2791fc928beffb0ffac3387850de,5819,638400778
0x39665fe4581394c3dad9e90c014ec225fd4fbae4,5818,638406596
0x9928e4046d7c6513326ccea028cd3e7a91c7590a,5817,638412413
0x882a78892ddd427cf55ffd20c3496047fc63b24d,5815,638418228
0x977691ef90cb28694c8c88b40a77dede6d365e1e,5814,638424042
0xd57e815249253e4f4914e0bec16b5a1046dde303,5814,638429856
0x2b959ef258370c7a554d2bb052b3bc062d17e758,5810,638435666
0xcb8d1260f9c92a3a545d409466280ffdd7af7042,5810,638441476
0x335ebc47adc461e411a0ca992562a66995314229,5810,638447286
0x634e27269a029edb2b70b5ef43273f5eed9ebcc2,5809,638453095
0x87c00817abe35ed4c093e59043fae488238d2f74,5808,638458903
0x76280af9d18a868a0af3dca95b57dde816c1aaf2,5806,638464709
0xa70f9a2b087360ffdc280c94ea676c9bd60c42f8,5806,638470515
0x7025bab2ec90410de37f488d1298204cd4d6b29d,5805,638476320
0xec213f83defb583af3a000b1c0ada660b1902a0f,5804,638482124
0x9cd39da8f25ec50cf2ee260e464ac23ea23f6bb0,5802,638487926
0x48fddcc622788e1c922bdcac61c3935e823367ec,5802,638493728
0x85cfd037ba8e822df7b6b840f9b7a0e9efb17c71,5802,638499530
0x2eac0c3dcb5b05954f9abbb34a26dd05f863571c,5801,638505331
0x08389495d7456e1951ddf7c3a1314a4bfb646d8b,5801,638511132
0xf41bcc951f89d91a4f2ae0254116690eda11e0f7,5800,638516932
0xc6e64729931f60d2c8bc70a27d66d9e0c28d1bf9,5798,638522730
0x8f33f5695be8704d9affb82f2ac4fc280a7b1123,5797,638528527
0xdf5021a4c1401f1125cd347e394d977630e17cf7,5797,638534324
0x8b90515c7a99b7edd97702c04d1e3666281de1b0,5795,638540119
0x90de74265a416e1393a450752175aed98fe11517,5793,638545912
0x306dd7cd66d964f598b4d2ec92b5a9b275d7feb3,5793,638551705
0xb110ec7b1dcb8fab8dedbf28f53bc63ea5bedd84,5793,638557498
0xa0f17fb833a7a4d92c90c1908a5c9efd7175a4e0,5789,638563287
0x0fd9c18518fe793e02e20adebf4515600cbf8ba4,5788,638569075
0xc893f7e271d1436ae3758cd59d5242884c02fb7f,5787,638574862
0xc05290098ddcffbfae9a95229db62324c1244b5c,5787,638580649
0x07241118626a7bbb604be4b9ef8ef12e78fd0871,5786,638586435
0xdc9ee6c7950cbe1f0d80515b9cd71ad6c7373741,5786,638592221
0xb277fa7b40414464159040c8a0a0b4b5e221dca3,5786,638598007
0x174afe7a032b5a33a3270a9f6c30746e25708532,5784,638603791
0xc3761eb917cd790b30dad99f6cc5b4ff93c4f9ea,5783,638609574
0x757dc2a94a1ea6bb97cba8ddcf841246247bce7b,5782,638615356
0xa3e1fdabd8dbdbe47c74e5b8bb21d0ab1c0252ec,5781,638621137
0x0c8cdc16973e88fab31dd0fcb844ddf0e1056de2,5780,638626917
0xaa448eff88b1e752d50b87220b543d79eac15a0e,5778,638632695
0x31e785bf74da2df663cfdad368fc67bb19c4d6bb,5777,638638472
0x7c81542ed859a2061538fee22b6544a235b9557d,5776,638644248
0xcc4ef9eeaf656ac1a2ab886743e98e97e090ed38,5776,638650024
0x34091cc14eb4daf181a5679278ec7c262eab6cca,5772,638655796
0x591e9f22e2e925a5febbbf9da7e7a632e877fe5c,5772,638661568
0x01db18f6a474840db3480a6a35227d4d0dfcca37,5771,638667339
0x3108ccfd96816f9e663baa0e8c5951d229e8c6da,5770,638673109
0x43a96962254855f16b925556f9e97be436a43448,5769,638678878
0xc3f7ffb5d5869b3ade9448d094d81b0521e8326f,5768,638684646
0x8f0921f30555624143d427b340b1156914882c10,5767,638690413
0xfca7b2b2411c142c0295a1ac267691225c524518,5766,638696179
0xbab6f30c81209433a3ced28ca8e19256440547d9,5766,638701945
0xa1cf530fa86c17c84d5d3b0f0a6f60265e2e8b7b,5765,638707710
0xa71d4ac24724398504b8f93e4667c54aa9721157,5764,638713474
0xb4f162b10b7d7db50d80e79e34b72e26f9e01a68,5759,638719233
0xdede73d1657648a071db4e8b8c27e83f8b66323e,5757,638724990
0x9f158f442bc4ac36c0d7ffb81698c8248d39f708,5752,638730742
0xea8e6c16c8f022c1e32e1112e570528ffc106fa1,5752,638736494
0x364b3673c3d5bf938b2787c7567b864a8bc3e492,5749,638742243
0xbeabef3fc02667d8bd3f702ae0bb2c4edb3640cc,5749,638747992
0x66fc757433782a20a7a6b6c2b9b1c5240fc5384c,5747,638753739
0x1071ba8ada384c2b9b87f808e19dbb9aa4f0f88a,5746,638759485
0x90fc38eb9592940e6d5bae221313d749ee26369b,5746,638765231
0xbd2aa67529d597d0910d1fbcc5b195271053e467,5745,638770976
0xdaf5520a1ba8d71cdb81c69c72d736dab058c602,5745,638776721
0x5532ba4add77dd25fa11acc5a84e5f183f57525e,5744,638782465
0xe89dc5ead48a40180a4743aa18ecaf1a3a08ff1f,5744,638788209
0xfd8987553ab4606dff73bb2d11e2048104111232,5742,638793951
0x1a3b7917b5952eef04e7dd3c9d8a736b57fb2613,5741,638799692
0x7b724fb188295e10bcdff007305af22ec586743a,5741,638805433
0x8a996346c16619398c1f229c55c65aa7a84e77c8,5741,638811174
0xdd903896aacc543abeef0deea9b2a27496f762ad,5741,638816915
0xb64555c4feb7dbe8584cb3b10d8993d1b3572f7e,5740,638822655
0xe130d59c0d7f84260b776aa5f93de5031c5a0bf6,5738,638828393
0x177ba0cac51bfc7ea24bad39d81dcefd59d74faa,5738,638834131
0x8daebade922df735c38c80c7ebd708af50815faa,5738,638839869
0x60b5a9ce048007b58c35f176ace3df56107f8ea5,5737,638845606
0x6d075df51cdf493fb3aa09f33166a9815339b206,5736,638851342
0xe66cc41dd03a170623dc087a69ad8d72e64cb838,5735,638857077
0xff252725f6122a92551a5fa9a6b6bf10eb0be035,5734,638862811
0xefc0eeadc1132a12c9487d800112693bf49ecfa2,5734,638868545
0x1d464ac5e046e5fe280c9588edf8eb681b07008f,5733,638874278
0x386467f1f3ddbe832448650418311a479eecfc57,5732,638880010
0x9972a0f24194447e73a7e8b6cd26a52e02ddfad5,5731,638885741
0x2121a1b68e9c2cc8ff4bfd8bcd0f891ece331c51,5731,638891472
0xee4d7c243e4a6fd6d3f7d1f7278602109a66fcd6,5730,638897202
0x0fc53f7c2659a708f46d0c4336eb8c1e0f551307,5728,638902930
0xd7a4f012ead240691a98144cb488e483aefef724,5728,638908658
0x2e829cf51fe1ec8f4a62efdd4e76d6bcd81601d8,5727,638914385
0x52903256dd18d85c2dc4a6c999907c9793ea61e3,5726,638920111
0x2cc71c048a804da930e28e93f3211dc03c702995,5726,638925837
0x18e4fd8b11ddcb27d39993a322f83fbb5f0a893f,5725,638931562
0x965b85d4674f64422c4898c8f8083187f02b32c0,5724,638937286
0xb772ce9f14fc7c7db0d4525adb9349fbd7ce456a,5721,638943007
0xc3f279090a47e80990fe3a9c30d24cb117ef91a8,5721,638948728
0x6e34ec8b63ce07cb8e78ce5bb5d4f122bbb3d2ee,5720,638954448
0x3ced46d2c74d25b85252fbd6690f0a5bf3d4f9b9,5718,638960166
0x58ae42a38d6b33a1e31492b60465fa80da595755,5717,638965883
0xd0bd12a8d5ebca1e2fa46da59f1993ec51c3d75c,5715,638971598
0x221c3a8b9c651adba1eb09f567c8001e340ed4cf,5715,638977313
0xd1e4d74d9b0ae84a78188b589f4b47ac2e94aca9,5714,638983027
0x11a885a7258628f976d484eba9ecb5fff855bbe2,5714,638988741
0xc4e65bec21f3be7aee8c16916b9219f17b980ee4,5710,638994451
0xeb269732ab75a6fd61ea60b06fe994cd32a83549,5710,639000161
0xe9a5bbe41dc63d555e06746b047d624e3343ea52,5709,639005870
0x3b3ac5386837dc563660fb6a0937dfaa5924333b,5707,639011577
0x3b775a057cf23e350293caccee09625779032d1e,5705,639017282
0x384776cb3e453402ecf070b48d79e9874763cb50,5705,639022987
0xd594144f44d590c54645c3ad240f4070d08a8bb5,5705,639028692
0x0c577fbf29f8797d9d29a33de59001b872a1d4dc,5704,639034396
0x9435910dce6b57254ab4bf432fd3d66a067188aa,5703,639040099
0x1500205f50bf3fd976466d0662905c9ff254fc9c,5703,639045802
0xdcc655b2665a675b90ed2527354c18596276b0de,5702,639051504
0x54ed0feff1467f9d13587dfd39226d08ee1a9606,5702,639057206
0x4cb10f4df4bf4f64d4797d00d468181ef731be9a,5700,639062906
0x18029f3db16fbb84b583b3129b780528a0e42edd,5699,639068605
0xdcb01cc464238396e213a6fdd933e36796eaff9f,5694,639074299
0xdb2f2bcce3efa95eda95a233af45f3e0d4f00e2a,5693,639079992
0x7010e7dad9e67093f0c4ced769449207b3b1d925,5693,639085685
0xf2a7f5a4bcf0eb88de982650e2e751c155655a4e,5690,639091375
0x752037bfef024bd2669227bf9068cb22840174b0,5689,639097064
0x2b2167bd09c4c8f853e0c011bcf9a581f8459604,5688,639102752
0xdf354b61390d9c45b751f212c35367c6b7914e26,5688,639108440
0xefa14c326424f82503f3120d16898d3084e90942,5686,639114126
0x31046b5f39732dcce2acd64c9488ea4eac1ff4be,5685,639119811
0x7d92eae052df7d5c85a716fb2e5d78ca3a99c867,5684,639125495
0x7ebd56cc7c1d14788ed09179f67cdcf2778c6535,5680,639131175
0x3fc2c27fc4620c02d78c2231632b519167803a85,5680,639136855
0xf44ea500abd7d4fb8b0bc5c42002e0eb58d0eb42,5678,639142533
0xe0dbbd0a861fdc0bf9bd7dd5e56c0ca5a69aa090,5677,639148210
0x772ff488bc4f234af0c4dd4fe259f8db748c57f4,5677,639153887
0x930a6dd3ccf6ca232a1e56371db60a53d796bbb1,5676,639159563
0xa8262eb913fccea4c3f77fc95b8b4043b384cfbb,5676,639165239
0xe1de5ebd607f1da1c34d78b760b9c87901d0ba35,5674,639170913
0x2c31b10ca416b82cec4c5e93c615ca851213d48d,5674,639176587
0xc51c938c4d513780c66c722a41c197d3a89fa9a8,5673,639182260
0x27f610bf36eca0939093343ac28b1534a721dbb4,5672,639187932
0xbd8dd6d726c3fcdbfa9a1279a98a7320cfe4d800,5672,639193604
0x57714986f874418467bc3f744ed414ce6755a3c7,5672,639199276
0xfbfb4f97baa176e0961632fdc230a5c13458b22e,5671,639204947
0xaad55ad47e2770c385164b94e68d431a5ac09a52,5670,639210617
0xc0ea6306f6360fe7dcab65d16bf1a3af92c79aa2,5669,639216286
0x8803eb6254a958c65d19074e97f151812bf5592f,5668,639221954
0x03bd7850a31caab01152ff37ba136b0eae53c69d,5667,639227621
0x6f4ee03ca6c942c9397d2ba5f8f83ea58f918f47,5665,639233286
0x787cdf337b66e10de9191bb7a26e2128b52c6390,5664,639238950
0xe9541c7ea236332f4d07be73101670f39b27da02,5663,639244613
0x5e569e1ecd56fe30dd97ee233ec1675b60fb6680,5661,639250274
0x0669f97be1948804fda3cdd745f9ead2356aecef,5659,639255933
0x8a732bc91c33c167f868e0af7e6f31e0776d0f71,5659,639261592
0xa1dda546100ec31f8ac5c37eece894ca863e9596,5658,639267250
0xfa1004e9c0063e59dbf965b9490f3153b87fb45f,5657,639272907
0xa9ceaa10c12dcb33babc2d779e37732311504652,5655,639278562
0xd5ed308874ac03d68120aa3dcee33ae52c8a8b7b,5652,639284214
0x2fc246aa66f0da5bb1368f688548ecbbe9bdee5d,5652,639289866
0x9380a66619b5f6ca17629054bfceda879db4268c,5651,639295517
0x41e6cb81b091947d1567fa098019d8e9a691c91c,5650,639301167
0x17279c2370e54989c2cc347065e4e4a76ab1ab14,5650,639306817
0x62aaf435273bc4baa78dcebd6590042d7e58ba6f,5649,639312466
0x358aa737e033f34df7c54306960a38d09aabd523,5649,639318115
0x06da0fd433c1a5d7a4faa01111c044910a184553,5648,639323763
0x69719c8c207036bdfc3632ccc24b290fb7240f4a,5647,639329410
0xa17d1bf14802e0eec8f84b3b8b638a9402d60e9e,5646,639335056
0x859566c383876ac562fc6ac89bee31d051db33f9,5646,639340702
0xbea98c05eeae2f3bc8c3565db7551eb738c8ccab,5645,639346347
0xac90e3cbb5756f91d82e27fe697706c405caf09a,5645,639351992
0x1a9eb0f43ab4d9ffef9908b4d2c4b7f400ce3b3c,5644,639357636
0x87f5e8c3425218837f3cb67db941af0c01323e56,5639,639363275
0xc2c9cccad1dbd2c3e985590900cade41795b7642,5637,639368912
0xda57fc370d6f446c6d24258a65f6853c0dd09298,5637,639374549
0x9872ffc47ff6ae0cbdec2f68bb88ad3169d69afc,5636,639380185
0xf79d6afbb6da890132f9d7c355e3015f15f3406f,5636,639385821
0x1bcc32ac1c994ce7e9526fbaf95f37abc0b2ec39,5635,639391456
0x98c8708d18c8b0f4cba9269ac8a90edbc3c32207,5634,639397090
0xf52fbd056ed1f1ab01d4296fce136d6c0a2bbfaf,5633,639402723
0x683c19e621a0f107a291fdab38f80179809d61b5,5633,639408356
0xf631e90c977d65425a38b25e1ec8516ce850bc38,5633,639413989
0x85f6eb2bd5a062f5f8560be93fb7147e16c81472,5631,639419620
0x5edccf99be7ee24cdb32145217710771d9737ba5,5631,639425251
0x988dadd0b82fa7d94d9e6f084a08755bfd4da860,5630,639430881
0xa539baaa3aca455c986bb1e25301cef936ce1b65,5629,639436510
0xa8e7ad77c60ee6f30bac54e2e7c0617bd7b5a03e,5628,639442138
0xf0358e8c3cd5fa238a29301d0bea3d63a17bedbe,5627,639447765
0x62d504cb167bd1d5ba97bfcec102ced711791c39,5627,639453392
0xa4dc97a565e2364cdeb4efe38c0f153bccb62b01,5627,639459019
0xaa8cec9cbd7d051ba86d9deff1ec0775bd4b13c5,5627,639464646
0xf18b97b312ef48c5d2b5c21c739d499b7c65cf96,5626,639470272
0xaa12a35e7ac7bb170e86a5a242bc0c6581a895b2,5626,639475898
0xf23a054976a9a291a3a7697dd9ddbd300392c096,5626,639481524
0xb1f871ae9462f1b2c6826e88a7827e76f86751d4,5624,639487148
0x999efa8518088b658b4a73c5743de3362e225db0,5621,639492769
0x045f5fca1f81a4166159860ed6518f4e06d01aa2,5621,639498390
0x6c158864d3b06113bfd9f5f2c219725fd5bc3923,5618,639504008
0x3dd99c776e10636f02fb6fe48e2b6a7fc886ca01,5618,639509626
0x05dbbe4baed86d9b1da83e67dea6326e2617dad2,5617,639515243
0x3031745e732dce8fecccc94aca13d5fa18f1012d,5617,639520860
0xa2b2953b35971d7f85cbe38b7dc9c42e8b1adef4,5616,639526476
0xca955fd1a0b5541bd9fa5582912ff2675fbe7128,5613,639532089
0x7bb4523464dc5f1b75192758d7566c5a03e05d49,5612,639537701
0xf5832512cfda8083e5b2dd0aa7c1b9265c03ba1f,5612,639543313
0xa3e059c0b01f07f211c85bf7b4f1d907afb011df,5612,639548925
0x07b7d8a510acd373b11b7dabb7640fe3f5606220,5611,639554536
0x4a089c689894bde6a67625488c64a5e16e1cbeba,5609,639560145
0x02caceb4bfc2669156b2eb3b4d590e7ac10a4e73,5608,639565753
0x46c76f8be43fd8aa7ce59d649a76728323b30214,5608,639571361
0x0d896c1466cc819606f07a79a3113d779cffae1a,5607,639576968
0x125b58978f47e4b6d6016f94fed699e6545a24ed,5607,639582575
0x7ab2174c7151cb84f91bb818e07a72a5420a37ef,5606,639588181
0x4ed413557f4248cb1ad0eaf1469e164ad820391d,5606,639593787
0xe9c7ce0c2d62a6a750ea2fb2f8ab489b217c82ae,5604,639599391
0xa3efef1a1e3d1ad72b9d0f4253e7c9c084c2c08b,5603,639604994
0x2e0808f4e96d04e9aac304ed6dcfe891e9304d75,5602,639610596
0xc259bb0264e4910933e794e6a02f2b5608821816,5601,639616197
0x2add07c4d319a1211ed6362d8d0fbe5ef56b65f6,5601,639621798
0xd183ec9117a8363429b08ae702805538e2918563,5598,639627396
0x7dabfe71da74487d46b2d9f7a2ddf037a6aa9aee,5598,639632994
0x767fe9edc9e0df98e07454847909b5e959d7ca0e,5596,639638590
0x000000000000f095b1b50de78b7a6bc4697b2927,5593,639644183
0x11bf850d1b85ea02ef9f06cf09488e443655b586,5593,639649776
0xa3b0e79935815730d942a444a84d4bd14a339553,5592,639655368
0xa47f5664e95830bb952ef7fb3d52996c3a8a2ca6,5591,639660959
0xb99a23b1a4585fc56d0ec3b76528c27cad427473,5590,639666549
0x927ef8c2363dd28e9de8150eb02beaf84952f7a3,5589,639672138
0x66b3037aa8dd64c3ef1aee13a4d1f2509f672d1c,5588,639677726
0xde7b3b2fe0e7b4925107615a5b199a4eb40d9ca9,5587,639683313
0x3ac655b147b6e2d2ced40126f6c5956e5467a92b,5585,639688898
0x7777777777697cfeecf846a76326da79cc606517,5584,639694482
0xc7da481e6e14159d28e5e31a1fb57ed649db2e3a,5584,639700066
0x8a4774fe82c63484afef97ca8d89a6ea5e21f973,5582,639705648
0xf702feb9bbb28aecd61cf4addf13141905b588be,5581,639711229
0x856e19b3ce92dde6892290c48204aade2f9c3ea0,5581,639716810
0xbbcb32961c34ca2a1576eff6a6db798f67140eda,5580,639722390
0xbddab785b306bcd9fb056da189615cc8ece1d823,5577,639727967
0x1f41d787b19f0cef9bc8309ab4d969e5f85da085,5577,639733544
0x712539f3491ef4dcf99f4a9b3cacd695631407cd,5577,639739121
0xd5aefbf0038a6cda8615699bc6092d26d46c2b27,5576,639744697
0x3ebbebb8198c90c7460a8a60736481726b40297a,5574,639750271
0xfb7b097a1ef1bcc3bb1ce1722e2185ee5e74b54a,5574,639755845
0xef0a7481c30d056aef9c075f5d48ead31ac52336,5573,639761418
0xc5256853bbad8cf0a533e09fb1eef8592c5c65fe,5573,639766991
0x60ca4fda3a3bcb1fba87e57ef06267197d9b407f,5573,639772564
0xb6c057591e073249f2d9d88ba59a46cfc9b59edb,5572,639778136
0x49a1cbb5d28cdedd55b7daa627f658fbd8cf1d23,5572,639783708
0x3bca99271cc008c71d921576ebd7f443302b02eb,5572,639789280
0x0d7895991d3befbda9ccdbdc5a755fd892161388,5569,639794849
0xae7eab72fea25a8073d14e6f159568b67572878a,5567,639800416
0x178e2723f8bb638f147efaf52c7d258ebbec58cd,5567,639805983
0xada86b1b313d1d5267e3fc0bb303f0a2b66d0ea7,5566,639811549
0xea8c9db193996bbc3f6a9afbdbea2b3b62c11253,5566,639817115
0xc25c37c387c5c909a94055f4f16184ca325d3a76,5565,639822680
0xb81d70802a816b5dacba06d708b5acf19dcd436d,5563,639828243
0xf4128b00afda933428056d0f0d1d7652af7e2b35,5562,639833805
0x080d487e083543bb9b3194307bc96cb115174344,5562,639839367
0x2be5e8c109e2197d077d13a82daead6a9b3433c5,5557,639844924
0xb636d0c2021569dcdc9607a7ba4bc7f05095fa55,5557,639850481
0x17c8d8b7659141273a1c2223030c89b96713a44a,5555,639856036
0x16e73d276b2163c49db410350bfefd9f48898821,5555,639861591
0xd6cb175719365a2ea630f266c53ddfbe4e468e25,5555,639867146
0x3154da898943fc7151bc77f16e43c0c47b5e452d,5555,639872701
0x93dfaf57d986b9ca77df9376c50878e013d9c7c8,5554,639878255
0x8ec7740a73b1bf8d72d471dfe63a34f81f50a118,5553,639883808
0x5f06e7af552db08138b0a9c20b0c40469d3a09a4,5549,639889357
0x7d2d3688df45ce7c552e19c27e007673da9204b8,5548,639894905
0xed3e73c01028eab954784aa5aedc97cbe2807dbb,5547,639900452
0x68347b5ba177741342f81ac7fb6079505f452d80,5545,639905997
0x97f1d18efe472fedd30be23f0703a4412ea85a80,5544,639911541
0xcaa7e4656f6a2b59f5f99c745f91ab26d1210dce,5544,639917085
0x92042a1072464b0c136461e92af6ecfc133d3284,5543,639922628
0x59f687b5910eb3a7f810235624803baacd9dd29a,5542,639928170
0x49307664272a840d37acd26a2521688a7808a693,5541,639933711
0xcae2df21e532d92b05d55c9ec75d579ea24d8521,5539,639939250
0x48760771feda4be44a6ed3bff13ecbc445159b1d,5539,639944789
0xe662aa54f40ee21da63a82944d4485bdaf5a6be5,5539,639950328
0x0aaf561eff5bd9c8f911616933f84166a17cfe0c,5539,639955867
0x51ee82641ac238bde34b9859f98f5f311d6e4954,5538,639961405
0xbe6ac6b50f577205c9d107f37b6e205aa6acc5d4,5538,639966943
0x6e36556b3ee5aa28def2a8ec3dae30ec2b208739,5537,639972480
0xa7d10ff962eda41f3b037e3af1d8b4037eba4b86,5537,639978017
0xa56bcbd1a00367bf5ba9dcb0166b61a4d8de6eef,5537,639983554
0x56d1f1de8cd96420bb33755020bb61dcbdc1c2a6,5536,639989090
0x2f08119c6f07c006695e079aafc638b8789faf18,5536,639994626
0x380291a9a8593b39f123cf39cc1cc47463330b1f,5535,640000161
0x4e9d7f37eadc6fef64b5f5dccc4deb6224667677,5533,640005694
0xb9840a4a8a671f79de3df3b812feeb38047ce552,5532,640011226
0x890f4e345b1daed0367a877a1612f86a1f86985f,5531,640016757
0x198a33e21b73befa94ebe9dd92f22a9ae1f10c9f,5531,640022288
0xe2b407160aad5540eac0e80338b9a5085c60f25b,5531,640027819
0xfcad2859f3e602d4cfb9aca35465a618f9009f7b,5529,640033348
0x5e55a1705ed1313629bb2cc842019c8deb2f643b,5526,640038874
0x0029b494669cfe56e8cdbcaff074940cc107a970,5526,640044400
0x6a24aa64739f208e3422daba4c3be4687d66c778,5525,640049925
0x51a4f65463597ca4609c9a90ea3d5ab219fbc85d,5525,640055450
0xef19f4e48830093ce5bc8b3ff7f903a0ae3e9fa1,5525,640060975
0x07ab4886566b7ab782a9d627e8554db66fb06357,5524,640066499
0x5c3845e4ed307ed48f7b593b06ec4da3568c7761,5523,640072022
0x2a093bcf0c98ef744bb6f69d74f2f85605324290,5523,640077545
0x0df259a1d46dd4262c55904a96bb6a0ea4dd9c3c,5523,640083068
0xf8834e39fdf20accc5bdbb017b92e20ebecc9fb2,5522,640088590
0x4a137fd5e7a256ef08a7de531a17d0be0cc7b6b6,5521,640094111
0xa58967dcc070e43257ffa588da806c437754b244,5521,640099632
0xc25a27281e10f140a97ea5f845c0de1bf8782f90,5518,640105150
0x514aade50d0a679afd172720a7b6fbaccccb64ee,5516,640110666
0x64d2d66050c540116a02a49aeda827af67bb1475,5516,640116182
0xc55c52b147b23c0d0003d93848d11295637d8cff,5516,640121698
0xa4463f9ff0d87531232c8c4819b536c332da6eac,5512,640127210
0xce5b23f11c486be7f8be4fac3b4ee6372d7ee91e,5511,640132721
0x6f8eac7fd5d4c647f94be10fc7c973986f38e4c1,5509,640138230
0x08e4f70109ccc5135f50cc359d24cb7686247df4,5509,640143739
0xc348314f74b043ff79396e14116b6f19122d69f4,5508,640149247
0xe67a709bf4dbf36a806536cc911dfb99331a8f1f,5508,640154755
0x4b90695c2013fc60df1e168c2bcd4fd12f5c9841,5506,640160261
0x39efa29c8c7a43a16a179a223340a84776b92b27,5505,640165766
0xcbccc4c9c8cb4da95c417a1209c7ec7d2316fbc0,5504,640171270
0x3391485d81be376d9a0406bf24096ad58a4c7704,5502,640176772
0x914e0cdecaca0d0d716b8016e6fb92025bba608d,5502,640182274
0x304129f5dcf725f4531a4f2c69af87ecadab2467,5501,640187775
0x6b106609bbea6f4c9ace8836aa3fb04c6b586c4e,5501,640193276
0xf063fe1ab7a291c5d06a86e14730b00bf24cb589,5499,640198775
0x659c6a81afa57a75a3e512587e920b97304d330a,5498,640204273
0x1bffe11ac7888ac28575253576f22b706beef789,5497,640209770
0x274c5236276422330060aa95caded86da0a297c2,5497,640215267
0x12e51e77daaa58aa0e9247db7510ea4b46f9bead,5495,640220762
0x64a3cc9b245afde1a9f51f42e6ba54b3e6b97c3d,5495,640226257
0x3e780920601d61cedb860fe9c4a90c9ea6a35e78,5494,640231751
0xccbf21ba6ef00802ab06637896b799f7101f54a2,5494,640237245
0xa4b067efcfa0463c542b3906be8a100c5a646725,5493,640242738
0x2b988ee889c3049104c1a5f87af0f522790cf5f6,5491,640248229
0xd4af09f41c674141e9f8c1ce2883f08ecafd6649,5490,640253719
0xf0dbce77ca457820d951fbe7fe280833d064e395,5489,640259208
0xb3f37e28f521671e1f368a1a06dc9dc7c9914d02,5489,640264697
0x0435316b3ab4b999856085c98c3b1ab21d85cd4d,5486,640270183
0x2dede9f02c07a8a9ac29442ec69e762a28ab6cb8,5486,640275669
0xc6f7d28370b987b7b6bd9aafbc1b1fe89767d06e,5486,640281155
0xe05538f120a112e912d31e69b1dc0543ce668caf,5485,640286640
0xaafd35ddb9189995937a2862e8ff17519f5aae78,5485,640292125
0x799d214d7143b766cdd4979cd0280939288ba931,5483,640297608
0xc855e930878871f5af7263831c983deecdfb1b9b,5482,640303090
0xa2cf428340710dd195f8614a9994e831f7996915,5482,640308572
0x8f3dd1762697da3598b8bddca7f2e084f5eb74b3,5482,640314054
0x7df3b21371e59385db9bfcfa45301ffd659c43a0,5480,640319534
0xb04cfa8a26d602fb50232cee0daf29060264e04b,5480,640325014
0x19f7158b2196b34386d0b7949cb64a1a20469195,5479,640330493
0xf9e5f9024c2f3f2908a1d0e7272861a767c9484b,5479,640335972
0x9f967830e4bb188ff0acde9d32d53db059afe111,5479,640341451
0xf275d07c3db7e14711290aa4c63cdce17db7bfa9,5478,640346929
0x0dd83b5013b2ad7094b1a7783d96ae0168f82621,5477,640352406
0xe990f83d0a309fe847c018430cc79bc3b3c6d616,5473,640357879
0x1a1b161962a7efe85be39a24f18ad7d4a504e10c,5471,640363350
0x6546454a1c120a7d7a142c6fa9ba9ef5e9b6185c,5471,640368821
0x840e1270d55394bda235bbe1d30d168132c6f4cd,5470,640374291
0x5913711b94f0e3c0fc933e400df94321436163fe,5469,640379760
0x16db6ebd3ce808fe5ea10a31075a12a9a3c2c169,5469,640385229
0x9b18975e64763bda591618cdf02d2f14a9875981,5469,640390698
0x4a63d5a02399aac27e50b990c1cebda4755ff4ec,5467,640396165
0xb5d228cf2cdc45b9667b7bf418dd3f0eb1da30a3,5467,640401632
0x3163e25c7639f298db26ca81113f7d9f37e35c26,5467,640407099
0x186ed770eecea82def7c92dcc077c4ba27acd5bd,5467,640412566
0x736d6f6c68dbc980f5935b228987bff8f40fdea4,5467,640418033
0xc52ec5e7f296d744f59fad74459eb212d33c12f0,5466,640423499
0x4cc178f0dd14f82165ec5c11bd7dfe6781e37f91,5466,640428965
0xeaccb6e0f24d66cf4aa6cbda33971b9231d332a1,5465,640434430
0xf9fbe825bfb2bf3e387af0dc18cac8d87f29dea8,5463,640439893
0x04405748c4738860ee1b7913f92ef9af5ddd36a7,5462,640445355
0x33babc6cd1a6c0aee80622cc742f3e2d24463397,5461,640450816
0xc79d440551a03f84f863b1f259f135794c8a7190,5460,640456276
0xc442f165d9cd3ef30c555742cfb20897040ff72a,5460,640461736
0x917f3f8d22af0aedbe9491002f0c6838769e2925,5460,640467196
0x6f5e77cea0abdda40013a8ef53639c96972fb745,5459,640472655
0x36b14bae0989f65f80892b99a55378d3e1a80c81,5458,640478113
0xf27b6320e9fa107c9ae72f1c82fa57000fbc0792,5457,640483570
0x995de3d961b40ec6cdee0009059d48768ccbdd48,5457,640489027
0xa74642aeae3e2fd79150c910eb5368b64f864b1e,5455,640494482
0x69e37aba9b520a204bb0baebd76b0ac1a2390b37,5454,640499936
0xa5644e29708357803b5a882d272c41cc0df92b34,5453,640505389
0xa42f266684ac2ad6ecb00df95b1c76efbb6f136c,5453,640510842
0xbcd8756ea481608ea3dd5a555493305cf0a79640,5450,640516292
0xe84e30aacb41490a1baf1d09416e970f1e6c6a1d,5449,640521741
0xda8d7ff0d043848a689125e2c7ab87b16a0cbe81,5449,640527190
0x68771c9d7f6a498743aa167967627b198b97e9e2,5449,640532639
0xcb17cd357c7acd594717d899ecb9df540f633f27,5449,640538088
0x8b7b6c61238088593bf75eec8fbf58d0a615d30c,5449,640543537
0x142ac3bd1c94898be6e311b020b547a11dc03990,5448,640548985
0xd4f6f9ae14399fd5eb8dfc7725f0094a1a7f5d80,5448,640554433
0x460cbb9409a024a55f2b7b7f69afd0da385ce850,5446,640559879
0x10bc518c32fbae5e38ecb50a612160571bd81e44,5445,640565324
0x7a78e3d47c9e20836aca681956d8a972c0c79389,5443,640570767
0x9310daaa2dedfd05ab6e831eab714a0cfb535cf8,5442,640576209
0xbc4ca0eda7647a8ab7c2061c2e118a18a936f13d,5442,640581651
0x59c8639e08d7b003e1d7ac5734ea5c1eb64d2d18,5441,640587092
0x96f4efab4ed5251a493e2c94c8baffe898748015,5440,640592532
0x88fe429643e572d2a8bb33f34fea6392234deb61,5440,640597972
0x186e3034102d22ca5b5482e1627d21beefd8c0e0,5440,640603412
0x65671a5c60ff495614cebd15479563e04762cf05,5440,640608852
0x5301e9f1b9156e600af0e08ad57a6e725a6cd479,5437,640614289
0xfdc31eacc77de1445a630d023870dfd79756d8a6,5434,640619723
0x826cc49e93a5db7d6281101a720612374da99ab6,5433,640625156
0xc4c0f37c930fde199667843d20e3700558987bb8,5432,640630588
0x43cad9793fb8b72cadc63fd861bff2ddc9202892,5432,640636020
0x6febdfc0a9d9502c45343fce0df08828def44795,5432,640641452
0x54db3f82bd08682e7cec6bf81573f000609ff7c7,5432,640646884
0x2ec9d17e8b210b19fc52f0678e57520badf00cae,5432,640652316
0x1a48be4caa967ec77033de5ddf25f0ac7735d3b1,5431,640657747
0xe6a16d8ed5c5e4cbc0606487306be9173d6691b3,5430,640663177
0x7fd71d76e2ee09542ef27131503fdb231dd22c1f,5429,640668606
0xdf191bfbde2e3e178e3336e63c18dd20d537c421,5428,640674034
0x18c525cce3ad9a48d82f91b874754be78e9d0f85,5428,640679462
0xc0b6c594c503b852441ada77e87126054a592e30,5427,640684889
0xf3944e3969ebe67debe6d0531726afb7665ea408,5426,640690315
0xc5138d4bd0ec5c51b6b6bdfcb8528ad9c333af97,5426,640695741
0xc9859fccc876e6b4b3c749c5d29ea04f48acb74f,5425,640701166
0x24a77c1f17c547105e14813e517be06b0040aa76,5425,640706591
0x8853b05833029e3cf8d3cbb592f9784fa43d2a79,5423,640712014
0xecb8f588eaf5a8ce9d964b0acece5d954e130e2f,5422,640717436
0x025334708ec64febfff398a71f0719a4c0d66739,5420,640722856
0xb3299d4bab93bf04d5b11bc49cd6dfad1f77d23f,5419,640728275
0x1e5006a26240a24bf5facbf62613304d5e8a5eee,5418,640733693
0xd6e8694f8e7913a73a7c0c223988875804e62cfe,5417,640739110
0xe15e9c0bf6b6b29d3b9e1c921ab2cb09c2194463,5416,640744526
0xa55a7ae53e8b045323e248bc89d5adc904c2cc1a,5413,640749939
0x0e30d605892db45e830da27e182faba7b0af2117,5413,640755352
0xa209ba34c01a2713a4453a656630cc9de8a362bc,5412,640760764
0x159dc1c54d409bd694bc1e756d6e17a02d6bf167,5409,640766173
0xd5527579226e4ebc8864906e49d05d4458ccf47f,5407,640771580
0x39730ebfeb4e0c9c2e2645c528c00ee7b98ecfb2,5406,640776986
0xbae235823d7255d9d48635ced4735227244cd583,5404,640782390
0x3023d5ee05ebee74b61f940433b7783eac1f221e,5403,640787793
0xea61319f55b6543962fe1d7bd990ef74849fc54f,5400,640793193
0x00178e3995d1b8ed8ac51486e21d67aa2d513e2e,5400,640798593
0xa62f436faaa942a518a9543f5ef3174ad4112a9e,5398,640803991
0x00059ae69c1622a7542edc15e8d17b060fe307b6,5397,640809388
0x0b0dd5737eb7432c7c7054ef156628c6d7b9d2f4,5393,640814781
0xbf4a9a37ecfc21825011285222c36ab35de51f14,5390,640820171
0x939940a57141cf5181423b3ca356df37c031abfb,5389,640825560
0xbbdace3a8352ea0ba73e2c99c71eef46765a3db5,5387,640830947
0xec9f6c9634165f91e22e58b90e3ede393d959e47,5385,640836332
0x0ee70564a07682c1ca3d2c1cf3a0ad0d8a07d760,5385,640841717
0x1138f905505dcb0cbb0027529338fd34b74fc33e,5384,640847101
0x60ce035dc589c3fd185b224a7ca03c598948973b,5383,640852484
0x1b67f20f5ee0fd4f6cd255a54393eab010478dd0,5383,640857867
0x9df9647dc90b0eeb0470e4ad62b42a3befc2ac04,5383,640863250
0x99295f1141d58a99e939f7be6bbe734916a875b8,5381,640868631
0xe71b9c62a4c1f299bf67a183cafd7adf4ece30ca,5381,640874012
0x5d25864d4a0ffcb6b2b214ff3320a3a5029fb503,5378,640879390
0xefdcaf50a82ab1ea811ff9b240a7ccf150b4898e,5377,640884767
0x1924c657d6a772816601fc5edf78377c23686e95,5375,640890142
0x182a603541a4483c308475147d621bbb4e2587c6,5374,640895516
0x484ebeda03c027157731d5f05d69885ffa8c5e70,5373,640900889
0x251032a3435c9793beb8ebe1b72f69277c443852,5370,640906259
0xfa2b4fc99c37255eac51ffd9056760f9d8994339,5369,640911628
0x0f85a912448279111694f4ba4f85dc641c54b594,5368,640916996
0x786001c9c5ca6e502deb8a8a72480d2147891f32,5363,640922359
0x78a52e12c7b63d05c12f9608307587cf654ec3d0,5363,640927722
0xd11c37cc93042acab222a881068211ee2254e465,5361,640933083
0xea4df374e6b7b3772bb5f98cea1a22606a9eb54c,5361,640938444
0x6369c3dadfc00054a42ba8b2c09c48131dd4aa38,5361,640943805
0xdddf154e753a98ff3bb40e6d6ddcce09d50295fd,5361,640949166
0xd0e4e3a739a454386da9957432b170c006327b0d,5360,640954526
0xbad4212d73561b240f10c56f27e6d9608963f17b,5360,640959886
0x40e36b09ff3eba462be5c86289b16840edde9773,5360,640965246
0xf490557d67d934440677a4f16793d5ef319b8ef5,5359,640970605
0x2630997aab62fa1030a8b975e1aa2dc573b18a13,5359,640975964
0x045e507925d2e05d114534d0810a1abd94aca8d6,5359,640981323
0x6d0f5149c502faf215c89ab306ec3e50b15e2892,5358,640986681
0xe42c7ccb8341da3b9d3757f290f02fa6ac613d44,5357,640992038
0xcadf6735144d1d7f1a875a5561555cba5df2f75c,5355,640997393
0x57928a05c91c1a5f38eb6788914acc05538f1f73,5354,641002747
0x20b50c82016825d089f5d56cc1c38f4507de1640,5353,641008100
0x40acccd3dc8124c2a04bfc2b9dac671d5e6ffb29,5352,641013452
0xf6c1a0c86f3343a43001340b230de6272626b898,5352,641018804
0xbf06789ee859698ed737d6c9eb404791a85f5e9e,5351,641024155
0x90418e54b46a71ad49a36c0ec8d7df90a9ca9d29,5350,641029505
0x8f71f56324ad7958b0fe94be40af100b5098b2f7,5346,641034851
0x6290ba153fe3ffc6a368339c901b24168303a109,5346,641040197
0x69090d6968b12b79cd403ee33e871284dc7e92f6,5345,641045542
0x05a669a44e57721b2a17406328b97c4774e5a70f,5341,641050883
0xcd23ef2cba177a1b5f5d3818d055868e4b599d18,5341,641056224
0xc2bc18dd5517454d050344cfdae6c4d3ea59d35e,5341,641061565
0x71f1bc89f38b241f3ebf0d5a013fa2850c63a1d4,5341,641066906
0xdef1da03061ddd2a5ef6c59220c135dec623116d,5340,641072246
0xef6d510536123a159f89b3010b6f1fea7d6a54dc,5339,641077585
0xe8e6f71d30291e549d14c857ef62b438de01e383,5339,641082924
0x35f8fee9d9161854a36e921af089b57bbdbcdc5e,5333,641088257
0x103cc17c2b1586e5cd9bad308690bcd0bbe54d5e,5333,641093590
0x851017523ae205adc9195e7f97d029f4cfe7794c,5331,641098921
0xc70be5b7c19529ef642d16c10dfe91c58b5c3bf0,5331,641104252
0xa0cca3cf5c64152883f4c947c404e46996593fa7,5331,641109583
0x8bb6f9463524af5c248d085d37c91b96d8aaff80,5328,641114911
0x6c1ffdecc6520571d2c41087726611938a9ae99f,5327,641120238
0x1a45a07a01e29174ea7d62ec50c84a44b571bac8,5326,641125564
0xc3a0d87c8f418ee8bb17a8c76152e59b447a493a,5321,641130885
0x493c57c4763932315a328269e1adad09653b9081,5320,641136205
0x8d60a9dd4013183a1f5ee7bf5d84e7fe34ce08d6,5320,641141525
0xf856cebae1df07cd0c1139f9bb0d671dbb5fa839,5320,641146845
0xb4dfa3037a3654dbbed820b272173e2e9493968e,5319,641152164
0x4f5f2eea4ed3485e5e23a39704d5fd9d0a423886,5319,641157483
0x0d4c1222f5e839a911e2053860e45f18921d72ac,5317,641162800
0xd69833735c10713f0915ea7fca3796a7a039d0d6,5314,641168114
0xe937122f1ac557dfb8c4a1f4a5dfd157514a61bc,5314,641173428
0x158b15c3334e40655f0288e6ee74db6e30403bd5,5310,641178738
0x80054819efed8aec467bac3348cd2b8ea4751e4c,5309,641184047
0x96d62cdcd1cc49cb6ee99c867cb8812bea86b9fa,5307,641189354
0x957ae8749d0c688e61c2fd7ef1fe9ae60e6598be,5307,641194661
0xb4d0fdfc8497aef97d3c2892ae682ee06064a2bc,5304,641199965
0x465cd370132d6ac57aed9c0be84af00fde0753c0,5304,641205269
0xb836adc21c241b096a98dd677ed25a6e3efa8e94,5303,641210572
0x06247819781541bc11966ce66eeb5b18d10fee51,5303,641215875
0x6b093998d36f2c7f0cc359441fbb24cc629d5ff0,5302,641221177
0xe83554b397bda8ecae7fee5aee532e83ee9eb29d,5302,641226479
0x54676cd2f1e8d296e7ac69f69675f936c4629dde,5301,641231780
0x80c48f90d835c641e293962f44bb57ae18bf48b4,5301,641237081
0x32054526df40fbb08b733abe256a8d21de58432d,5300,641242381
0x8cf129289453bf3dcb9fd488827bd79392fc8c09,5299,641247680
0xb7b35355856492933c9a9fcec2a1ed9c13540e4b,5298,641252978
0x00000000acd5ca17eee6d92d9ca121543126cce1,5298,641258276
0xf10e41f3d104fa284c7ac1f518d4b127bf6f6303,5298,641263574
0xa1b5eedc73a978d181d1ea322ba20f0474bb2a25,5297,641268871
0xef811e8ea1c406cd1df7c953e45acfc4deb72e3d,5297,641274168
0xb4c55b5a1faf5323e59842171c2492773a3783dd,5296,641279464
0x171f7e6e2829b18ec4bc5df1b44d1c22ee045d08,5296,641284760
0x554a052abc9146b9575d87e23ce2bdc35ba5e373,5295,641290055
0x0c163d16c4c6e53f42d38c99bd2966a5b59efaa8,5294,641295349
0x1dd34b35d96f5159567ef4cad2c69c0f87c3195c,5294,641300643
0xb97faf860045483e0c7f08c56acb31333084a988,5292,641305935
0x73d9e335669462cbdd6aa3adafe9efee86a37fe9,5292,641311227
0xd95e7d16000cbeb66acbf70b4a843d4346ff4555,5292,641316519
0x88128580acdd9c04ce47afce196875747bf2a9f6,5291,641321810
0xc824bd1c0629f1525b9a26babc8c56554a83a05d,5290,641327100
0x8961daa25a98a4c8ed84462e17d9ce6cd709aa55,5290,641332390
0x46bf506c44e80d7b5b4f9bfa4711f2bdabca8f4d,5288,641337678
0x1ecb60873e495ddfa2a13a8f4140e490dd574e6f,5288,641342966
0xc2ccb002390899c7af42f56a2492f0b8da660d8e,5288,641348254
0xbce7bd79558dda90b261506768f265c5543a9f90,5287,641353541
0x97836c0cb03b03843a8d77152f5f15096522f98d,5287,641358828
0x64c289c22fd7ec36a766cc7c0b6b60c73baf9b48,5286,641364114
0x4e86721a4e00d7167c11d9cfd2480403bb630378,5286,641369400
0x1cb3209d45b2a60b7fbca1ccdbf87f674237a4aa,5285,641374685
0x32888773b48c74b04d65763aa3b3ab2bc9122e6e,5284,641379969
0xdf100fa9a871669f1c99649fe7852ff45228a83b,5281,641385250
0xd3f04e421771e92a5026affdda5aba80952917a0,5280,641390530
0xdba10759d3706cd2c3035d68bcfcf3e3195000d7,5279,641395809
0xb9c241abcb3dd8ba79018ecd196877d8545f9e98,5279,641401088
0xe0f09417471306f439f0295390eb03e3978da38c,5277,641406365
0xbf5bc70eef65b961a5f449529352626424723f77,5277,641411642
0xcbf1acf596e3e9aa0b7c31051bfe90ca36d4e655,5276,641416918
0x989af9516c7466fff588121059c7f069a2f5bb49,5275,641422193
0x23b7f3a35bda036e3b59a945e441e041e6b11101,5275,641427468
0x67e74679f6f7e81f5b2a5eec279f407dbb2d1a1f,5274,641432742
0x332b8c9734b4097de50f302f7d9f273ffdb45b84,5274,641438016
0xaf26d7549968bbbe6c5cc606065bcf9c77a09f08,5271,641443287
0x3aafb0e5b57bb19d02fcb6656059b34d8e79471f,5269,641448556
0x37d893cfeb6c5e43c43905df06a9513e0fafad74,5268,641453824
0x96a04d7e7d5766263908f7e5e94523038e9f2cb5,5267,641459091
0x9a3487c0d300c4d3a7b3ff38d7a18c53c66f1c49,5265,641464356
0x7d6197be8f42811b1361fe962492b22ba7dc8c1e,5265,641469621
0xc84ce341c87ac67ce9a84f5a7e70152cdc329171,5264,641474885
0x4b86e0295e7d32433ffa6411b82b4f4e56a581e1,5264,641480149
0xf02dab52205aff6bb3d47cc7b21624a5064f9fba,5263,641485412
0x758f4f55d7d00c3dac1155069351526775206f2a,5263,641490675
0xd2b26d135662e7309de10b285bf090b8fc65c86e,5260,641495935
0xcc80c051057b774cd75067dc48f8987c4eb97a5e,5259,641501194
0x0763fdccf1ae541a5961815c0872a8c5bc6de4d7,5257,641506451
0x4cd90231a36ba78a253527067f8a0a87a80d60e4,5257,641511708
0x7d0296ceb6c4a4b6b5f730099ff262cbecf51af9,5256,641516964
0x4a24921aeeaebf152dbd90065d694f46fe91338f,5255,641522219
0x1d2b42b3531fad9e544dd4288b788cacc898d555,5255,641527474
0x862cb5b6eeaafb26ebb137e0c3c5d7728800439a,5254,641532728
0xe17d5bd0fcccab82dd76dc8ea01f6b59ae3f4754,5254,641537982
0xc56d66c48e4ad0f324451cc659a74d5793c6a7de,5254,641543236
0xc637db981e417869814b2ea2f1bd115d2d993597,5253,641548489
0x582e3d8dcd41f586fbcc6559f16476d20b2a3b95,5252,641553741
0xfdb3c07c25f5a6879cc8b00685ed1a080c59615e,5252,641558993
0xdcffac2b28e0d0c9640dc1570621caf88fa96656,5250,641564243
0xb62870be7516b232920392acb0ce40f04b709e88,5250,641569493
0x051fda7486480dd5abcf5dd742ef002a2ebb9ea0,5249,641574742
0x73b534fb6f07381a29a60b01eed5ae57d4ee24d7,5249,641579991
0x456ae45c0ce901e2e7c99c0718031cec0a7a59ff,5248,641585239
0x0024b08c3da3c27a59c254e528210993f57ed084,5248,641590487
0xe6877ea9c28fbdec631ffbc087956d0023a76bf2,5248,641595735
0x66d9b4ee79d8724ac2afa2215f98e04491f95d4c,5248,641600983
0x423ffb66aecc906361d79f87d85db310897bdb6d,5246,641606229
0x516130856e743090af9d7fd95d6fc94c8743a4e1,5246,641611475
0x911faf4c1e2f8703bd31b6dc158a1a210dd4b2c0,5244,641616719
0xd48e165b0027e8055b3b7016a35078b23527a95d,5244,641621963
0x008d9baff91c6b10301f27edb10bd21426efb082,5243,641627206
0x94b18793b93b524b110fead408b955422b982fa4,5243,641632449
0x1a2b6dcd99e8d2d9d84e2fd176494c078e11e435,5242,641637691
0xea3983fc6d0fbbc41fb6f6091f68f3e08894dc06,5239,641642930
0x0acfd42ce979d636386aae2b536d99a06f138445,5238,641648168
0xb57756d92bd170a66b4f361eafbfd13e625372c2,5237,641653405
0x8302c8ed8a574353253f8d4a73a93c5005e19df5,5236,641658641
0x77c2a50eab48ec43338c0eb91f9147533f9df04c,5235,641663876
0x5245c0249e5eeb2a0838266800471fd32adb1089,5235,641669111
0xd4ae0807740df6fbaa7a258907132a2ac8d52fbc,5233,641674344
0x903bb9cd3a276d8f18fa6efed49b9bc52ccf06e5,5232,641679576
0xc7fd8dcee4697ceef5a2fd4608a7bd6a94c77480,5232,641684808
0x2eb80bc500d972465dc163436f7b41b93b816486,5231,641690039
0xcd475371e39c0d94e82fccc9dd0ea710d0dc0c0b,5230,641695269
0x3e45dff8f1b3faaedeb5f8f33c4788f5afce9160,5228,641700497
0x566768b9e0c8bad1535f06b3710ff8e7a34d3851,5228,641705725
0x88f70a4aadfe8898d7942944c2d5263f771edc1f,5226,641710951
0xea9c5a2717d5ab75afaac340151e73a7e37d99a7,5224,641716175
0xaed1248aa72050cbf72f02467ce611dea2ce0305,5221,641721396
0x947aeb02304391f8fbe5b25d7d98d649b57b1788,5220,641726616
0x053c779acf94ae25d059a4680806dfc718b1295a,5218,641731834
0xde91d58dfec6532fb8f5c205cbaf1e475bface34,5216,641737050
0x21c2f2e8462d1090ac33d5a65cc03affb18bb504,5216,641742266
0xa110eeebc0751407bdcaea4cd230f04a2b82a33a,5215,641747481
0x41fbad481e9791c4fa92d3c3e775a73fa771c87d,5213,641752694
0xd072ca673e848fabd902f9b19f21dc46282b45ba,5212,641757906
0xfa53b17aa8e3dda09a06d50b17383d2cc203fa71,5209,641763115
0xce67759265d0bbfe9acb8de32162981563aa27f2,5209,641768324
0x2df43e6826cf24bb844cc78611b0036eea3671b4,5208,641773532
0xf6832ea221ebfdc2363729721a146e6745354b14,5208,641778740
0xd3a3bace3d61f6f5d16a9b415d51813cd2ea3887,5206,641783946
0x41418332334266a9a0aa773bbfc901b76474ba86,5206,641789152
0x7bb5a0680afd162fa34e9899b26251731609063c,5206,641794358
0x967f1c667fc490ddd2fb941e3a461223c03d40e9,5205,641799563
0x75116bd1ab4b0065b44e1a4ea9b4180a171406ed,5204,641804767
0xbaef4a87e8a92ad5911bc5b0a2a02ed9867c0124,5202,641809969
0x391bcbc1497c7c1db85f05014d16b7c5d1855b75,5201,641815170
0x551dadf0aaf7d73af59f4cfdcf69213eb34f8243,5200,641820370
0xff2b3353c3015e9f1fbf95b9bda23f58aa7ce007,5199,641825569
0x09970aec766b6f3223aca9111555e99dc50ff13a,5197,641830766
0x9043d140fc5b1b6eef5a11357d80211c422fab83,5197,641835963
0xd4777e164c6c683e10593e08760b803d58529a8e,5197,641841160
0xcaf7144995bbee5ad4981450a3b941373dc40463,5196,641846356
0xa23508058bdb8e9c3e8a90be9f6df8e7f086e9f9,5196,641851552
0x961c8c0b1aad0c0b10a51fef6a867e3091bcef17,5196,641856748
0xac4e78b55abf5425d0b4be30dec2be451c0697c4,5195,641861943
0x1d3e8bc3d670f0c01ed560e60e7449cfe37618fd,5195,641867138
0x06fa2847eb99d90be3c7d0c31d470073f63ceda0,5194,641872332
0x06a8f2bcc622ac55d596ea02ce5bb5f318f485e9,5194,641877526
0xe4605d46fd0b3f8329d936a8b258d69276cba264,5193,641882719
0x7192bb75777dab47ef6fbf6f6c0e4bcbb2294f38,5193,641887912
0x7019a9fba63c1fd99ca235e53a3f258ae69a6611,5193,641893105
0x445b774c012c5418d6d885f6cbfeb049a7fe6558,5191,641898296
0x81f040ec6a1574197ae651025383170230f31c07,5190,641903486
0x3efa30704d2b8bbac821307230376556cf8cc39e,5190,641908676
0x76574c7b61b07ba14eace42e60cc73a08038da85,5188,641913864
0xf723251896454458d4a78f1026d0155f23e853b9,5187,641919051
0xd3d2b5643e506c6d9b7099e9116d7aaa941114fe,5187,641924238
0x9148ab505fd9eab5141b2b36ce815e2786b7f7cd,5187,641929425
0xddccea2e951a1f5185fab36fb9c442dd462d33dc,5186,641934611
0x47ff79b11cb1470329567360a9e065587d956ba3,5185,641939796
0xea54c81fe0f72de8e86b6dc78a9271aa3925e3b5,5183,641944979
0x525ebb05f90df8b2a70be1d49a938217f1f4e941,5183,641950162
0x800cc2d4d087871e54ad302d4a1409886e85f1c9,5181,641955343
0xfa54969a776f57b6af8117b6b157b448b6c1ef7f,5178,641960521
0x395dc9a82e3eef962b0355a3d4e6819e9af776d2,5175,641965696
0x6c14ced485fa28bfe0d1d5fc296037a2f12dc00e,5171,641970867
0x94baec808002eb5f1939c6bf7ba015bdb3be4660,5170,641976037
0x0650f6bc4cf3a75bc943bd6efbd1d7e34a74ffd7,5169,641981206
0x82fd596dac2619ece5732d767590183cbf877367,5168,641986374
0xd6aa415a9209093014759e81d7ba024d861abf4f,5168,641991542
0xbbb1bd2d741f05e144e6c4517676a15554fd4b8d,5168,641996710
0xeefeffd3cf1e9e3087b84f2d97276f4199cae488,5167,642001877
0xb2b40f414a2d46145f663f39a787c81b1d4b6492,5165,642007042
0xc07a150ecadf2cc352f5586396e344a6b17625eb,5165,642012207
0xe782fce8ccf1e1fd3b55154f541ed5b94d8d285a,5163,642017370
0x29f182ed418cc59516c0c33f47bd35c24e7545ee,5162,642022532
0x8e5c8ef03e272497973e5f4ac3cb7dd1cf8b7622,5161,642027693
0xcf768b4d181048bb5e0e6e1a9546033483779753,5160,642032853
0x61c810e21659032084a4448d8d2f498789f81cb5,5159,642038012
0xde5b7ff5b10cc5f8c95a2e2b643e3abf5179c987,5159,642043171
0xf1bfb6748e3362cfdbdc49377be8731c769bc238,5159,642048330
0x777777c3b5dde20e09fe40b37622ae2cd3b055b7,5156,642053486
0xc3d0a42d40474fa205e3022a24021cc48d2c0c4a,5153,642058639
0xaafe28df831c2eaa28c0dab68947e30eaec765c8,5152,642063791
0x3b67fe44216d3e147ba8ccf6e49d2e576441cb10,5151,642068942
0x810908b285f85af668f6348cd8b26d76b3ec12e1,5149,642074091
0x9bc36099164a2ecf589bc8a2a4dfecb847bd7bae,5148,642079239
0x1103849f41222a4c348515331f0e734d4bd9ad34,5147,642084386
0xcf78302de0dc000693d79ae44de1a28942989ad7,5147,642089533
0x59891b95010267f7a3666dcb3221059a73e11ad1,5147,642094680
0xcb537fe88979974dc1a4cc2c0e1068adae158d13,5146,642099826
0xa1b3e61c15b97e85feba33b8f15485389d7836db,5146,642104972
0x397ff1542f962076d0bfe58ea045ffa2d347aca0,5144,642110116
0x1b8e12f839bd4e73a47addf76cf7f0097d74c14c,5143,642115259
0x68965122b7532a4170d8b1334783cccf0e33f965,5143,642120402
0xafb079e22d23028c445c722fc17c08af1b4a1409,5143,642125545
0xc3c221fe28c33814c28c822b631fd76047ef1a63,5141,642130686
0x116d4396de572cacdb230ca34cb8e8449f50dda3,5140,642135826
0x8a6aca71a218301c7081d4e96d64292d3b275ce0,5139,642140965
0x4477fb993e8f34605eeb459703e19f54ae4a7684,5139,642146104
0xb9d99c33ea2d86ec5ec6b8a4dd816ebba64404af,5135,642151239
0xcf7722435fa1afbc9c308a8302c959e5114933bd,5134,642156373
0x3c0acfa09d71b31c7ed1162a507f1eb1df96f737,5134,642161507
0x8f070f80c7b1e26ef651b252ac9289c3cec985ea,5133,642166640
0x5b97fedfc8d593782ab59be2483990f0dd15e52a,5133,642171773
0x9d39bf95d4922b15c0a0989d93f9b49fb67733af,5132,642176905
0xd14d1ad622f406f428e45697c9bf4dd69612d36a,5132,642182037
0x1f52b87c3503e537853e160adbf7e330ea0be7c4,5131,642187168
0xb6259685685235c1ef4b8529e7105f00bd42b9f8,5131,642192299
0xc35dce7925cb3a33406abda3158a336f0a59cc0a,5128,642197427
0x639ae8f3eed18690bf451229d14953a5a5627b72,5128,642202555
0x95428a5004a088c94329402c518c42f70bafc14f,5126,642207681
0x0d2bb9d68dd4451a09ec94c05e20bd395022bd8e,5126,642212807
0xd6ad7a6750a7593e092a9b218d66c0a814a3436e,5122,642217929
0xd1ceeeef70c61da45800bd81be3352160ad72f2a,5119,642223048
0x6175f6f85339f1e56affac5a68cbf8297969004d,5118,642228166
0xcd3c09ddb9e3b3cf89f036dd604107054031bd70,5117,642233283
0x9ccbae575b54dc4c80629fd5b71d03cef0278902,5117,642238400
0xe9f3cb0229eb8d0aaf03ec84883950134ed20ddc,5116,642243516
0x71fc860f7d3a592a4a98740e39db31d25db65ae8,5116,642248632
0x80a7293b7e785f8ddfbdfa6201db7fa89fd1a8ac,5112,642253744
0x6f6eef16939b8327d53afdcaf08a72bba99c1a7f,5112,642258856
0x10bae51262490b4f4af41e12ed52a0e744c1137a,5112,642263968
0x7012f2a25840c7ece77d737f360fa0b8da89b65b,5111,642269079
0x7abc60b3290f68c85f495fd2e0c3bd278837a313,5111,642274190
0xecfae6f958f7ab15bdf171eeefa568e41eabf641,5111,642279301
0x70ffd1b05b1678ea769f12111d805f2af91f7241,5111,642284412
0xc343f099d3e41aa5c1b59470450e21e92e2d840b,5109,642289521
0x27a45e341f7f58ec2469168e99331d0eca1a5626,5107,642294628
0x407b419144822e236d960e87e3c58c64feb715b8,5106,642299734
0x7747aeb32d89e527e5ebbf646871ca79805989ad,5105,642304839
0x5586aec6f58086524753d594cec08c4318314299,5105,642309944
0xd70f41dd5875eee7fa9dd8048567bc932124a8d2,5105,642315049
0x0452aed878805514e28fb5bd0b56bef92176e32a,5105,642320154
0x5583025955760a44dbed57f8a2e8e4eb56aebffe,5103,642325257
0xcf4487de7fda8e852dab5820bc74746211d73e92,5103,642330360
0xf53c580bc4065405bc649cc077ff4f2f28528f4b,5102,642335462
0x5f3c84299c85224b9a5f5a65f38f21c8dfd6a3fe,5102,642340564
0xc3d03e4f041fd4cd388c549ee2a29a9e5075882f,5101,642345665
0xd7e520caed5d0dfae853de2ad022f8fb22123a57,5099,642350764
0x9b454882ae3bf4c42a79b4317ae9d4a83aa4ef62,5098,642355862
0xb947b8d0d014ebce374136d16f1d78622e7bedbd,5098,642360960
0x8af17a6396c8f315f6b6dbc6aa686c85f9b3e554,5098,642366058
0x0da345128eb3337e091942f4ff57a5dd199854bf,5097,642371155
0xf05a9382a4c3f29e2784502754293d88b835109c,5096,642376251
0x842a499c04afab73af5b1940ee492cd3f7f3eb2e,5095,642381346
0x48d0035cb30980fe119116c4b4339ab1edc4abfa,5095,642386441
0x946048a75af11c300a274344887ec39452218b3d,5095,642391536
0x0e3abf45855fbaa1afcc3b33cf08b3915bdcda96,5090,642396626
0xbbdbccb13d09975fa9e3e9c8fa129b61065c84f3,5088,642401714
0x001b22d44e1b8edf01c1bccd08bb99e2e6198092,5088,642406802
0x576773cd0b51294997ec4e4ff96c93d5e3ae9038,5087,642411889
0xcff20ce22e71ecf2ea89c86ecbd4a3cf513768c7,5085,642416974
0x4ffa9a871dd6a5c5cd3c4885e2f264e2f06d27eb,5084,642422058
0xf766b3e7073f5a6483e27de20ea6f59b30b28f87,5084,642427142
0x791d406b20a7d93c0945b0d9d7abf323772397c9,5080,642432222
0x498c5431eb517101582988fbb36431ddaac8f4b1,5080,642437302
0x251715a3104d3b5bc6d53a27cdf477160f2fc98a,5080,642442382
0x1719898df9512ad43e4cf292de62b1f8033d59af,5079,642447461
0x00000000e84f2bbdfb129ed6e495c7f879f3e634,5078,642452539
0x0c7907d97b7f708ecda1a0b3124d32cd8b1e3920,5078,642457617
0x73374ea518de7addd4c2b624c0e8b113955ee041,5073,642462690
0xb447030c916ba07a5a4aa50a379259e387c48182,5072,642467762
0xd9af2d11d788da0097076f4eb21bd1c5533743d9,5072,642472834
0xc1fe0718b9f57d382eb8e68f20e45ae2297a3920,5072,642477906
0x1c990fc37f399c935625b815975d0c9fad5c31a1,5069,642482975
0xaf2e985a41750b1e276f86b2f5197cbab2138e7c,5069,642488044
0xfb2322d2399b0632f9e27d7948bf4d0ae675b377,5069,642493113
0xcbc34c6aa61ba1c9ef978f4a4667f3a647321e3f,5068,642498181
0x80ccef5e1a364d6562a4a4a9d3415ca2e021c77c,5066,642503247
0xe9be55ffedb6c2a2f3f8eac31c60d7f122f79958,5065,642508312
0xe3a0ba3f82784b37545450a0cc0dd04b08e721e1,5064,642513376
0x13492019d9ff6978fe4e1fc030d4e1b811f31750,5064,642518440
0x452f4e0219638bd3ecf8a89c9328e8ad2a28c105,5063,642523503
0x678e2da2e8be98c58dc54df92c6b88b5b52eabc8,5060,642528563
0x9281af33c8ac542a6972e13a18d0821eaca59eb7,5057,642533620
0xcd329335ad7cbc26f9a142271b5313d961b108c8,5056,642538676
0x298d492e8c1d909d3f63bc4a36c66c64acb3d695,5056,642543732
0x67aee3454d5f82344d58021179830a3bb2245c11,5055,642548787
0xef31cb88048416e301fee1ea13e7664b887ba7e8,5054,642553841
0xfcdb773445b453af35683387f49f168f403e9936,5051,642558892
0x18d410f651289bb978fc32f90d2d7e608f4f4560,5049,642563941
0x7dbe1bf7c2833d946c721a50663d2f215c62cd41,5048,642568989
0x834e26427dc74bf4107ccd18dec4a84ae362a23d,5048,642574037
0xd112f302969901fedd28756efe8170b80c746ccc,5048,642579085
0x5bb29c33c4a3c29f56f8aca40b4db91d8a5fe2c5,5044,642584129
0x5df892a4d541cb55c62280125f0c38b46d9f55df,5042,642589171
0x31371618e52a1dcd55caa07f6e81628bd4371585,5041,642594212
0xf9fbaefde7112f78fa9bfe813341f0f49f888cb3,5040,642599252
0xf83dcc7c68fb3d40049935096594288641eadcea,5039,642604291
0xeae6fd7d8c1740f3f1b03e9a5c35793cd260b9a6,5039,642609330
0x8c412a045dd7546f7f44fec5fcaf1f38ca10e66b,5036,642614366
0xb6e2129f9c5d87597043808c2e3bac1f0a310458,5036,642619402
0x3fa9f416955fb4a27f6f2bf617ecbe609baa9c4c,5036,642624438
0xac3da587eac229c9896d919abc235ca4fd7f72c1,5029,642629467
0xcd816354450015a5644857fed507afeeae7263af,5027,642634494
0x80ab141f324c3d6f2b18b030f1c4e95d4d658778,5026,642639520
0x62efe141bdafc4877c82452fe721a1c8e7dfcdac,5023,642644543
0x4ba376dec87edaa662cd82278d89406864118efd,5023,642649566
0xae03233307865623aaef76da9ade669b86e6f20a,5022,642654588
0xa18bc67cb2703ea728cb1ddb88a1e873c8eff923,5020,642659608
0xd79d821ef646626430995f67885904856e43ee17,5020,642664628
0x83caeecace9ec5c322c93743b2b370ed58951f5c,5018,642669646
0xb7bfb80fc98c6ebcc1b99c5fcae9eb753f2498a8,5017,642674663
0x3c0ffff15ea30c35d7a85b85c0782d6c94e1d238,5017,642679680
0x6b10d1e30fe6faa79b1c1391b8d7c52ebea5d594,5017,642684697
0x6c37bf4f042712c978a73e3fd56d1f5738dd7c43,5016,642689713
0xd4aaac14b8bc74e8477ef066a2c1a77e1011facf,5015,642694728
0xb09283501cf158b9a7ec81751eb5b327cbd346a0,5014,642699742
0x3ce991817f3f8e4ed604d29b6a199f0d58907bfd,5013,642704755
0x3b7e71a9f15eebb541c82f88ef020ae7040484f1,5013,642709768
0x5db53185393e3ccacd4bb95733c012ae292758d7,5013,642714781
0x1f103fd7c4fa908c25387da70ed287b632bd22a2,5012,642719793
0xf9a489e82cf4a090fd1fc766eb21edec249d7e71,5012,642724805
0xb808193c978e63407d4fa569b2a0c4f788884acf,5011,642729816
0x5eaa69b29f99c84fe5de8200340b4e9b4ab38eac,5008,642734824
0xc0f3aa07dfd62a538bb370bd8a2a8597ef491c74,5008,642739832
0xc44787496abfd824efc2d340e5cadc85937fe6d2,5008,642744840
0xc0b77a6049f92037fe8d69c9b982a608df149172,5007,642749847
0x2b9d139ccd156f11c53b2eaacb08554412d529a2,5007,642754854
0xa56ed2632e443db5f93e73c89df399a081408cc4,5007,642759861
0x6b4e0684806fe53902469b6286024db9c6271f53,5006,642764867
0x5c38fc75474d1bef3d66f81bfb89c4bf6e65f0a4,5005,642769872
0xc711348eb06f6918f8eae66ce3fcf4747345d78e,5004,642774876
0xec1e4a254834fe6b85f2059220603fcf92939668,5004,642779880
0x6eab9c5e768c8c37e94dc236c6cde7dba4d0f3b3,5003,642784883
0x3e1804fa401d96c48bed5a9de10b6a5c99a53965,5002,642789885
0x9d1a62c2ad99019768b9126fda004a9952853f6e,5002,642794887
0x79786f640d40bb50527901696e98636063ad4882,5002,642799889
0xe75509810e09b04eef4ebd0b471bacf5530b162e,4998,642804887
0x31bc4c3d80e68b176f8fa2c35a8bfb2d067f23a5,4997,642809884
0x2c334d73c68bbc45dd55b13c5dea3a8f84ea053c,4997,642814881
0x7238223d1baa660de5603bb87f301db71810b331,4996,642819877
0x6e49e54e2eee9213d9272eb0ef09b863c2d7f9d5,4995,642824872
0x7f3edcdd180dbe4819bd98fee8929b5cedb3adeb,4995,642829867
0x6a52b1522ceff5f2dbf3ccb6efd01fd28bf26541,4994,642834861
0x158079ee67fce2f58472a96584a73c7ab9ac95c1,4994,642839855
0x7a3370075a54b187d7bd5dcebf0ff2b5552d4f7d,4992,642844847
0xa56cb5a7ddc45802327da56d072669e06906c7ff,4992,642849839
0x537edd52ebcb9f48ff2f8a28c51fcdb9d6a6e0d4,4991,642854830
0x069c97dba948175d10af4b2414969e0b88d44669,4989,642859819
0xc9cb53b48a2f3a9e75982685644c1870f1405ccb,4988,642864807
0x64d3df926a6917dbeca70483b78eb99dd3904b7b,4988,642869795
0xf61a285edf078536a410a5fbc28013f9660e54a8,4987,642874782
0x56bf9afe25e629eb691e2d1531bfb5f1398dd9e6,4987,642879769
0x152c616388e85382607de7bd3629162df00f4612,4986,642884755
0x2d14b6e667aad23c408a899af3adf90f9f5f3352,4985,642889740
0x57d0279e62681b377b9a0dc2c735783a9196b840,4982,642894722
0xd2cdce6d77604123eabd57bd522a18a28f29f0c7,4982,642899704
0x2023dcf7c438c8c8c0b0f28dbae15520b4f3ee20,4980,642904684
0x02f02e0ca8a521ef73daa9c45353b9fbefc5ee10,4979,642909663
0xc7c752aef02152af47aca5733e9f641e39e28016,4979,642914642
0xea37cfd9f93555910157ffa9b0e707f1597087e1,4978,642919620
0x95c4b6c7cff608c0ca048df8b81a484aa377172b,4978,642924598
0xa9d00e3a19a4ddebde3cb96d883658a721f4df38,4978,642929576
0x84810bcf08744d5862b8181f12d17bfd57d3b078,4976,642934552
0xe368172480ef79582ccd23d6644d4f779d24deef,4974,642939526
0x3e1698961a572808de7b34e8f2864b0ad11454c8,4969,642944495
0x6baf7fcea90b0968dc5ed7b8dcb76c986637ff55,4969,642949464
0xbca09642979f38b17236b9043b17108f82cdabe8,4969,642954433
0x505d0ffa350b2687eb8393aebd14632f2990991a,4966,642959399
0x3105d328c66d8d55092358cf595d54608178e9b5,4964,642964363
0x9bb37b61aa6ae7c19dbed70bca7ec59c940ce5fc,4964,642969327
0x4d538b9b3c1c3f58707a9689b5bc3d860c011242,4963,642974290
0xb3e9446e0d08b1124abba9f2e38787adf54373a9,4961,642979251
0x83de2476d1d55e07aeb2ae410b49872696630349,4961,642984212
0x21ad0028fea5fafa55b9b60e9c065db9f1c0616e,4960,642989172
0x0e879ae28cdddeb31a405a9db354505a5560b0bd,4958,642994130
0xd9e7d9a56ee6a4035ee8a9624c96eca1e4440671,4958,642999088
0x6ba3ffbd026a4ec164ad477092000b9cf1e4c351,4957,643004045
0x075bb66a472ab2bbb8c215629c77e8ee128cc2fc,4956,643009001
0x16eccfdbb4ee1a85a33f3a9b21175cd7ae753db4,4956,643013957
0xa94c2707e233e5d63f46011a4a158cd2452d1d86,4955,643018912
0x3ee05db92ffc3a0bdf27e2f1ff1e0df16768afb9,4955,643023867
0xceff51756c56ceffca006cd410b03ffc46dd3a58,4954,643028821
0x98f46c3eb0d9bec50a2eb1e3fb16c62d4536cae1,4952,643033773
0x078b0d7bd07349248fbacf4cdea2bcbe046fd342,4952,643038725
0xd7d0d0f897e9801ba11991be70842cbac13dafd7,4949,643043674
0x32c868f6318d6334b2250f323d914bc2239e4eee,4949,643048623
0x2a3ba8a83bbbc3c3c9ea8c786b8e0d536d36919a,4949,643053572
0x6249d49ae7c30616d8d465a47fb82b29d402162d,4948,643058520
0x2a49cd6f8b6239c81cbcc2c43902614ff612bae8,4947,643063467
0xde39e5e5a1b0eeb3afe717d6d011cae88d19451e,4947,643068414
0xd2bfceeab8ffa24cdf94faa2683df63df4bcbdc8,4946,643073360
0xd4a293ae8bb9e0be12e99eb19d48239e8c83a136,4944,643078304
0xc226118fcd120634400ce228d61e1538fb21755f,4944,643083248
0xc13f1a61f74c72e6063aee1942e635792bef9236,4943,643088191
0x0efb068354c10c070ddd64a0e8eaf8f054df7e26,4942,643093133
0xb0d640e0d0b6a4f7c38e0955f6aed70105a7af0a,4937,643098070
0x4b4c07cb88e0e34a8a30fcc670a80f1bc6581636,4936,643103006
0x815ff5e32f974862839c56f69cfd190f10e262f6,4936,643107942
0xac873993e43a5af7b39ab4a5a50ce1fbdb7191d3,4934,643112876
0x12759512d326303b45f1cec8f7b6fd96f387778e,4933,643117809
0xd7eed0fcde8d805b6798cda396968c25335cd379,4932,643122741
0xf67b829397dc05751a98f243dbde5db63f86e7f6,4932,643127673
0x30d7755304263a887253ca606ef9837bacb6e5f6,4931,643132604
0xb2e285cb55667afe30f6cc39b9454f3bf35eee3a,4930,643137534
0xb80c9b1b4f894f9669796a0605a9daa0e80e6912,4930,643142464
0x519e23d604d166dddebbf8c34485751ad1f9e1c0,4929,643147393
0x663085225320c7afae10f3f1982eaa7324ea55da,4928,643152321
0x1fe2401bd6f4de5eff1661086440297baa9a2e12,4926,643157247
0xf07376f0e3bff57116ed62e5e8e2bb1341e4b4c2,4925,643162172
0xf436e1bf05de2125d857c6b4eb258304bc7f5fcb,4924,643167096
0x0a3f9678d6b631386c2dd3de8809b48b0d1bbd56,4924,643172020
0x019e14da4538ae1bf0bcd8608ab8595c6c6181fb,4923,643176943
0x8c270745957acc2b579e5c7c62d18d8ca145cf2c,4923,643181866
0xb95ebbf2a9fc64e4dc4d6951a60bc4d3c8f55b9d,4923,643186789
0x18c23c94e1a06ab08e0fc97ae1b3d82f30893cae,4922,643191711
0xc32cc5b70bee4bd54aa62b9aefb91346d18821c4,4921,643196632
0x740f29804bd231e0670338f6cb2f07d68ca1393e,4921,643201553
0x0c4f5a470e44303a711790ad92b0f54d8ac776f1,4920,643206473
0x016fb8c2820e834c9e184afe998629372a0f6e3f,4920,643211393
0xf7461c8d8e469e9c41a9013dc09ba8abed66ef65,4920,643216313
0x7687a6de09c5b1ced688d3c00208e6f77fb611e3,4918,643221231
0x951a1070ac39851dcc07b302230a68f81929a5f1,4917,643226148
0xcb2236744d93065ec41e2d747eac56da3c231a9b,4916,643231064
0x941f40c2955ee09ba638409f67ef27c531fc055c,4916,643235980
0x1be5895fa928d271d4a1ede465bff091c91cef06,4915,643240895
0x75d98efa9b4f38661cb3ade7a7b2840bb2954806,4913,643245808
0xf7dd7e6d09589890111f9cad1691c436a9bdc926,4913,643250721
0xaff7d8a6e42568062b97961d9361075e38658037,4913,643255634
0xa6a7fce4affe059548fc39ebbc74555952a6fb0d,4912,643260546
0x74449e63a08116a1ce89d0e9e3c1de3bc4ef557a,4912,643265458
0xf8e6bacd9298df8b0aba67ef2ef8348fabc5ae8a,4911,643270369
0x2af75676692817d85121353f0d6e8e9ae6ad5576,4909,643275278
0xbc60258f775683ea28048030806ad3a80c4a33ae,4906,643280184
0xfa580f53156a978557dc576124e3d32151e7d582,4904,643285088
0x02dbc944a3aa1c1af9fb2f10cb5367286df0156c,4902,643289990
0x2974963051f3a3237e16841dea7126250098d8f5,4900,643294890
0x28646969e4b271e91fd61dd5510c146370e3c27c,4899,643299789
0x06a4ef39e077471214e4a8bfa0cbbe34e88849a2,4898,643304687
0xba911c4a817e69998ffd3626d3c5366038e8480f,4898,643309585
0x6454340896b9ae47921809de9035f4dadea3ac8b,4896,643314481
0x06325440d014e39736583c165c2963ba99faf14e,4896,643319377
0xe605987b7c38598cc733f4aa41b5c391de97b1eb,4895,643324272
0xbde645a1b296186a415fb64c70da03193d78f3eb,4895,643329167
0xfa6de2697d59e88ed7fc4dfe5a33dac43565ea41,4895,643334062
0x8d659ea48305eaa375121d8dc15ecb15c2fec4c4,4894,643338956
0x080eb7238031f97ff011e273d6cad5ad0c2de532,4893,643343849
0xe222e2e3517f5af5e3abc667adf14320c848d6da,4893,643348742
0x74901f98b3ade8742ffc5025723d65cd6259b87b,4891,643353633
0xe539893109ad320b6b02f59d11f06b56aa6f8603,4891,643358524
0x5534550f51845a0ace59edc257779a3d9951c159,4889,643363413
0xfeed1a53bd53ffe453d265fc6e70dd85f8e993b6,4887,643368300
0x1d979bd0b663040f2fe8a9854a8569919ae153ac,4887,643373187
0xfa14fa6958401314851a17d6c5360ca29f74b57b,4886,643378073
0x9d83d493688caf9d34f04b3c0d50d197d44abbca,4886,643382959
0xa9cdb5e3c911884ca6d4b32273c219b536ee9e6a,4885,643387844
0xe044e2eb641efa48b97ef05c24f70f7675d2d404,4885,643392729
0x06f1143034f28b95f35c367175275ceb82d594be,4884,643397613
0x54ee01beb60e745329e6a8711ad2d6cb213e38d7,4880,643402493
0x66f27365d66c0e8ad4ef87db8cb4af63ce874b7b,4880,643407373
0x02eca910cb3a7d43ebc7e8028652ed5c6b70259b,4879,643412252
0x33f074d48d1ab2d53a934b95f912cb6d6b69ce3b,4877,643417129
0xd62e9252f1615f5c1133f060cf091acb4b0faa2b,4877,643422006
0xeead7849149316ed67094e51096164ab24ad3e53,4877,643426883
0xc6571d36938d714a1ec78cb49ddd69374cf04cc3,4873,643431756
0xb7e5f473e5550d7ca9857561269531787094b715,4873,643436629
0x01285d34fe29262a61788775df716acc7ddf897c,4869,643441498
0x1ec3140c163b6fee00833ba8ae30a7ba12201063,4869,643446367
0x2e2625d38ec84cbc13117fa1a74e4266b5e94318,4868,643451235
0x4fec5dc8f0baa3d44c709d12799c6a8426a0e5a3,4868,643456103
0xf7a219fffeade6cd98789da5642b687f743270eb,4867,643460970
0x26607ac599266b21d13c7acf7942c7701a8b699c,4867,643465837
0xbe1f94f08db7db10baa4858411d8fb5c9279b3d9,4867,643470704
0xac1c5bca3b4e1f8d6e03d46e079bc340ed5611a1,4867,643475571
0x2a76fbfaee8a85942b7906c656bc2270b2100b6e,4865,643480436
0x0e6a53b13688018a3df8c69f99afb19a3068d04f,4864,643485300
0x98fd4118ce999e325e679adee74adf8c425b1327,4863,643490163
0x901bb9583b24d97e995513c6778dc6888ab6870e,4863,643495026
0x1d48f0a2c5713bfed0d506508d5d2c6f8530b28b,4862,643499888
0x229a569b673d908cee8920658ae7bcad68e7d01d,4862,643504750
0x8b6c3b7c01d9db4393f9aa734750f36df1543e9a,4862,643509612
0x49b2f80475ada9978cd3fa105d55216f52650f8d,4861,643514473
0xba5a17f8ad40dc2c955d95c0547f3e6318bd72e7,4861,643519334
0xcec76159cb10f8c110e738809e4ee4b71f1de12e,4860,643524194
0xa86ba3b6d83139a49b649c05dbb69e0726db69cf,4860,643529054
0x8f2cb9512fe3c1d2758f8f587b583faafeff5f86,4859,643533913
0xc4da39e646e7f5d233b89ca0f7b75344e7ddb2cc,4858,643538771
0xb9d35797b967155f5c15ee6aa0d5f7dd973a2684,4858,643543629
0xb453b2c67d70f1e19ce770296c7d2f35cb7cdfd8,4857,643548486
0xfc91b82e5f214af8eae1fea2593a1d7a175132ea,4856,643553342
0xd731c88890ca047cd1bed2e6ea1562c7a425c29d,4852,643558194
0xaea906f180a7cb2888bb1ca15e3ebba5f4409d3f,4851,643563045
0xb8c6ad2586bb71d518c2aaf510efe91f82022f58,4850,643567895
0x2842a67ce34a8a9cf06564bfa50260c8272b397d,4849,643572744
0x71a808fd21171d992ebc17678e8ae139079922d0,4845,643577589
0x9a88bd9ff3c5d285db46eed4caa307da6715e693,4845,643582434
0x59c7798f69fe806177f6f787866808f4763be06d,4845,643587279
0xb0546e30dbe9d035da1ef5ab9186cf53aa6317c6,4845,643592124
0xbc4191167d4b0251cab5201a527daa8a7d3846b0,4845,643596969
0x4e5477803fe9ae733bcbd4e3344c969e6ac885bf,4843,643601812
0x6a90445976b4a9ad09de0c1621048483d2f5589f,4842,643606654
0xd2a199ef11262eaef96649fa403e0fb99696d2ff,4841,643611495
0x6399c842dd2be3de30bf99bc7d1bbf6fa3650e70,4841,643616336
0xb0fcb926826572ab68b3aea68b9b34149f9aa042,4840,643621176
0x94a8320d75fe982889795ca8b1a51212616d719c,4837,643626013
0xf570ae030d06b040ffd2bb9545e19c280a3b7e3f,4837,643630850
0x52ed883e23a22fb0ace4629f0dc5c6348580d1ce,4837,643635687
0x320105fcaadd69072768d493aa57a3c140016943,4837,643640524
0x371b0e18e3fd0dc1bcfc3e151f767632af9b59b0,4835,643645359
0x575262e80edf7d4b39d95422f86195eb4c21bb52,4835,643650194
0xd2e565e2df48dcb302aee97428a739b089400cb3,4835,643655029
0xd875628b942f8970de3cceaf6417005f68540d4f,4834,643659863
0x71d6a2e473e92d63a676b363d1e0fde4675349fe,4834,643664697
0x5e6dd064b32efa783d5745f2f3a994004956b67e,4832,643669529
0xbfd7abb019a762aa7b4bff5677a06de9203e5769,4831,643674360
0xb493d50bf06c7b7cb3c89c6429282f64b5ad6cba,4830,643679190
0xcb7d2c31b87e0e88d5148c88bd7adfdf96c3ddf9,4830,643684020
0x17e00383a843a9922bca3b280c0ade9f8ba48449,4829,643688849
0x6dea81c8171d0ba574754ef6f8b412f2ed88c54d,4829,643693678
0x13c2b7f851e756415cf7d51d04dcf4f94a5b382e,4829,643698507
0x82f3bb6305f0c368415267f2ba9813526e0ea8df,4829,643703336
0x00000000fea1fab3ce021f3bedd21a94d0ba190c,4828,643708164
0x5eb01e0b10d44115b11cdac4837dfea7549320cc,4828,643712992
0x9e7d29bd499b6c7da2a5b2eafcf4a39d3bd845d1,4827,643717819
0x19aa8f3fd8bdfbe5b80780eaa387ee3c8746c83f,4827,643722646
0x26e43759551333e57f073bb0772f50329a957b30,4826,643727472
0xd9f860339d598e515e1d0961b2f8cd427102cd9e,4825,643732297
0xf34f69fb72b7b6ccdbda906ad58af1ebfaa76c42,4821,643737118
0x87ad841660aac6f13568345335a4c91477e4ea27,4820,643741938
0x7777770f8a6632ff043c8833310e245eba9209e6,4820,643746758
0x73e4a6b80f8de0aa3f95331c5a93e7f8431b6d95,4819,643751577
0xa283aa7cfbb27ef0cfbcb2493dd9f4330e0fd304,4819,643756396
0x54a2a7c9ff039af7412223405534c174d304d835,4818,643761214
0xe1ee8578fb0bd17824754d32f5fa26b6dac26b9f,4817,643766031
0x20af188be10614bb6368838732ea9a478d0749c5,4816,643770847
0x3741f1e0eb8a643a2aea206e255c32984d44ec35,4816,643775663
0x492eea2038aadc701259f3535841ab985c2f9a80,4816,643780479
0x31e5ca77191ca039dc21c8b9c34b5b0dc544cbd7,4814,643785293
0xc7ee21406bb581e741fbb8b21f213188433d9f2f,4814,643790107
0x447a4e4f51e6cb5dc408c7f436c3af8525a8f899,4814,643794921
0x770b05bec95bbfdd90a9e46c48fcb101e70ebf9b,4814,643799735
0x7cc9e445d7c24043a780c26700889a09a9ea3e3a,4813,643804548
0x922018674c12a7f0d394ebeef9b58f186cde13c1,4813,643809361
0x01d59af68e2dcb44e04c50e05f62e7043f2656c3,4811,643814172
0x4a68539b894e8e1fc88e3c0b0cfb8252d2106316,4811,643818983
0x994f0dffdbae0bbf09b652d6f11a493fd33f42b9,4810,643823793
0x4d305c2334c02e44ac592bbea681ba4cc1576de3,4810,643828603
0xe1d013349d552ddccaad87a7dac3be3b830aa3d4,4810,643833413
0xe3e22e1f5889f507dd1d859b8ef6cb0a84a902a8,4809,643838222
0x3293cc907fde439b39aedaf1b982785adaff186b,4809,643843031
0x9024e1da0726670594e1d7e60d2e30d9e597c297,4808,643847839
0xd8062c267dd196b5e500a99ead7f50592f323e51,4807,643852646
0x46b4a7d906f1a943b7744df23625e63726d79035,4806,643857452
0x307f0599ba28ff0060b5c054a2cb5deb9ffb393b,4806,643862258
0x6449540871d7ce11d4a936246027111818f9a501,4803,643867061
0x594207c791afd06a8d087d84d99d1da53ccbd45f,4803,643871864
0xb00ba6e641a3129b8c515bb14a4c1bba32d2e8df,4802,643876666
0xab22fd25ddbbb9c3d2c2ced0fd20e3f2bbb932bc,4802,643881468
0xaf012c7569bf6748da62a6ecf5a145b9e18b0cb2,4802,643886270
0x68f825fa79c73f7eada0ca4ad8699a8fb45b7f18,4802,643891072
0x6a4c76874e686a7d080d173987a35a9c48905583,4799,643895871
0xf24197f71fc9b2f4f4c24ece461fb0ff7c91fd23,4799,643900670
0x3f694635ab69b1b5e7f001de26892cc63ba94bad,4798,643905468
0x1c74cff0376fb4031cd7492cd6db2d66c3f2c6b9,4797,643910265
0x93b3b11f18b7bd7aa5e72afaee7aec78b71b9dc9,4797,643915062
0x43f263e363c0c2e39033fcbd9982b78a42d43031,4796,643919858
0x74e9897dfc32c1d7cfbfe458556b8b3ce2b1a263,4796,643924654
0xa87deae3026ae94900d69ffa39eb9a99e0bf9b08,4795,643929449
0x134121e29dde49bd27c144ed95acf111828f87ef,4795,643934244
0xfb3ddcabbdc9545b271c999cd13a1390ff75d28c,4795,643939039
0xdeb7b15ecc6c8f2e22a22e2252789a0e4713a7a8,4795,643943834
0x0b4d742d52ee0c4391439f80822b26fdf1ad6ee7,4795,643948629
0xa38920c00d1a5303db538a3ea08da7a779e1f751,4794,643953423
0xc94ce15ec1aee8dca3df5bd20fcdb4cdcd99b5ba,4793,643958216
0x1bd868748a85257b36680965d00340495d200d57,4793,643963009
0x6fa769eed284a94a73c15299e1d3719b29ae2f52,4793,643967802
0xf4662bb1c4831fd411a95b8050b3a5998d8a4a5b,4790,643972592
0xa6b748b5b782016622ff977c12d102139c7514a7,4787,643977379
0x6a1c61d4fcfd36ca908c8090418cf2b292951f8a,4786,643982165
0x11de873e978ca2d0a5282c6add873c4329dad68b,4785,643986950
0xae9c13f3d623e45d24d02e17c49d0f43c7a39172,4785,643991735
0xa883e72c12473ded50a5fbffa60e4000fa5fe3c8,4785,643996520
0xd5d7d89a913f0aeb3b9a4a685a7c846e8220fc07,4784,644001304
0xe3e0cfbb19d46dc6909c6830bfb25107f8be5cb7,4783,644006087
0x9f9bfb18186a26acba411fae0c0eaf32f5fc374f,4783,644010870
0x57d7fcb9380c354ea40a8e17e352fae3f6e27e91,4782,644015652
0xb9324529fce0ad39423234240dc076cbe0eec5f8,4780,644020432
0x3a8cccb969a61532d1e6005e2ce12c200caece87,4779,644025211
0xf50b383fb227b3d364bf207adebc2245c64f12da,4778,644029989
0x8dc85b6056b40c950e6119899cac90be9eeb4da7,4778,644034767
0x03ec7bb59be036870ef696a2abf124f496d6735a,4778,644039545
0xe431a4c5db8b73c773e06cf2587da1eb53c41373,4777,644044322
0x318f522bbb30628456f0e219f24ad289aa824b19,4777,644049099
0x9e282120e0820787085fd9914c6f36cc73631476,4777,644053876
0xfba43a685a86cd5884379e9a1ac611d956cda9cc,4774,644058650
0xf226e38c3007b3d974fc79bcf5a77750035436ee,4774,644063424
0x3d7ee8cef6032ca3315a0c00085509a2b8631956,4770,644068194
0x59217d3e1daebbeb89a8d92e4ee0e936bf5e7f93,4770,644072964
0xa92e7c82b11d10716ab534051b271d2f6aef7df5,4768,644077732
0xe887b563da8f9b5d25774126da44d36136d181e4,4768,644082500
0x4b4fb2f2dc64a2cf2afbc8119ca2eabbd99a575b,4767,644087267
0x6ef62217a2aaf611851d21eb7500a98969440f94,4767,644092034
0x688478f003b8d0f10b8af2122bf20378555ef958,4766,644096800
0x5ddb98f378def49593f24c98fc84880242e9ba65,4765,644101565
0x3e8d0c73da23a3911c0f6aab03397fec3047f5bb,4763,644106328
0x113690cb0efa6a3d3f78c0f3bca97cbcdc720903,4761,644111089
0x358e65e55465e2643f524ebc8184c5a61b3a303a,4761,644115850
0xf67041758d3b6e56d6fdafa5b32038302c3634da,4760,644120610
0xbb340a2eaf55c5e67a5a05fe5ceed9b9702d76f4,4759,644125369
0xb6cfbf322db47d39331e306005dc7e5e6549942b,4757,644130126
0x08b4c866ae9d1be56a06e0c302054b4ffe067b43,4756,644134882
0x56325d180ec3878a9028afc7b0edcee7486cc9df,4756,644139638
0x32d752688de3bd41b61d15fb87d008b80bc9db68,4755,644144393
0x5f20ccf0923995581d52f9bcc4fc065c1aded6ee,4755,644149148
0xcced5b8288086be8c38e23567e684c3740be4d48,4752,644153900
0x6a0a0fc761c612c340a0e98d33b37a75e5268472,4750,644158650
0x4162178b78d6985480a308b2190ee5517460406d,4749,644163399
0xc0f52530836b419c1349a4f0ad063f442ae6a8f8,4749,644168148
0xd86f33388bf0bfdf0ccb1ecb4a48a1579504dc0a,4748,644172896
0x55ae5792903b179915e10065e26610435832a3f7,4748,644177644
0xaeea2ebc48178af826986314280da3d6743e6766,4747,644182391
0x46c7627713ad4f4f5fdc00d39411531515c1ef2f,4747,644187138
0x95fa5c2d804838164bdca5c188e9ffd1d8a624dc,4744,644191882
0xe95a203b1a91a908f9b9ce46459d101078c2c3cb,4742,644196624
0xfc4785619f5b5b93332bf8ce680769f92a3ec063,4742,644201366
0x0a7e91c185b6fa2b795bdc739f2269257fd24de8,4742,644206108
0xf21c4f3a748f38a0b244f649d19fdcc55678f576,4740,644210848
0xdc47f2ba852669b178699449e50682d6ceaf8c07,4739,644215587
0x95428a4ed56252687cdd62a7f628bc6d5e9ad7da,4736,644220323
0xe6766297571f8693adec94e5f8ef363d323e211d,4736,644225059
0xc473d4d8093c7e3f8926fedaf3682adad430bc33,4735,644229794
0xd5524179cb7ae012f5b642c1d6d700bbaa76b96b,4734,644234528
0xbcdfe338d55c061c084d81fd793ded00a27f226d,4734,644239262
0x17fd666fa0784885fa1afec8ac624d9b7e72b752,4733,644243995
0x389aafd409a32d89702703e5b460aff0a9252fe5,4732,644248727
0xe3b192bb07cf2577277ca2161ad8890102765d8a,4732,644253459
0xfb64597dda1345317a4f4f5dba2425384bc5fa7b,4732,644258191
0x6fb8aa6fc6f27e591423009194529ae126660027,4731,644262922
0x85127dc0be627dfc8c97903b167ed824c268db36,4730,644267652
0xee06a81a695750e71a662b51066f2c74cf4478a0,4727,644272379
0xcfe1e539acb2d489a651ca011a6eb93d32f97e23,4727,644277106
0x6595b8fd9c920c81500dca94e53cdc712513fb1f,4727,644281833
0x4b4b1d389d4f4e082b30f75c6319c0ce5acbd619,4726,644286559
0x0487fc87df11933ace3c3dd98e287fd53c2109b4,4726,644291285
0xa2d2226381a14aae72b76f5c9ac9d056d4b0149e,4724,644296009
0x971d12e576b09dd0dcf627630a129f64b181038a,4724,644300733
0xfef3bef71a5eb97e097039038776fd967ae5b106,4723,644305456
0x1ff6c03defa68b6cf0196e8a1cfb0dc0f8c4f68f,4723,644310179
0xae679636776e1f9e3d02daf2c4023ae0cedd93a4,4722,644314901
0xd59d949bf749e4ed98fd5e78ac9b3e865f9e1969,4721,644319622
0x0b5ad4f41c0262a6d2825e49bf8f88abaa7557ec,4721,644324343
0x1992355743bd73c505d1f1cd645c9ed160742a54,4720,644329063
0xc398891b43f1b91158dca87c63a88b80d000c248,4720,644333783
0x9919d97e50397b7483e9ea61e027e4c4419c8171,4719,644338502
0x85f0e02cb992aa1f9f47112f815f519ef1a59e2d,4716,644343218
0x762a7ea687d5f9aaed98eb4c5e597b43652af7ff,4715,644347933
0xd38a2dc9fed4416ead8556b851b0f459d4aec842,4715,644352648
0x7e03521b9da891ca3f79a8728e2eaeb24886c5f9,4713,644357361
0xacc6eb8fa1130d6d33cdc98aab16e8c2a1ac596c,4711,644362072
0xbe68a0e5a084d36f248ad97189c03d2e70457dd8,4711,644366783
0xffbcae36d1dc3a82cd7fa397cf13dd328595a0fd,4711,644371494
0xd9a12cde03a86e800496469858de8581d3a5353d,4710,644376204
0xfc00c80b0000007f73004edb00094cad80626d8d,4710,644380914
0x65003947dc16956afc4400008606001500940000,4710,644385624
0xf1a91c7d44768070f711c68f33a7ca25c8d30268,4709,644390333
0x7f9fa692e1b65d2b6d670feebd3e6bcc29606f14,4708,644395041
0x5faef7e9df655eca6a28bbc47f5aa21747224dde,4707,644399748
0xb5d4baead54821862dc8e732b9f86deb489dd04e,4707,644404455
0x34967c335d86efc3043fb75f807a0780ffb6905a,4706,644409161
0x45af324f53a8d7da1752dad74adc1748126d7978,4705,644413866
0x9509ab39e86b0c369bc09e6f67c7585efcbd58d9,4704,644418570
0x9d1757de07f88b405606d191db42129179ed08d7,4703,644423273
0x147faf8de9d8d8daae129b187f0d02d819126750,4703,644427976
0xbfdef139103033990082245c24ff4b23dafd88cf,4702,644432678
0x439ad7ac2b7d92a24c25537cf1aa243f365d0cb0,4701,644437379
0xa7e307d1e4181cdf9885fbde941f571698521c45,4700,644442079
0xdfa6fd9063cd3c032c3d2033958f271cbe56b61c,4700,644446779
0x3e8b1a3a33bbe00825d6a5e4fa4295fc70dcaa98,4700,644451479
0x84c722e6f1363e8d5c6db3ea600bef9a006da824,4699,644456178
0x8687d72fc898f96eb078d6bde8d2c99054125476,4698,644460876
0x9ef05f7f6deb616fd37ac3c959a2ddd25a54e4f5,4698,644465574
0xe89a6d0509faf730bd707bf868d9a2a744a363c7,4697,644470271
0x354bf2c763e09006cbc5fd8e2420e78a0684dbce,4696,644474967
0xde8fba1447f7c29f31bd4aa0b9b1b51eb6348148,4696,644479663
0x7a6ebe5cc20da8655640fc1112522367569f2114,4696,644484359
0x91683899ed812c1ac49590779cb72da6bf7971fe,4695,644489054
0xf8f12fe1b51d1398019c4facd4d00adab5fef746,4694,644493748
0xa593a180cee09baab1a3ae7cd59c436ed8225d61,4692,644498440
0xcd64aa18ddbce84411adbfe6da49354ba5187a45,4691,644503131
0xca34f93f019aafa64a6c16d1c0e791d407af8271,4690,644507821
0xd6811bd519706549e1eb4f82ad2de40f2e545327,4690,644512511
0xbbd7b196d8ce1f56b2901145b3fcfc42cded5596,4689,644517200
0x7abe178405cc7e5ee617b046350646e30eb656dc,4687,644521887
0x6ad0f063a0dbdeaded193f51a145113082f4904b,4686,644526573
0xbcd7964eb52f25a134a5a2f38e28dd9a45039857,4685,644531258
0xa1426c67db444dd05a90f531c233583472b6b01b,4685,644535943
0xc96f23a166c2cb107230a85371abf28c144aa793,4683,644540626
0x5401bb4729bd7f025b97399c3c92854ec299f81a,4681,644545307
0xe581b1e798d9a558003dcd12c39b8811f7bfab9d,4680,644549987
0x7dbdd9dafdc4c1c03d67925a4f85daa398af32b0,4680,644554667
0xf3cb2d9e3c406b071dfa1d9a07bc17fa48c14e08,4680,644559347
0x7fc77bed597bf36d7dcecaf9d1c0d825b8acf85b,4679,644564026
0x3f347cb1816cd7aa7d0a41a4457b1aa4117eae8f,4679,644568705
0x10e138877df69ca44fdc68655f86c88cde142d7f,4677,644573382
0x13d154c50a4b5dcc0723cf29db9b7925879bda5c,4676,644578058
0x24cf851b7d05c8f99d068cc1dd3bb4d85d78d655,4676,644582734
0xa017ac5fac5941f95010b12570b812c974469c2c,4676,644587410
0x7bd0ce1c4c0bb344bbc71e8364845eeb211b99c4,4675,644592085
0x1c6890825880566dd6ad88147e0a6ace7930b7c0,4674,644596759
0xd37a77e71ddf3373a79be2ebb76b6c4808bdf0d5,4673,644601432
0x49a7159720cd0541657007265f9a0398a1b53895,4673,644606105
0x60c24407d01782c2175d32fe7c8921ed732371d1,4673,644610778
0x60a87cc7fca7e53867facb79da73181b1bb4238b,4673,644615451
0xa667f7c9f8d9e7f54814f312ae42d08a31154889,4671,644620122
0x9182fc6d04ca7f880af6821a851fa939822883dc,4670,644624792
0x02b5fe30ecf3a79614db8fed5a05a63a62ea87e2,4669,644629461
0x2c9c479e2a33acf9a2cf31cfb820b5a268a68597,4669,644634130
0x6b1bfceb517084e17be128f655f78d8cddeb11bd,4669,644638799
0x28a54b2b798bb8b8751d1cd423a435472a009272,4668,644643467
0x35b59527647cff6be6dfca8c9519feb77dc575ea,4668,644648135
0x276f92ca2b234b51e8701412dabd183cf1b8b828,4667,644652802
0xd0c4ad14f872bcdf7c3cc2bae99279ab5cdead30,4666,644657468
0x348350fd3faeb9fd14050d25f23d876bed74d7b0,4666,644662134
0x0e99835db13eced572397fb9006192189016b5b1,4665,644666799
0x87da823b6fc8eb8575a235a824690fda94674c88,4664,644671463
0x526c08e5532a9308b3fb33b7968ef78a5005d2ac,4664,644676127
0xc445e916a0264a4160681bf0d80eb5d8394c15e3,4664,644680791
0xd7aa94f17d60be06414973a45ffa77efd6443f0f,4662,644685453
0x869345629f8393780ac8421df411ccea38a5c851,4662,644690115
0x777860247bd50f124e11b86e1d7327f77099b0e4,4660,644694775
0xcdd2bd61d07b8d42843175dd097a4858a8f764e7,4659,644699434
0x00765eaabedbc0ec71e922178b5cf6f5632ec324,4658,644704092
0x765f0c16d1ddc279295c1a7c24b0883f62d33f75,4657,644708749
0x297d33e17e61c2ddd812389c2105193f8348188a,4657,644713406
0xb9440022a095343b440d590fcd2d7a3794bd76c8,4657,644718063
0xa3e22729a22a8ffedccbbd614b7430615976e463,4656,644722719
0xe4d688bb2d5b7f546052cb6fef3aed8af8af6511,4656,644727375
0xffee4db0f30a43955398776a9524fdff0680dd7f,4654,644732029
0x69b5be91bdd987565ca4367ae2036922e30a9939,4653,644736682
0x0c1a07d17f39a179245f2ef277cef97671cf9648,4653,644741335
0x8dcacb18dd4b86698ab660514b940b6986aedc42,4652,644745987
0x50b7239b2ce36442277fe8658a9a47203246e8b8,4651,644750638
0xe8c68b91f5b0517390b9619af53c31cc0d69f6fc,4651,644755289
0xca48c83b7b7bbb550eacf47fea184a34165d1e1d,4651,644759940
0xc596bd09d652827b0106292d3e378d5938df4b12,4651,644764591
0x41933422dc4a1cb8c822e06f12f7b52fa5e7e094,4650,644769241
0xedb94888eff041eb50c9fc92c360f66afb3b94c5,4650,644773891
0x9e78b8274e1d6a76a0dbbf90418894df27cbceb5,4649,644778540
0x9081ceb359b6f42640651e11f5bfb4d4b84aa66f,4648,644783188
0x4a243aacbf35be0f4e9fbf254d25e4a01847b99d,4648,644787836
0x82930156351a905563623fd2a4f6ea2797ed6f4e,4645,644792481
0x065dc9f69a712e8e4b3557276baea0a92148eef3,4645,644797126
0xbc9ccc8a46d424de38b2e4df5f4a5001321c5d4c,4644,644801770
0x4d839a486ec0b1c9b0d9e9d397993ba5b150cb34,4643,644806413
0x0c46158de28a9b81e4e1f2544aa6659472ea8011,4642,644811055
0xe5e5b072725acbbd789da7a4324f4165a45a6409,4642,644815697
0x1e93fa20fa1a8e99c30dfc3ea644b8e13534169c,4641,644820338
0xa8b12cc90abf65191532a12bb5394a714a46d358,4640,644824978
0x7f38593017e3fb230621f49859b531396b4fc7f7,4640,644829618
0x82665764ea0b58157e1e5e9bab32f68c76ec0cdf,4638,644834256
0x373b3316e9184d3ab6e78571a4fba5787908ca9e,4638,644838894
0x4e9547d1a1154ee0451f063c253ad8dc39d5384c,4637,644843531
0x4442556a08a841227bef04c67a7ba7acf01b6fc8,4636,644848167
0x565ac8639e53a4bff4afb34ac63a49d7bf01500e,4635,644852802
0xa546736585438999799501aedcc3e3563da27218,4634,644857436
0x3dde229ef90cc8856b54c87349a60af1a442a6bc,4633,644862069
0x2da2c32581230b3addf9886727daae80771a8078,4632,644866701
0x189f0c596064520a0eb45fe5a9ec50553b655861,4632,644871333
0xdbb094bbf86ba42315704d7b38f51918cef0c386,4632,644875965
0x66c0dded8433c9ea86c8cf91237b14e10b4d70b7,4631,644880596
0xae8bc96da4f9a9613c323478be181fdb2aa0e1bf,4631,644885227
0xc92029b1fcafb6d6285d49ee44bcc6cad2a91fd5,4630,644889857
0x887160883757523f16acf1ca86ac787c4cf6c39e,4630,644894487
0x18ddf856c88ef184ec90d615daaacfb740fb988b,4629,644899116
0x6e0dade58d2d89ebbe7afc384e3e4f15b70b14d8,4629,644903745
0xa7bb44094310170fe3887ea1fd7fce74d66684bf,4628,644908373
0x5c93c04cd34ddb4ee988466563a38b139e41401e,4627,644913000
0x692081f77ea38fff912e2efd9af365daae051a30,4627,644917627
0x3627875c1c57520a6d1098e3af7800be6e2425fb,4624,644922251
0xd3c8dc421d3cfbd446ff9faf8145144df1f04f9b,4624,644926875
0xa9080bf7c8e55f2af5c6603243d5865f4f328715,4623,644931498
0xb67718b98d52318240c52e71a898335da4a28c42,4623,644936121
0x88a386a12de4840160c4f16804be2a7dd1a30307,4622,644940743
0xf2c416c1d6dc3ec9fd4f96da79bac068c1c3d29d,4622,644945365
0xc88c7e1aebd89187d13bd42e1ff814d32f492bf6,4621,644949986
0x310c93dfc1c5e34cdf51678103f63c41762089cd,4620,644954606
0x1d6e584107f234b76e66d27f305993c95228db0b,4619,644959225
0x7ba9b94127d434182287de708643932ec036d365,4618,644963843
0xa00425d3e2d3e9ff74f3e112b4d3a7978d7d88c2,4616,644968459
0xcbc03cc53a8c8d3563e5aedd74a51c57c001fe4f,4616,644973075
0x5808fb823d720e91f1564cd9c9081af7136f73db,4616,644977691
0x82ed9b45cce53d7a3c83039a48b1531b2ec1f47d,4614,644982305
0x5884412fc79c2b3dd037f21169a3341fc936ba72,4613,644986918
0x57929e21bb0de26166d3f3cfa09be0b2bb9f0a9c,4609,644991527
0xe179198fd42f5de1a04ffd9a36d6dc428ceb13f7,4608,644996135
0x0a255f700b16c0acf5673565c757b94fb38b27f2,4607,645000742
0x78a73b6cbc5d183ce56e786f6e905cadec63547b,4607,645005349
0x6c3abd0d14ffd879815c64b1b0a4d5c9ab497b1a,4606,645009955
0x002f2264aeec71041ae5739ecf0a2c80c5ea30fa,4606,645014561
0xcbd55d4ffc43467142761a764763652b48b969ff,4605,645019166
0xb8d2b921c0ea0ca27266fa63907a079ef25084d0,4604,645023770
0x9ce490ac8d134f911e1cffa99c9e8c0fa929627a,4603,645028373
0xdbddf072d7aae7b9288e31a4eebe6c54e3a143b1,4603,645032976
0xe59487bb83c32769d94ff2e505cdd9093cd3c41e,4602,645037578
0x96c30d5499ef6ea96a9c221bc18bc39d29c97f27,4601,645042179
0x0c37bcf456bc661c14d596683325623076d7e283,4599,645046778
0x5206186997fec1951482c2304a246bef34dcee12,4599,645051377
0xaec39406348becc28aa008b70fef6063a36ce10f,4598,645055975
0x3a74862a0283711b85051449c6c4eeb6ecf4379a,4598,645060573
0x20531020d3027b8d27be72b1e9f9236c26085052,4598,645065171
0x895c75efea36658c2fb452202743208d3d802f34,4597,645069768
0xc5142a066dfcabbd20ff8b581c5e82f523af21bc,4597,645074365
0x15e51c63518ab39281e80f9cd6d70930ad7ea8a5,4597,645078962
0xa66949e08612a5e89f8a35301e2b8537f4ee996b,4597,645083559
0x5fca2d5b2eedfc026127d933bf113ea71b00329a,4596,645088155
0xbe42a3476f2625b6a4d3c2e8bfde166f2ef02c8b,4594,645092749
0xdf18880a02c7f3eb4f40fdf515fce31c1cb7ef66,4593,645097342
0xa705e008f63cd04c35daf08248ea1fe8783aded3,4591,645101933
0x8c18d6a985ef69744b9d57248a45c0861874f244,4591,645106524
0xcf61a77727995ebf2afe0f279a7b7032d8ed99c4,4591,645111115
0x4ee15f44c6f0d8d1136c83efd2e8e4ac768954c6,4588,645115703
0xa2ec368c2f894c253b869ce8e5ae03d4ee655ebd,4587,645120290
0xeaee9b6d379190f93a22926b1309d4cf62019787,4587,645124877
0x33e82253e8b84e7ea95b7edc710be3bf576a975e,4586,645129463
0x5fd138079490ad1b7eaa44a25ed04290d218a103,4586,645134049
0x5d762f76b9e91f71cc4f94391bdfe6333db8519c,4585,645138634
0x786a20fa02e4672d550bccf0bfff118caae519e6,4585,645143219
0xf39d04d375655af64aed89a8d8163234086b5258,4584,645147803
0xa013afbb9a92cef49e898c87c060e6660e050569,4583,645152386
0xb673da22e06a6e2eced2861532bdc6bd399842f9,4582,645156968
0xb7896fce748396ecfc240f5a0d3cc92ca42d7d84,4581,645161549
0xc7c73dabcb50ac857f1fb2d8e638b7a0210211f4,4580,645166129
0x4babbe57453e2b6af125b4e304256fcbdf744480,4579,645170708
0x323a308c549eaedb79c52c5640f01f0ca3d3d0b7,4579,645175287
0xe3cd01a0d962e46cf3bad3e00cb431e7b1c387d5,4579,645179866
0x3322ed456ddcc4e2ee58b89c6903ed1d5895393a,4578,645184444
0x264122ed467f3132b6e6cf855220adc0a3a5556d,4578,645189022
0xf36498354cf7ff6044a6db4f7b096075ff294343,4577,645193599
0x114fee3e38f8ce1e19be2d84d6e511e6f7b3e4ba,4577,645198176
0x016396044709eb3edc69c44f4d5fa6996917e4e8,4577,645202753
0xeac224ec129b203bd9067db6e3df1646fd4e640a,4577,645207330
0x0e877a7576ea71603b15280b8efc111ba37d0d6b,4576,645211906
0xa9b6a91b63a537e4735b1d7e38637cce4b1e6c66,4576,645216482
0x85e8533aa90685900ecbbb03362ba6999e3f60f7,4576,645221058
0xfcfc434ee5bff924222e084a8876eee74ea7cfba,4576,645225634
0xdff3718cd0fda48e045bac6ad66950fa259f51b5,4576,645230210
0x2e692fcfa558694195110ea3fb6be96d2b6cfd76,4575,645234785
0xbfbec72f2450ef9ab742e4a27441fa06ca79ea6a,4574,645239359
0x61d62ebfcf133ba8f9e3d04756eca226b2619d04,4574,645243933
0xe5af8907776fd5f1bb069369fd398ad33102751e,4572,645248505
0xd04c48a53c111300ad41190d63681ed3dad998ec,4572,645253077
0x6f152d5fc00d648604af67ce07d9baefec4958d4,4571,645257648
0x344bd3872f67d37757b48155ba4666e780fc47b5,4571,645262219
0xa5a6d719db51513eccce9e150a4e9979e0062c5b,4569,645266788
0x7b9c37ca42c48e131b81475b3520b81327538b7d,4568,645271356
0x21d80914081aedb32a0e9a369b4385a400ef4e42,4566,645275922
0xd90cd0492bbb7405a8bba2e49556dbd74ef3b00c,4565,645280487
0x6690819cb98c1211a8e38790d6cd48316ed518db,4564,645285051
0x8927616110cf23c4e87dc98614eb9fbaae95216c,4564,645289615
0x1f533acf0c12d12997c49f4b64192030b6647c46,4564,645294179
0x61e7753db112632472a838cfd66e4baabd052a69,4564,645298743
0x8277bf16e448942c257d7ad51e4cac0004eb30a0,4563,645303306
0x06e0feb0d74106c7ada8497754074d222ec6bcdf,4562,645307868
0x3ba1a331e48811adddeea91866ac119598c215fd,4561,645312429
0x7cf9d2dec6ec1147339237b5155ce35820540df8,4561,645316990
0x088aa889e8653306ea17b5486febd160c65fcc9d,4560,645321550
0x8679f1f00725c3b02918604438a5200b0acf7584,4559,645326109
0x34ac39f950ded747aafc272e98c4c420d02c222b,4558,645330667
0x9f1c58cb06c5905e0ec55324560831865222be36,4558,645335225
0x2c7a51a357d5739c5c74bf3c96816849d2c9f726,4556,645339781
0x2233799ee2683d75dfefacbcd2a26c78d34b470d,4556,645344337
0xa33407b6f87e7cd38634a0e2390353553014c245,4556,645348893
0x98df8d9e56b51e4ea8aa9b57f8a5df7a044234e1,4556,645353449
0x7e51405ee33e81d7baaab2757e969027f34f5bf2,4555,645358004
0x773dcefa15b47e77c7955e5d0383bafecd672734,4555,645362559
0xf028adee51533b1b47beaa890feb54a457f51e89,4554,645367113
0xe86c25453cf705ca2cc742a2bc5355ffdb6a84c8,4554,645371667
0x72df19bdb54af33c011836e80ba326aa148a0a84,4551,645376218
0x8b847669b2e5dd5101736e41da8ec38653065aeb,4550,645380768
0x43a8ece49718e22d21077000768aff91849bceff,4550,645385318
0x177f2ace25f81fc50f9f6e9193adf5ac758e8098,4550,645389868
0xb51f64a297122d44822fcceecea3ae63b98f4297,4549,645394417
0x737901bea3eeb88459df9ef1be8ff3ae1b42a2ba,4548,645398965
0x9022a78192061d3d1048f10016050a3dc7339283,4548,645403513
0x419957f43bf2b2baa5441c6fccd7ccba77aaeba4,4547,645408060
0xcaead5f436b07a2ac6aa39175974a6640c5b3f30,4546,645412606
0xc883e5edcf8a7ff34d0f80e7d4a22cbaa3fdd735,4545,645417151
0x4334477348222a986fc88a05410aa6b07507872a,4544,645421695
0xef8a560fa19f26982c27c78101545b8fe3018237,4543,645426238
0x2881badc252165ee04c697306fea572cd19d8549,4541,645430779
0xc58467b855401ef3ff8fda9216f236e29f0d6277,4539,645435318
0xf073860c0863ae7525c93d8acd5a6635147e10b9,4538,645439856
0x195e21a077cea324ebc218be4fc55a2864e05bec,4535,645444391
0xcae154c5d8f08eb644ea941a8f6eebdfa5532b3c,4534,645448925
0x881d5b86cce44742ce573e7b6dc959b9c9f3cfad,4533,645453458
0x41a81c92f019ebb05d3365a0e7b56d868ed2318e,4533,645457991
0x71620b123ae1a84602555a955b099f7d0795b2e6,4530,645462521
0xcb5ea3c190d8f82deadf7ce5af855ddbf33e3962,4529,645467050
0x8476e3ddf311da3e47b76d99f624635c1db8708b,4529,645471579
0x575c3a99429352eda66661fc3857b9f83f58a73f,4529,645476108
0x68a0a1fef18dfcc422db8be6f0f486dea1999edc,4527,645480635
0x336a24fc03c93101d4e31160c27eeaedc34be01d,4527,645485162
0xdb05ea0877a2622883941b939f0bb11d1ac7c400,4527,645489689
0xe6f1966d04cfcb9cd1b1dc4e8256d8b501b11cba,4527,645494216
0x26dc958d2cd2a777ca6126ada3c86fdefbc26cc0,4526,645498742
0x92d3e963aa94d909869940a8d15fa16ccbc6655e,4524,645503266
0xa5d83610b6ee0d5368a03395ad6d6cb2e47958ef,4523,645507789
0x641fbb7ddaa90f9a6cdaf9b3c1c344e0d3d7791d,4523,645512312
0x1d36d59e5a22cb51b30bb6fa73b62d73f4a11745,4522,645516834
0xda3d675d50ff6c555973c4f0424964e1f6a4e7d3,4520,645521354
0x47e437a8a1d35529814835a55e97dbce10bd522f,4520,645525874
0x573479dfa0aa71578cc49850340c88e95848d587,4519,645530393
0x1f4dce2bf4345fb630a185483699015aa6961f37,4517,645534910
0x6247c86b016bc4d9ae141849c0a9eb38c004b742,4517,645539427
0xd53d53667a2ac6b78eda79ce39a794a9e23f9bdf,4517,645543944
0x85ba3ba5372020839105042e6d810da4fb9a380f,4517,645548461
0x1788430620960f9a70e3dc14202a3a35dde1a316,4516,645552977
0xffd883e94f7a3700aaf81a411bd164ad27acc656,4516,645557493
0x338286c0bc081891a4bda39c7667ae150bf5d206,4515,645562008
0x0e5a17c02905660aad5cb006d19b8d130980387a,4515,645566523
0x16987c021c14ca1045cd0afebb33c124a58bf16c,4514,645571037
0x9f1b9ea49eeab4bee2a2ce780fb9996dab384f3f,4513,645575550
0xaf643dfb0445fb7e8053b2e6c2200c8bfcbe8880,4513,645580063
0xac13cc399515688fc0c45da6e293cbbe5f297549,4512,645584575
0x1db4411b9f884e96da6f243a91aa833f66397557,4512,645589087
0x58d96cdaa3c30138918cf98504e7021876b43b57,4511,645593598
0x7963c8c3429b9e3ab655f13b7272106ab815787f,4511,645598109
0x95428af48e5c7559e0cdce4bef5b69d620147537,4511,645602620
0x4c567c3363cc42c5a42c6d8bf01503fd1d0b91cd,4510,645607130
0x3d0bb55d0d2f255d7a0eab8a53a91b3369728e36,4510,645611640
0xa95ee8f022d7aae1871a80668ae4a736ac32ee5c,4510,645616150
0x956eaaaacb521558cd4485115df412aa01f1057e,4510,645620660
0x4fcc4ddf66a1c4338dd2febf9e447c7afc793153,4509,645625169
0xca176a8ac234446b2561293db7543e0cdadc6627,4509,645629678
0x48ae54ef3f557a76ff1ece98dbe1aac4e8e37ac8,4509,645634187
0xd9ccc97959b59e2f23dffbb746059c1bef595b71,4508,645638695
0x6a03796e882bed3b1ff1747b8563f3c2c11f0ff3,4508,645643203
0x9d4a5448b9f8272603f22f2d3bf2d5f0f2c3c5a5,4506,645647709
0x95d62acbb73e174bc51304deccf318a6b820c400,4506,645652215
0xf12946afa18de9d02fa3b0c0ea784978f0373745,4506,645656721
0x60c3094a586b02cb416ec4df31119d4513ff0dde,4504,645661225
0xdd10ccb3100980ecfdcbb1175033f0c8fa40548c,4504,645665729
0xc03481d7be30d7d8c0fb76482327e13d4eed3bfe,4504,645670233
0x56b80bbee68932a8d739315c79bc7b125341098a,4503,645674736
0xce40e56a4d67c41184aeb93dc2089b2224e0fe0f,4502,645679238
0xc1c236950149ca9955ae1a3505cbe9f4bbc26bdc,4497,645683735
0x50e5ab163d25007a1689ed2139d2dcd30a104834,4496,645688231
0x8486e5cecaacb4cf61b7350b36946a96316aab16,4496,645692727
0x1debf22b868e1cc61be1903478d9dd8e45befbe6,4495,645697222
0xa95592dcffa3c080b4b40e459c5f5692f67db7f8,4495,645701717
0x168b8196d5d9b09ad294e8d231ee720310d89196,4494,645706211
0xa76983d3d8c0aa666050ee2e3b2725ab12e5f71a,4493,645710704
0xff2889840e5ebf9ae3e0615705a73ee13b2a390d,4493,645715197
0xebd8aa50b26bfa63007d61eba777a9dde7e43c64,4491,645719688
0x887c868638052ded86bb07fe53da745692621995,4491,645724179
0x14da7b27b2e0fedefe0a664118b0c9bc68e2e9af,4490,645728669
0xe28ffac44b0c430aa3e62a9bc211f7d825d6c1f9,4490,645733159
0x2e0721e6c951710725997928dcaaa05daafa031b,4490,645737649
0xfcd862985628b254061f7a918035b80340d045d3,4490,645742139
0x382a1667c9062f0621362f49076ef6e4fe4c9ec7,4490,645746629
0x17f23aba380c0865f66296ca08fa5893ac6727c2,4490,645751119
0x77e4af571038e876ca322fa91977ec9cb6671931,4487,645755606
0x32b4a68008701e724914d29e58c2db7e3e30e631,4486,645760092
0x9a1bf361798ef6538ccb8137ea900c4d4b48ca3d,4486,645764578
0x8c3ee4f778e282b59d42d693a97b80b1ed80f4ee,4485,645769063
0x5f2539a5dc504493ba9ae1207803c08634cbb091,4485,645773548
0xc9eef4c46abcb11002c9bb8a47445c96cdbcaffb,4485,645778033
0x7ada91ee136ac2e089445cd82485b006c585397b,4484,645782517
0xf72b0b36723f60402cccad7f4358acf2ad474c17,4484,645787001
0x8c051c65c1fa1f239a1398c233b397891d0c2d24,4482,645791483
0xb93b505ed567982e2b6756177ddd23ab5745f309,4479,645795962
0x6d310afd1800f3ac35c46fa247510d3d21a73417,4479,645800441
0x80ae2badded437e5f5e1b3d5c667828d6c23e30f,4479,645804920
0xf1d113059517dbddd99ab9caffa76fc01f0557cd,4479,645809399
0xe5520730553ba38719c5d180344a8bf939ccb828,4479,645813878
0xa1b9e132f296eddccb939c58a60eeb902676166e,4478,645818356
0x519c8329e6be3a97a332361f01d3dd41a555e0f9,4478,645822834
0x7a5ce6abd131ea6b148a022cb76fc180ae3315a6,4478,645827312
0x6e71c6d41aed31b18dc37c27dc3309bcdb11e893,4476,645831788
0xe4e63f800a366e68e81d2ea40a1722fbf811ad00,4475,645836263
0xde522a2778e4554707e6a8df36a4871ce9967bb5,4475,645840738
0xa7fc5d2453e3f68af0cc1b78bcfee94a1b293650,4474,645845212
0x1c79ab32c66acaa1e9e81952b8aaa581b43e54e7,4474,645849686
0x2ad180cbaffbc97237f572148fc1b283b68d8861,4474,645854160
0x8f7a9b503aa7f9255368bd34d01aea2b502164c2,4474,645858634
0xa3ab4bc3169cdcbb350afd6d7f40cbafcaaae795,4473,645863107
0xa6d954d08877f8ce1224f6bfb83484c7d3abf8e9,4472,645867579
0xf12ec0d3dab64ddefbdc96474bde25af3fe1b327,4472,645872051
0xea8b30b0bf4aefb965a8fdf0ccacafd17ad740ad,4471,645876522
0x8eb38715604b938812dec25a0a1bc05b4becb9ca,4470,645880992
0x0b57dffe052b17e84f0289dabe2551bab9849264,4470,645885462
0x52d41ace9554ac8d9be24355957d2c809a71cb7b,4468,645889930
0xe1bfc67cb240ff7788e77ee81b813505633e340a,4467,645894397
0x6f3a995e904c9be5279e375e79f3c30105efa618,4464,645898861
0x55e851ecb4a8ee090f7b097ba1804db94d90175e,4464,645903325
0x07183a51e10acaa71018854557a31c4a0cb9f61a,4462,645907787
0xe54b868443af0f48e18c722f2261841c7718cd41,4462,645912249
0x7e9af161df2480ea768099ad41cc20a7681a97ea,4462,645916711
0x07a7ed332c595b53a317afcee50733af571475e7,4461,645921172
0xa866f0198208eb07c83081d5136be7f775c2399e,4460,645925632
0xf947b0824c3995787efc899017a36bc9f281265e,4460,645930092
0x29428639d889fa989405ee9baf3ba088e6994edc,4459,645934551
0xd5d2b9e9bcd172d5fc8521afd2c98dd239f5b607,4458,645939009
0x59e9261255644c411afdd00bd89162d09d862e38,4457,645943466
0x0111ac7e9425c891f935c4ce54cf16db7c14b7db,4455,645947921
0xc6e41f023c8dcfec245a7509b19b5711129b30e3,4455,645952376
0xfd6181f6e2b7f7b1ec03165879555b9e385137e5,4455,645956831
0x00763473e9d7c82f38ed843f021e2558d7422ad8,4451,645961282
0x89e9062b160a8d499727baf544bfaf4997dc4ccf,4451,645965733
0x7200d6ba3dae1eb92415dbc9a059433126cfb25f,4450,645970183
0x5982f9decc836248b2c72cf23af1ec2a64173fcc,4450,645974633
0x5f02cf3c7ada49dfc4a3645fc85c8ae86808dd9b,4449,645979082
0x73d3239686efecbfaf67aa321c2d4d55673f8257,4449,645983531
0x0d1fa37b1dfd006e8f6fab6fa0d2351856030ef5,4448,645987979
0xccf4429db6322d5c611ee964527d42e5d685dd6a,4447,645992426
0x7f65be7fad0c22813e51746e7e8f13a20baa9411,4445,645996871
0xcd981d8ad3f6f319fff077ad44146f072a0369e5,4445,646001316
0x29e907fe8ccce25c7cfaf90fa7d60d64dbcea8a7,4444,646005760
0x0a50840ee163d48085df9135079982313e0ee9ff,4444,646010204
0x483c76502f2d491731ab03fa98df6110dfaf8125,4444,646014648
0xe338215ea65eb65606178eacf80cb7860d47b992,4442,646019090
0xeb3107117fead7de89cd14d463d340a2e6917769,4442,646023532
0x3792ee68e736b8214d4edc91b1b3340b525e00bf,4441,646027973
0x45080a6531d671ddff20db42f93792a489685e32,4441,646032414
0xfceaaaeb8d564a9d0e71ef36f027b9d162bc334e,4440,646036854
0xe9ed705842bd7219a963e452c41be85ce5cff884,4440,646041294
0xb69c2c2bf4ce898e676fa048bb96d6355531f11a,4435,646045729
0x284da39fec424ad0e1dc5a004b881de309c24a32,4435,646050164
0x6dd1a58e5422bf0328e42f88c7d18c8d8ce11061,4435,646054599
0x30e3d799a4abacde2b24fb1614fc4c2d9cfe7c95,4434,646059033
0x17b5f98082abb164216ea6a40fddcd54b4b9f8e5,4434,646063467
0xbf4a29269bf3a5c351c2af3a9c9ed81b07129ce4,4433,646067900
0x20d42f2e99a421147acf198d775395cac2e8b03d,4433,646072333
0x39eae99e685906ff1c11a962a743440d0a1a6e09,4433,646076766
0x5e169082fff23cee6766062b96051a78c543127d,4430,646081196
0x9f300b4ac0bf94cad77e7e2d3f850352b8bb264c,4429,646085625
0xe7750c38c9a10d877650c0d99d1717bb28a5c42e,4429,646090054
0xfb6e558b811d26bc74e86515cbc36e6aee9101a7,4427,646094481
0x5adbaa4ade859c150ece8e659d28a365c2b8c202,4426,646098907
0x4bae380b5d762d543d426331b8437926443ae9ec,4425,646103332
0xa4db07460c7473ef3aaf2c26da46b00a4d986d72,4424,646107756
0xa105c740bc012a43a342ab4a0ef40143452c8e89,4424,646112180
0xf207ccfe6d1b90b0b7817ce2d5d262af1514e37b,4423,646116603
0x9bf9bec123964291a793585bcfbec6ca7a85d304,4422,646121025
0x57652fc91f522f9eff0b38cdf1d51f5fb5764215,4421,646125446
0x13bda57acf93b633e3ab3e9e1c205542dd3c1da6,4420,646129866
0x41c028a4c1f461ebfc3af91619b240004ebad216,4420,646134286
0x75efc26d20b978b06d6269cc5311d54f8b1d053a,4420,646138706
0x878f15ffc8b894a1ba7647c7176e4c01f74e140b,4418,646143124
0x76001aab10f8a77e4f719deceddf980b4c687ae7,4416,646147540
0x7cfb70d69f176be9631480dda87531b715d9ec09,4415,646151955
0x1b7e5a4e787411d8372eb8dcbec8fb3a8b23876f,4414,646156369
0x9246f9fcf0cbad0d9c7986fda7aeb9db38dfeadf,4413,646160782
0xf44d529a056dd8b490ed960d682697b38243374a,4413,646165195
0x46ea1fc2a4bebbe9c66639f91dbec19ed02d3a4e,4412,646169607
0x472d9000f6c7f1a1bf2ae2d6fe316d7d7fd0843c,4411,646174018
0x40349a89114bb34d4e82e5bf9ae6b2ac3c78b00a,4410,646178428
0x92736b3bff1bbd72a72478d78f18a6ab9b68b791,4410,646182838
0xbb31037f997553bec50510a635d231a35f8ec640,4409,646187247
0xfc7987d22f40143ca2de68ee191d751d666323d4,4408,646191655
0xc526560cf6ab1755a457248cb9e8669ec7f4b78c,4407,646196062
0xceaad6598e9ed0bde599b38d2721b8045dda0327,4407,646200469
0x6f84509c486c8eb613d82479b1e4052c5064e1a4,4406,646204875
0x6dadb3a308f92f80425435523070d3d16b9b07b6,4406,646209281
0x06247355b5ad1ffa09a9fa4a684744524cd8a8d9,4406,646213687
0x827afffbc26ef6ec93925bd5b7d84941ae48d1cc,4406,646218093
0x7e99e6ceadc740dac502237107b43895517af190,4402,646222495
0x1340c66aeea285b22f397bf51ab6af2f7a1f0f0d,4402,646226897
0x2eb927b12f829a1fb56d7bb31bbf3baa947f6d33,4402,646231299
0x77a77eca75445841875ebb67a33d0a97dc34d924,4401,646235700
0x0f155f84f44e5fd47b53f74f31256a2d8f955591,4400,646240100
0x6cdc900324c935a2807ecc308f8ead1fcd62fe35,4399,646244499
0x14f37b574242d366558db61f3335289a5035c506,4398,646248897
0xa09d1afae21bda81c06fd6de9bbd7c7ed7b6dfb1,4397,646253294
0xf6117cc92d7247f605f11d4c942f0feda3399cb5,4394,646257688
0x37996081dcef34fa6e924e713d0087954bbf2244,4393,646262081
0x43a48f6c6c635b586b639d68dc3a04230ee26d3b,4392,646266473
0x17ac188e09a7890a1844e5e65471fe8b0ccfadf3,4391,646270864
0x46d781c076596e1836f62461f150f387ad140c0e,4391,646275255
0x6653c0d21507573cc39ead1e609d74d5e0ca16e2,4391,646279646
0x9556f8ee795d991ff371f547162d5efb2769425f,4391,646284037
0x6a11f3e5a01d129e566d783a7b6e8862bfd66cca,4390,646288427
0xeb31a3e0d93cb2c89edd68d57710361d76ce5bf1,4390,646292817
0x5d932d8348ec2bd4df7e25095760f95624640538,4389,646297206
0x1db9baef62d4ad8a74e9051b1a4b49419fa01573,4389,646301595
0x41b8163f296581d5414ca2b85c92c145ec175b4b,4388,646305983
0xa03408613e225768eabccb36520d2a204fdb0b67,4388,646310371
0x517b091fdb87a42c879bbb849444e76a324d53c8,4387,646314758
0x93c1c5ea85ac7f615225a42cd031db6cc41aee0f,4387,646319145
0x070c9244a54353a0f9c43670b21856df2cc4e439,4387,646323532
0x9e5a64943f9f48463f07cc0578bbf9e2e67f0f61,4386,646327918
0x6e3bc8f50d04f7262f5c99f1cbabe502eb5e37f5,4386,646332304
0x7f927f984177323c4ac49e6b1d398e40cd1a78f6,4386,646336690
0x6dd4e4aad29a40edd6a409b9c1625186c9855b4d,4383,646341073
0x65c74fc2dd37788c8ecbafbc8518f5d794152ce4,4383,646345456
0x02b02759c94496a6103c7112606d1b70c055cc58,4382,646349838
0x1571ed0bed4d987fe2b498ddbae7dfa19519f651,4382,646354220
0x3a8adf97cfc5cd0864060f2642f4b40a91bd5e02,4382,646358602
0xcd9331e8b7cef5bc88f055356e750b3cd27ca60a,4379,646362981
0x0c07490f356a6565480e5aea424257c957895957,4379,646367360
0xed1740188c7357f887cb20fd1a5dd4a12a099a8c,4379,646371739
0xcc7475222a27b0717ce328b34790baa4f856595a,4377,646376116
0x87effef56c7ff13e2463b5d4dce81be2340faf8b,4377,646380493
0x7e3b29afcaff75fa1dbe16cf5c4c1086fe57f4e9,4377,646384870
0xfdc993e96973065f82f9dd5178d4e31d85da37cb,4377,646389247
0x1676fc274b65966ed0c6438a26d34c6c92a5981c,4376,646393623
0x4ca0654f4fc1025cf1a17b7459c20ac0479522ad,4376,646397999
0xf0a357a70c7ce4841440f70ecbece3352c697f36,4376,646402375
0xd0911e46842ebd58ef635e000c429967e1d300c9,4376,646406751
0x3ad2f955bb5dfbf3cd22e764cce8445f4243826a,4373,646411124
0x179fc2063e3bc3f61fb931016604b2d3e91d9780,4373,646415497
0xde9d02cbea0fdcf429d1056ecd605597dde63d0c,4372,646419869
0x087f35bd241e41fc28e43f0e8c58d283dd55bd65,4372,646424241
0x386dd8f88994f848763060672580ea61676cd601,4372,646428613
0x14b759a158879b133710f4059d32565b4a66140c,4371,646432984
0xc5cfada84e902ad92dd40194f0883ad49639b023,4371,646437355
0x1b57b5b69e69493e07d441bf27844ab81e0c69ed,4370,646441725
0xf957ef18df7bd86582fb43cc2a196a295b097e7e,4369,646446094
0x13bdd7dcc28b585f193241b31995af22f1b0256e,4368,646450462
0x79a8c46dea5ada233abaffd40f3a0a2b1e5a4f27,4366,646454828
0x88e1315687aec48a72786c6b3b3f075208b62713,4365,646459193
0x8c1f2ffc96020d9539b0489a4cb221b952ad2f0f,4365,646463558
0x58933d34b80ef1a1a0a22121d650410f9a9cd24f,4365,646467923
0x78cb641ed233beea4827b8b148e4bf0b17289eca,4364,646472287
0x212dd60d4bf0da8372fe8116474602d429e5735f,4363,646476650
0xf1f64f6b8e17dd68c1db10b0eed3d2541a6c09ab,4362,646481012
0x64fa5d4fafa693d4b9f4e16fbdd1ac0e30b048b2,4362,646485374
0x1a5d4d4a08123a6d6e194033e9e553867f3f1b0d,4360,646489734
0x4a5cb62e27120a5a2b113198a69a2b12069ad146,4360,646494094
0x56b9d34f9f4e4a1a82d847128c1b2264b34d2fae,4360,646498454
0x91d369013913d4dfa3d36d8612f7041fe81a8d97,4359,646502813
0x1da87b114f35e1dc91f72bf57fc07a768ad40bb0,4359,646507172
0x9ca85572e6a3ebf24dedd195623f188735a5179f,4359,646511531
0xb987d48ed8f2c468d52d6405624eadba5e76d723,4358,646515889
0x98ee18d7a1f7510b78b36f5a16471c7cd0c1c531,4357,646520246
0x7fa4f8d1b089d79b65bc35805726a380e0ef4c1b,4357,646524603
0x047686fb287e7263a23873dea66b4501015a2226,4356,646528959
0x223012b984d63740b33c913c9748290f46443175,4354,646533313
0xb11773ea2c7b9586d9efa1438ce95aba22595a7e,4354,646537667
0x657b83a0336561c8f64389a6f5ade675c04b0c3b,4353,646542020
0xf58e84299d87f8b68d65b14c0e9ed0feb8564252,4352,646546372
0xd85a6ae55a7f33b0ee113c234d2ee308edeaf7fd,4352,646550724
0xf67cce7255ddf829440800a1defb6edfaaf422c0,4351,646555075
0x947b54f0fe3a104cd23c46f34b46426c11af75fd,4350,646559425
0xa31108e5bab5494560db34c95492658af239357c,4350,646563775
0xd25f2624fc00966fdab3141a5d4205bf5df9aed3,4348,646568123
0xe530f3acbc9f57da288fd36a0d55bc152497f479,4348,646572471
0x20f4eb38c210490839cdd7bc60636171abb7bf94,4348,646576819
0x1bc0bd5f8bec6cedaaf817d64ec0a84acbbb09aa,4348,646581167
0xea4aa079c2e461e57b568087f3d0295a8c1798b8,4347,646585514
0xc0584e6929629d233b0a2a4f3c7577e2b7ed0bda,4344,646589858
0xf98e4f9b10e88cd4e4d6e8ea27a1a509f8972ecb,4344,646594202
0xb45cdea39c4b0dfa85ab9855f8eb515bcf28474d,4343,646598545
0x7825adf319ed717f8402b439c41c7f7e4f061d14,4343,646602888
0xa76ea481aebdd5703e476cfcb2315d4e014232c1,4342,646607230
0x888888dc856cf0264d3ff3ee4adbd848b0c4cb36,4342,646611572
0x21aab1a336cc6697757708f958e27f180f6240a1,4342,646615914
0x4ba012f6e411a1be55b98e9e62c3a4ceb16ec88b,4341,646620255
0xd2bb16cf38ca086cab5128d5c25de9477ebd596b,4341,646624596
0xea7c55976844396f3bd4c89f66988b8b5be5e96a,4340,646628936
0x7a0e91c4204355e0a6bbf746dc0b7e32dfefdecf,4339,646633275
0x2b3eae728c997b804f72d1efbf09274d63ca52e2,4339,646637614
0x8052327f1baf94a9dc8b26b9100f211ee3774f54,4339,646641953
0x112157162bc4b655bbaf3a0b61423d205a3a5e58,4339,646646292
0xf0b7b6767fdb1e8e0731d5bc2b43b70442482865,4339,646650631
0x01cc4151fe5f00efb8df2f90ff833725d3a482a3,4337,646654968
0xb3b241c8eeb16d7d7514c3f82b5ab30f8d87f339,4336,646659304
0x26c5485b33fc93003d5cbac32d08950e88d3c455,4336,646663640
0xa8918ab23c42260f9e2e7b928a121443671410ce,4336,646667976
0xcc118f73dfde20a7724df87f82fc716f871a8feb,4336,646672312
0x622f4130112b6e159789d196b20f9ab65a962e36,4336,646676648
0x6f371ca338bbddd0baf719e1d5d0797cce20774f,4336,646680984
0xb8366948b4a3f07bcbf14eb1739daa42a26b07c4,4336,646685320
0xa96e47fcde90e097cd188c7762d26e64d3e04eae,4335,646689655
0x135742e6c5d70fc960090eddbd9f3c6d0d494e99,4335,646693990
0x95e40e065afb3059dcabe4aaf404c1f92756603a,4327,646698317
0xd120546fd587fbb3d82e7e0ad5b467be276c8b27,4327,646702644
0x83cd320c2ed825201526bd34906dab88a4656b08,4326,646706970
0x7cd4917292337627a90dc5fa3e618d6eb8f1b8ce,4323,646711293
0x22d8432cc7aa4f8712a655fc4cdfb1baec29fca9,4322,646715615
0xe3d631a5fc2aa15d8f051e5ecc8b7979312c4aef,4320,646719935
0xfb444c1f2b718ddfc385cb8fd9f2d1d776b24668,4319,646724254
0x90b417ab462440cf59767bcf72d0d91ca42f21ed,4318,646728572
0x2505d25c411b46d4ac663c4e42a44c9652e6c153,4317,646732889
0x32c927d1d1df373c3fae1dc32338570e85f1d4e5,4316,646737205
0xc8c4f53e70b9e20ac4f12292234e47deaab6eaa1,4316,646741521
0xfa7fa2a299c220b107e27756abf8202f2d55a9c0,4315,646745836
0x98b2d718d96f956d1cdeda013cfd67a797928b13,4315,646750151
0x21d5678a62dfe63a47062469ebb2fac2817d8832,4314,646754465
0xfe87913053e7361ef5f7d8816d90ed5523f0258f,4314,646758779
0x8b70c94f3471ca83dddb048f20ed64470e4c107e,4311,646763090
0x06af07097c9eeb7fd685c692751d5c66db49c215,4311,646767401
0xcba3eae7f55d0f423af43cc85e67ab0fbf87b61c,4310,646771711
0x4b128ec3959584a67200ebaf9f8f18e6d0e5da15,4309,646776020
0x47f32f9ebfc49a1434eb6190d5d8a80a2dc36af5,4309,646780329
0x43044f861ec040db59a7e324c40507addb673142,4309,646784638
0xc4740f71323129669424d1ae06c42aee99da30e2,4309,646788947
0x24b47299e756af0571f512232a3629e0dabb52ed,4308,646793255
0x8ebdcf3d843e3a96137e84117c7989c883ce6127,4308,646797563
0x6db096fb7e65975a449033e39608469b292d55ac,4306,646801869
0x69c0047531fd1cc24daa9eccd221cb66b53c63f8,4305,646806174
0xecfa53a8bda4f0c4dd39c55cc8def3757acfdd07,4305,646810479
0x3a2c9baab2c8758c4400709f2240052948a4f4d7,4304,646814783
0x5e4abe6419650ca839ce5bb7db422b881a6064bb,4303,646819086
0xd36132e0c1141b26e62733e018f12eb38a7b7678,4302,646823388
0xd20a306c865a8e2f088095bbfc9539142d06de80,4302,646827690
0xf4ce6d5e9cdcd6c91e303b87e27688f01b9bb7bf,4301,646831991
0x85f9569b69083c3e6aeffd301bb2c65606b5d575,4301,646836292
0x3133f9808fea726b17d0fdeeaff24a9eee53d424,4300,646840592
0x7e23590d026494826a8bf0ca3370393e2efa23b6,4299,646844891
0x5cce8ec8c7c9dba4e860daa64f170ae17c31f5bc,4297,646849188
0x0f22d8d872bb7c3f377f21a64ff2fe16053ed34d,4297,646853485
0x3cd86408cebd225c85125824e42f8ed8cdc02559,4293,646857778
0xbdd00dd5f787909fe7c0cbda06166d684b57097d,4292,646862070
0x20b1a8a9ca1c7302b7f774266c491c7b11622779,4292,646866362
0xd9d01d4cb824219a8f482a0fad479cb971fd0628,4292,646870654
0x57bc15df4f06d43476a0e9acbd9f81503e1fb9e2,4291,646874945
0x7e21c13cac00528f5217f8c0c06706a91afe4a48,4290,646879235
0x7582562aeeb50d6e48fa5415d47d5ccd9bd221c4,4290,646883525
0x0ce6a5ff5217e38315f87032cf90686c96627caa,4290,646887815
0x7cb89c509001d25da9938999abfea6740212e5f0,4289,646892104
0xef2f1b5126cf87fa5942f46d776a539f1894baaa,4289,646896393
0xab2282e27533749d7883e24f82dc8dfa2b3e3c85,4285,646900678
0x77517ea8d78227dd1164c19e5969db18e07450bd,4285,646904963
0x803a145c977c2f2ac26cdbd165a2d873485fdbd0,4284,646909247
0x2aea6f781077f760d6b18906191aa6c2bed10699,4284,646913531
0xb178ea2c9023bb2dd500a607505d2aa121f92a35,4282,646917813
0xa202d5b0892f2981ba86c981884ceba49b8ae096,4282,646922095
0xa984a92731c088f1ea4d53b71a2565a399f7d8d5,4281,646926376
0x7268f9c2bc9c9e65b4a16888cb5672531ce8e945,4280,646930656
0x27f2ef9cda15e70283a3b31e44f4592dc2eae660,4279,646934935
0xf88506b0f1d30056b9e5580668d5875b9cd30f23,4279,646939214
0x44449fa4d607f807d1ed4a69ad942971728391c8,4279,646943493
0xc3dd23a0a854b4f9ae80670f528094e9eb607ccb,4279,646947772
0x8b24741b56cb661b01e64a60dacf46efb0c07ccd,4278,646952050
0x420335d3deef2d5b87524ff9d0fb441f71ea621f,4278,646956328
0x784e9667d5a58f6a88af8a4a4b95799819635a74,4276,646960604
0x83bf7e0ba6732196e5c339fc71c44b3a77d58ac3,4275,646964879
0xe8f030d3a6e82c84c73460b46a28016f3d744954,4275,646969154
0x1cbce84d4dccbc4a002234ca10556e4488cd729e,4275,646973429
0xb734c74ff4087493373a27834074f80acbd32827,4275,646977704
0xdc029d33ce7c2a6e6b35bce3a2c0116c1f8792c9,4273,646981977
0x7303dd1f1e2e494b0d7f6df3c6acc113380978c0,4273,646986250
0x7a5e4424bf67acc5ec6751f79aebd7ec9b896cd3,4272,646990522
0x20c3811a83fad33dc7a0c8ee2d1e773ddf3b7d44,4272,646994794
0xbbb85928a6a5acbde41b0b0c5f3b73bb009de3b4,4272,646999066
0x6f1c6e7551c46567073947452c30d2ed147c9a94,4272,647003338
0x1bcbc54166f6ba149934870b60506199b6c9db6d,4269,647007607
0x3918c42f14f2eb1168365f911f63e540e5a306b5,4269,647011876
0x309013d55fb0e8c17363bcc79f25d92f711a5802,4269,647016145
0xd67bf787d40ef92a346df9420deacf6f265a069a,4267,647020412
0x9248c485b0b80f76da451f167a8db30f33c70907,4266,647024678
0x949bed886c739f1a3273629b3320db0c5024c719,4265,647028943
0x7afdac8440d0e18470ea15d0b9a4c88e73b00d4e,4265,647033208
0xb4db55a20e0624edd82a0cf356e3488b4669bd27,4264,647037472
0x188f5aaac18b9f533fe20e8e7cb7dfbf1906421a,4264,647041736
0x9196e18bc349b1f64bc08784eae259525329a1ad,4262,647045998
0x8d5ca96e9984662625e6cbf490da40c9d7270865,4262,647050260
0x140c629fb22c63cdf7c344e70d67b52124d0d441,4261,647054521
0x65140d4358bf4eabdaf7175dfc0eaae0d005c075,4261,647058782
0x44f850d75023e8d3da9981b70e84e092c4b1067c,4261,647063043
0x6f02055e3541dd74a1abd8692116c22ffafadc5d,4261,647067304
0x4c1cdef065c27dd08037d693c512bb7ed4c38f17,4260,647071564
0x9e49a59334c0a510e330d7095255f9b76d22daab,4259,647075823
0xb671f2210b1f6621a2607ea63e6b2dc3e2464d1f,4258,647080081
0xd433138d12beb9929ff6fd583dc83663eea6aaa5,4257,647084338
0x07afd8a90b2ed6d5180ec57cabe80adfd344d739,4257,647088595
0x2e762493fce2c68435f5af4f4f6bc541c8a6ce99,4257,647092852
0x1b089c2169e16d6635dd7a61a37a114f7ae3b44d,4256,647097108
0xcdf4e64536ad9359cb7588c931848a7c8661af57,4255,647101363
0x4893a1938df49f4178c37e4e965cc8a1b3882173,4253,647105616
0x502b34aac84a8ca5cda044fc7a17260fcda12ac2,4253,647109869
0x2120887e9e4889653770b228ee8d13231d0ef045,4253,647114122
0x485715b5e3114e254069ca9e72701cc9239fa4cc,4252,647118374
0x033030feebd93e3178487c35a9c8ca80874353c9,4252,647122626
0x8dd9034f7ccc805bdc4d593a01f6a2e2eb94a67a,4252,647126878
0x368b281b67e05742646465cc2a2c4f42fee81e06,4251,647131129
0x3b53ac518414c5104b4695675d8a32c200d56073,4251,647135380
0x219101d69455c620700bf02f157f29ef7a8f7988,4250,647139630
0x7ef1081ecc8b5b5b130656a41d4ce4f89dbbcc8c,4250,647143880
0x73735112a096deaeaddc5795c8539f01eb362b44,4250,647148130
0x588ca95d76c6a7ab121746bd209f2994b7ba5f10,4249,647152379
0xe541504417670fb76b612b41b4392d967a1956c7,4248,647156627
0xdb455c71c1bc2de4e80ca451184041ef32054001,4247,647160874
0x1e9dc5d843731d333544e63b2b2082d21ef78ed3,4245,647165119
0xe04470042fcdf7628f84e6298b39ecd2c973e7e7,4245,647169364
0x5f64ab1544d28732f0a24f4713c2c8ec0da089f0,4244,647173608
0x271afae76656886e630cb8e5d7aacf091c070a0b,4243,647177851
0x2d80f5f5328fdcb6eceb7cacf5dd8aedaec94e20,4241,647182092
0xa681aa05399c323442a6622a61717312a879ec25,4240,647186332
0x57c75eccc8557136d32619a191fbcdc88560d711,4240,647190572
0x1e6d9c0dac7c0d0006139c401525efc1e97d55c1,4239,647194811
0xc888a0ab4831a29e6ca432babf52e353d23db3c2,4239,647199050
0x58298261a305f4ea6c7dfdbdc5b061a333553dc2,4237,647203287
0x3c761a21acbd4b61ed012cf87a82064d010d06b0,4237,647207524
0x9224016462b204c57eb70e1d69652f60bcaf53a8,4236,647211760
0x3f1389e7a92bdbabfece105aaf815972c276c0da,4232,647215992
0x25f17d6cb23cc85bfa6c5e9b8f1d5226f5927cbc,4232,647220224
0x910e014bba427e9fcb48b4d314dc81f840d7b6e3,4232,647224456
0xb3dbaf5c01badda155a93c7166819117c113875f,4231,647228687
0x4cdcef47af71b7225f703ed566dc68af4480ceba,4230,647232917
0xf0cf016ce7504ffa257262cc686f4f7647a65563,4230,647237147
0xc04b5a4556d00bca8eac5f5acca31981a6597409,4229,647241376
0xf08963d59bd5d8cc60a919d6d78321d570eebec0,4227,647245603
0xa89ac6e529acf391cfbbd377f3ac9d93eae9664e,4226,647249829
0x12fcd6463e66974cf7bbc24ffc4d40d6be458283,4225,647254054
0x451032c55f813338b6e73c1c4b24217614165454,4225,647258279
0xf7d25f238b5cb9cc557a78efa29482260253592b,4225,647262504
0x49519631b404e06ca79c9c7b0dc91648d86f08db,4225,647266729
0x19bfac6999e53aa1c3f4a14139f508847c03f5d0,4224,647270953
0xe897e5953ef250bd49875fe7a48254def92730b9,4224,647275177
0x10b25bb1f6afb60d270799a208f0c97f4a75cdc4,4223,647279400
0xff744f2315c9d61d825b581c973576055c3da07e,4223,647283623
0x8b161a60e6ba2def04238ff641bb04eb8a2baa1b,4223,647287846
0x552ed8253f341fb770e8badff5a0e0ee2fd57b43,4221,647292067
0x4297a285db467eb779fcc45f69a169bd8dccd0e9,4221,647296288
0x7f77637d8ccc885652d1c7445c1313057ca92b83,4220,647300508
0x3d49be967b884b91078a7946a772be1c804e806c,4220,647304728
0x89cbeac5e8a13f0ebb4c74fadfc69be81a501106,4220,647308948
0x6374ea91693f1eccb4f7705a1cbad994c0b8f874,4220,647313168
0xf7908ab1f1e352f83c5ebc75051c0565aeaea5fb,4219,647317387
0x725440512cb7b78bf56b334e50e31707418231cb,4218,647321605
0x40c836982788dca47d11024b1fa3e01fd4661766,4217,647325822
0xfc41a15650f2a3b052d7a3b8f758665ed37d56ba,4216,647330038
0xc03841b5135600312707d39eb2af0d2ad5d51a91,4216,647334254
0x97b600eb91b6902ac83be2e6387a31bb5bbc6268,4215,647338469
0x2c380cafadf51b656fc854b4252decfedb525131,4215,647342684
0x0f9cb53ebe405d49a0bbdbd291a65ff571bc83e1,4214,647346898
0xcd7989894bc033581532d2cd88da5db0a4b12859,4214,647351112
0x4b646e25f79da66979655070a8ce4696021fe0ef,4213,647355325
0x76020128e8e6b3e0ff9e1a33a3637633fa964422,4212,647359537
0xccf7722a1eef2be04130a3432d01667d02e3bf9a,4212,647363749
0x3ff162ed76deb40e4b139ef25a7c3ab7716c0287,4212,647367961
0x17cd3f9f6a27278e32bd7a790980f6256772c7f9,4211,647372172
0x702392282255f8c0993dbbbb148d80d2ef6795b1,4210,647376382
0x21d8b3a646b32b70b7b361f85ebd5fa27170c694,4210,647380592
0x5a9bf6badcd24fe0d58e1087290c2fe2c728736a,4209,647384801
0x67e81cdd1496b84cfd8c7dfc4685b942691b0a4e,4208,647389009
0x5bc792754fc71e2f7892e72922690f57c9724132,4208,647393217
0xe228c216ead0d2951a109fee2a570fc268f98a3c,4208,647397425
0x75aa7b0d02532f3833b66c7f0ad35376d373ddf8,4207,647401632
0xeb7355c2f217b3485a591332fe13c8c5a76a581d,4206,647405838
0xd4690a51044db77d91d7aa8f7a3a5ad5da331af0,4206,647410044
0x048d40d5b7a353da834e2830065f35c1bc8204ed,4204,647414248
0x002f06abe6995fd0ea4be011c53bfc989fa53ce0,4203,647418451
0x126a3437f3b76155e5e574abdc048b54f2f4adaa,4202,647422653
0x7390917c51fa26afb227cd41b1d7123e8489d1dc,4202,647426855
0x4aea7cf559f67cedcad07e12ae6bc00f07e8cf65,4202,647431057
0xbc1869a652f68260428b382fd06c96196d92d02d,4201,647435258
0x43de1145cd22f0a9cc99e51c205e6e81161df6b9,4201,647439459
0x06bead2ead661b51307b646f7419d5284330c135,4200,647443659
0x517c777866179640ad10fdb9c305f6bfe64d9cf1,4199,647447858
0x217a7d0ac6573b0f013e12f92b6d5b250fa15d97,4198,647452056
0x6962f6a69aad7ff7a9a238e45bc0673180f6702b,4198,647456254
0xb3cfd30bebd2b5e77c33e9eefbb0113dcd8e4f4c,4197,647460451
0x8df333fe2116929df10025c0c0facc1be7a44cbc,4197,647464648
0x6650df01994ca88da123dab6933e93b7c47044df,4195,647468843
0x9c78ee466d6cb57a4d01fd887d2b5dfb2d46288f,4195,647473038
0x35101c731b1548b5e48bb23f99edbc2f5c341935,4195,647477233
0xdae6f68da3bab6866742a7f4050366f6ac48760d,4194,647481427
0xdca7ef03e98e0dc2b855be647c39abe984fcf21b,4192,647485619
0xef13fbcfb1cba4b63691a07aeec8ef1e260ad5a3,4192,647489811
0x5d5769237c6abb34de80a4a26f953612e2efc4d7,4191,647494002
0xf0c8287fc27367d2812f6ba890a90b72b6c971d4,4190,647498192
0xf88ba037b06edf701649e77ea1d4058d1746eb66,4190,647502382
0x8d401e019de0e3bede4121c4cd8c269e2641e343,4189,647506571
0xf5d49387ecfa36bd2bf047d9e72344a2b3afbb72,4189,647510760
0x5b82d3380de2b16114b67d7c0a403c857e0bdb7a,4187,647514947
0xe8e45431b93215566ba923a7e611b7342ea954df,4186,647519133
0xd90e69f67203ebe02c917b5128629e77b4cd92dc,4184,647523317
0x027e80b30b727506cdcb9db5fab2b6d996908317,4184,647527501
0xb85070695a7599e3f6a8d46e8bd716d1923769b8,4184,647531685
0xd938137e6d96c72e4a6085412ada2dad78ff89c4,4184,647535869
0x6f6698559200777cc28b567f9fb73b77cfa2509d,4184,647540053
0x3b7a15eab1088462b456bd5c58ab5d5e659fab41,4183,647544236
0xe42516bb7743cd74d4186d64c914185ee594b5b6,4183,647548419
0x8febf7551eea6ce499f96537ae0e2075c5a7301a,4183,647552602
0xae49f34331f31e1c1ada91213b47b4065a04516b,4182,647556784
0xbed4cceb33c0b28a0b0a84339cf9085904515dc3,4180,647560964
0x184cc8750f865c700f6680786a74e205b3b33d6c,4180,647565144
0x0b141d8d4c0eca92d75d509c25516d518fe7d338,4178,647569322
0x8984f1cff1d614a7404b0cfe97c6fa9110b93bd2,4178,647573500
0x96bdf5d17a5f7af870bd5524ddb7857df4c505d8,4178,647577678
0xfa2c5967628fd39d8f58280415e326ebf1fb4e29,4177,647581855
0xa1d2c7e6de2fa512f1fdf486ca17ab79b4dc5d01,4177,647586032
0xfbe7f429dfa08edc28cb0085c49901d6ffdfaa33,4176,647590208
0xd9999a18062fe4c1be5414495712a38d21b595fc,4176,647594384
0x04a020325024f130988782bd5276e53595e8d16e,4176,647598560
0x19587c9dd0160ce4696de36cf77a0081b5dca228,4174,647602734
0x97ca7fe0b0288f5eb85f386fed876618fb9b8ab8,4172,647606906
0xaf9ce02409c5e1549a1637446035dab83ab8ae70,4172,647611078
0xbfd815347d024f449886c171f78fa5b8e6790811,4171,647615249
0x0d70b55b02d7fcd8be13fd07d3e7f8aa5c73bf70,4171,647619420
0x62b8dbb6211d0ec75556d7d47972a767cc71f23c,4171,647623591
0x0ef27c7606a021457f161859d4952396aff9a92b,4169,647627760
0xdb25ff2868cbc48856e44a2ae8e2f2b62f1f3b84,4168,647631928
0x90c93e7fe79fd0c9d1a437ac715ff8752e3eac88,4168,647636096
0xa83bb332564e226779963bf0cd7c8ed4aae40e95,4167,647640263
0x896a07e3788983ec52eaf0f9c6f6e031464ee2cc,4167,647644430
0x7f27b0598949dbf9e539bbd217f15bf3f5e97999,4167,647648597
0xdd41fbd1ae95c5d9b198174a28e04be6b3d1aa27,4167,647652764
0xc0a47dfe034b400b47bdad5fecda2621de6c4d95,4166,647656930
0x52f761908cc27b4d77ad7a329463cf08baf62153,4164,647661094
0xca84274bc592f234c90aa9731a321f78fc1693cd,4164,647665258
0x1d556d7fb1af721da8b9c30d44f6d4a52f8e0ba2,4164,647669422
0x785455f729cf24b6716bcbcca313d1981e798e90,4163,647673585
0xb5b654efba23596ed49fade44f7e67e23d6712e7,4162,647677747
0xc5bddf9843308380375a611c18b50fb9341f502a,4161,647681908
0x7cf6ae83147a7231ad1c4accb1e3eda2321280b5,4160,647686068
0xf973dfe8010cfd44070b1990841da192c7b3ced9,4160,647690228
0x320d6430978079cd82c3e24a5ba7167caaf41abf,4160,647694388
0x64448b78561690b70e17cbe8029a3e5c1bb7136e,4158,647698546
0x2998d346c66259e3e73dd7410899948371a28e94,4156,647702702
0x758d861824d0e1d955b33dca3fd8f25d96c41464,4155,647706857
0x0194b5fe9ab7e0c43a08acbb771516fc057402e7,4155,647711012
0x0fb3cc03036d2221d91b22eb0b94575f05cd7958,4155,647715167
0x3aca398197478e1f911e4edd8ff7b4d608b98a3a,4154,647719321
0x2f50d538606fa9edd2b11e2446beb18c9d5846bb,4154,647723475
0x788ca5935759c06ea223d0e2cf5ea5729d669c18,4154,647727629
0xc24df5903c9772be575265ce98362d9cac39af87,4153,647731782
0xb525ecee288b99216cd481c56b6efbdbe9bf90b5,4152,647735934
0x489991784d8786fb3be34841a6da09d843b846b5,4152,647740086
0xdf8ed54d46cd128bd36ec66d1177f8fee4e0229a,4152,647744238
0x4a7109c3978bb76e3c2e275ac8a5a8127f1392e9,4151,647748389
0x52ceefc5f5c64a6d3dc6e4fde5f2d7810bccde49,4151,647752540
0xb3dc3c839a02134f9932cbd60f3566c231cc90cc,4151,647756691
0xe38168d5d51b2373fa0ef76bcbe85f8bcf63a1bc,4150,647760841
0x936dd3112a9d39af39adda798503d9e7e7975fb7,4149,647764990
0x50fda034c0ce7a8f7efdaebda7aa7ca21cc1267e,4148,647769138
0x3527e38375c510f99832abd8ae029184a4b31474,4148,647773286
0x530608409991c36ba922b69623bec57e22b8d331,4148,647777434
0xfa57cea2f244c607e2ba7ba258af7cb3d0ebd64f,4147,647781581
0xb05e080126ed7778c1b22d8edf7031ea45618081,4147,647785728
0xfc161d6ce685949e47379fb54e461ddff9905454,4146,647789874
0xd35a2d8c651f3eba4f0a044db961b5b0ccf68a2d,4146,647794020
0xb89cf3528a3a62c2f58bdbcfd7c15312a33ce91d,4146,647798166
0xd037a81b22e7f814bc6f87d50e5bd67d8c329fa2,4146,647802312
0x6d626ff97f0e89f6f983de425dc5b24a18de26ea,4146,647806458
0x84fe25f3921f3426395c883707950d0c00367576,4145,647810603
0x620bd252316aa71fc3f898e1d959fe5dd8d66110,4145,647814748
0x2e0c40beb655a988e087ad71ca191a2806ac55ef,4143,647818891
0x43c0a04a58290d7e2da48ab2e08c46f38f23a87c,4143,647823034
0x73827aad53e6c8dddf13dc960da1607d958a1727,4142,647827176
0x7fe2789bc53e05a5a14098eb022aa297111d386a,4140,647831316
0x515d7e9d75e2b76db60f8a051cd890eba23286bc,4139,647835455
0x8e7fc617e87b39bd5fe1767a95afa53d2c79f147,4138,647839593
0x8c80ed9acd83f13d81b04198acdbfed3769d50cf,4137,647843730
0xb4c757a71d084df8f9f393cc47639701f595fd87,4137,647847867
0xdc3a9db694bcdd55ebae4a89b22ac6d12b3f0c24,4137,647852004
0x6a55ee01090e872257cceaf5b7fdcc1ccc7a621f,4136,647856140
0x980b0c8298932bd851cf84d32fbc8802203c1f3f,4135,647860275
0x8e7cc4224e80c2d79fd964c1e6a8f7e05cd1b16f,4135,647864410
0xaa1d2805a0fa2db185a99eda43637d3169b240f7,4132,647868542
0x58e22b6f18916e3075a0d714efc81584b6fdabf3,4132,647872674
0x2012a863e548da3931ef05f445a38afe0f74e4ae,4131,647876805
0xe0b9a2c3e9f40cf74b2c7f591b2b0cca055c3112,4130,647880935
0xe8dbeeb48ba67bae3d4761b10dbcc0960750c2b5,4128,647885063
0x6dece8681928fb7feccf4c36c1f66852bf53285f,4128,647889191
0x6f548e98ed362e527463e763aca7ba214a9bfb03,4127,647893318
0xd3f5a5f5c91b74d0af066f69accb11d3d2ec3bb3,4127,647897445
0xba1aadcfebff49b0338f63a6a5e0e361e3ed1b6a,4124,647901569
0x61404d2d3f2100b124d6827d3f2ddf6233cd71c0,4124,647905693
0x7398ed2e41db4b809fa3f753bf44aa6e9f14e735,4124,647909817
0x4574562e9310a94f9ca962bd23168d8a06875b1a,4123,647913940
0x3af7e2fd34a3dbd01c9a3c2e2e4c081cd655d754,4121,647918061
0xdeaddb9958627b660b0feefcae6b60349e10a4f5,4121,647922182
0x4922a015c4407f87432b179bb209e125432e4a2a,4120,647926302
0xc959b17cb940d739e641e78f0f9a961550cc6ed0,4120,647930422
0x2ab9f67a27f606272189b307052694d3a2b158ba,4120,647934542
0x6a81ae504e95b99d8f9126ad6295224f07d0ca18,4120,647938662
0x6e605c269e0c92e70beeb85486f1fc550f9380bd,4116,647942778
0x903b76f361298169535b2b0ef065c4adb0623aaa,4111,647946889
0xc19e3035a4f6f69b981c7dc2f533e862aa3af496,4111,647951000
0x53f0c9f1b6e283a59bcd672e80e2222b97e534cb,4111,647955111
0x7889645db7bb60c927a4b16c3993c832c56b2193,4110,647959221
0x614a51d75b41c929bd45c851f8701fb5c4f18f6a,4109,647963330
0xd4342a57ecf2fe7ffa37c33cb8f63b1500e575e6,4108,647967438
0x4dcf60f0cb42c22df36994ccbebd0b281c57003a,4107,647971545
0xc57bda3f4703bd4c2c6b55c9368e692c73aa3791,4107,647975652
0x94edc4a3065a7a42db6c57614e513992b2eb3ee4,4107,647979759
0x16924ae9c2ac6cdbc9d6bb16fafcd38bed560936,4106,647983865
0xb083c6061706d8ba02c4dac40ffd61f49b205ce4,4106,647987971
0xde78495b4ee3e0e569faf1c4a35a90f9c1544294,4104,647992075
0xef8c1a2ede5bc2e748f0ca5476ab82772245dc7c,4104,647996179
0x91baf383abc0c332a69a73041c866f6761a90b3c,4103,648000282
0x082280b4ae1a9e552555c256124de96fab63159b,4103,648004385
0x528e099b71d211286dbe27918e9365a2c1ba200f,4102,648008487
0xbbbfd95e5b8f1f4bd0694071fb3133be5b5d1ef6,4102,648012589
0x06d3c687d94a6b15076fbbaff1ca73e3a674b402,4102,648016691
0x752c4e4e90846c5673c3791b9809f71b7d4a638a,4102,648020793
0x44d8289f8f0070f9c6b1c0dd849110f204c4bdf7,4102,648024895
0x000000000029f5c1eee7c85c30c0e40197fbec9b,4101,648028996
0x5b182398cab4f88ccfffca32f1581abc498160fd,4101,648033097
0x57805e5a227937bac2b0fdacaa30413ddac6b8e1,4100,648037197
0x36bf21c8e661b21e6166e4385f574941fdc6caff,4100,648041297
0x245b47669f44fc23b6e841953b7cc0a7bbdba9ef,4099,648045396
0x0909c0cba44f87a861166cb184d307e6116ff4f8,4099,648049495
0x9618af3e97f3a1729ac25babea745a6fda500fe2,4098,648053593
0xe5146ba42448d1cebe19a7db52ebaa102821171e,4098,648057691
0x1fdab294eda5112b7d066ed8f2e4e562d5bcc664,4097,648061788
0x59a9c0300818df7b5bd6ffeff8d8dc7453686a4f,4096,648065884
0x2b915b505c017abb1547aa5ab355fbe69865cc6d,4095,648069979
0xad2fd18932c39fa5085429853e1f0d39a65a438e,4095,648074074
0xd713b116ca587a018210ca2e0440bd73424e786b,4094,648078168
0x2f4bdafb22bd92aa7b7552d270376de8edccbc1e,4094,648082262
0xdad917d2fdf8db6f43ddfe8b97d3658de3f8d0d0,4093,648086355
0x1f31d1168efe4bd22d00d31fc425e5bcb54c75e7,4093,648090448
0xa6361ab0482151c993f988092c3b6f81a70c8ef7,4092,648094540
0x599a4b8188676224d4c9b393b947e332b60b15e3,4092,648098632
0x37d7f26405103c9bc9d8f9352cf32c5b655cbe02,4091,648102723
0x6302eb80a6bcfa97160b6f931bbaacdfe5a923d1,4090,648106813
0xf8066f4c6418e37a9828b02be107a5d7eb819a96,4090,648110903
0x6b87b095d9cf64e06bf535d794d316dfde5e2bb7,4089,648114992
0x2369686fc9fb6e1fdc46541891568c2f341906ef,4089,648119081
0xb848bee1ec16ac4184c58e846081ae1acad17d0b,4089,648123170
0x8af78157a282dbaf37d7e57cfdff3d50442557d7,4089,648127259
0xd09ea03d8f78db8793ffc98bf7d4601c086199a2,4089,648131348
0x4fece400c0d3db0937162ab44bab34445626ecfe,4088,648135436
0x68c41a0bbe7c936f68764f01b170154b657a194c,4088,648139524
0xa3df15014faa005ddfc56d6582dc92ef83d04ca1,4087,648143611
0xc83279990fc9afc8604e3aff1e087d4cceb8a9e5,4087,648147698
0xe120c1ecbfdfea7f0a8f0ee30063491e8c26fedf,4087,648151785
0xbacf322bf6fb663ee8c49b00b7a33accb56f974e,4085,648155870
0xdf59c8ba19b4d1437d80836b45f1319d9a429eed,4085,648159955
0xf80758ab42c3b07da84053fd88804bcb6baa4b5c,4084,648164039
0xd58132f2fbd65f02beee0626542e6ee059009ab4,4083,648168122
0x6e13a9e4ae3d0678e511fb6d2ad531fcf0e247bf,4082,648172204
0x676e635f4dafab246ed73fa2eadce322d6faf44b,4081,648176285
0xf44c58e703070d4ce7b2440533f29f62713ee071,4081,648180366
0x38f2cdd0ea4b38dbed40a36530313a5d89638858,4079,648184445
0xca0d14b4118d9f5b007233afffbd2c195245ef07,4078,648188523
0x07e1a8683ebbf27837b2a526612e41c889a2150b,4078,648192601
0xe9c1a41b0ba27e80b138c0e17e7cc681b26099cf,4077,648196678
0x607152474d04ac5c0ec6dac24a0a6106f3d00165,4077,648200755
0x03d448abcd9e31c4031ea225f7d340ce9aefc29d,4077,648204832
0xd138d4813f23bf3bafc6a8e35e2515d8681bd3f6,4076,648208908
0xbe54419a39d35c87a80a427e6455bc098ca463ff,4075,648212983
0x3114b3312417b27a83bfd934764eee363d1e9325,4075,648217058
0x9b9087756eca997c5d595c840263001c9a26646d,4074,648221132
0x8b4f9ba2360703a2864caec3de1786630b687396,4072,648225204
0xe058d5e2c75426f276e36e756463dafc4f093a7d,4072,648229276
0xa83f603a762bce955c6d1aa8666a0f85feedeedd,4072,648233348
0x703d81d19e147808633910b85537f04b76c4385b,4070,648237418
0x9100ffce08b967669bdcd130016e14e91e38c09a,4069,648241487
0xcffdded873554f362ac02f8fb1f02e5ada10516f,4068,648245555
0xf6eeca2fd1ace8c17389b119de983e9fd9a8ee8f,4067,648249622
0x63726dae7c57d25e90ec829ce9a5c745ffd984d3,4067,648253689
0x14a52cf6b4f68431bd5d9524e4fcd6f41ce4ade9,4065,648257754
0x09cb097356fd053f8544abfa2c8a9d4fb2200d62,4065,648261819
0xa9c44135b3a87e0688c41cf8c27939a22dd437c9,4064,648265883
0xbc63acdfafa94bd4d8c2bb7a8552281f107242c0,4063,648269946
0x9baf8a5236d44ac410c0186fe39178d5aad0bb87,4063,648274009
0x0034ea9808e620a0ef79261c51af20614b742b24,4063,648278072
0x7f563406b4395bcbfee3e4c07717b4f33f79d07e,4063,648282135
0xda6d77abf5d21dcd6c832e48c583d8c5a7401f4a,4063,648286198
0x892b001ba09b951bb72341d3f03f39da2a38185c,4062,648290260
0x24876ab6deda1df624a23ca1833245f86fca85a6,4062,648294322
0xb3662a5c9dcb160002ae64f13cccf440810aa31b,4062,648298384
0x536956fab86774fb55cfaacf496bc25e4d2b435c,4061,648302445
0xf34a0e6b54df071d1efdf96396b9c17f7a0c1e00,4060,648306505
0xf4a9fcfdf473995a3d9b215918502aede12e6251,4060,648310565
0x0707681f344deb24184037fc0228856f2137b02e,4060,648314625
0x449962b884d2f818edb5d197e8572b42b6de99ef,4060,648318685
0x7064aab39a0fcf7221c3396719d0917a65e35515,4059,648322744
0xadc542aa7ebdcf986c651a517b9a848bd73735bd,4058,648326802
0x623b925b0a57a24ea8de301f2e3e692ce903f0c3,4056,648330858
0xb6fb5ee1c5c9249b064f54f2ecbcfe3a66591fa7,4055,648334913
0x6248211b830ce0191c7643b19f5ddb059e018672,4054,648338967
0xb890abef585b25536e8c32a738ce1fd9b4ccbda6,4053,648343020
0x53bba5c7872bfc4935cb4eee63c1ba9bfc68212a,4052,648347072
0xbb2b8a858d9f54b3ebf5ba4a17aa9da64f7bccdb,4052,648351124
0xc1b6296e55b6ca1882a9cefd72ac246acde91414,4052,648355176
0xded9ec4caf7b1d0da85c50e7921a6fae29214755,4052,648359228
0x88d97d199b9ed37c29d846d00d443de980832a22,4051,648363279
0xf2ee97405593bc7b6275682b0331169a48fedec7,4050,648367329
0x99287f6a84d56fc3bb2ad95a4bbe783403f825f0,4050,648371379
0x1a28efaa62ddc7636df515c6a16136ab2b5e9814,4049,648375428
0x75ce0e501e2e6776fcaaa514f394a88a772a8970,4049,648379477
0x327673ae6b33bd3d90f0096870059994f30dc8af,4048,648383525
0x65ca30af89af5a048cc8b715101171fbca6452b5,4047,648387572
0x1ed5c274444713883d6e1698879faf3491338665,4047,648391619
0x9e1f5e39aa4d03fb2b3eaaf57131ca666ad98c43,4046,648395665
0x081d3ccbf23b0edcae2bf05af5f6ecee12c4cdcf,4046,648399711
0x3203a1e49adee3556a19bf22fb3724ddcc82678b,4046,648403757
0x23d03c3b4ef67b09f0d40c47ec720cb9af7a408a,4046,648407803
0xd071106b12839a7da843b57588e67a32435da954,4041,648411844
0x9040e237c3bf18347bb00957dc22167d0f2b999d,4040,648415884
0xeb953eda0dc65e3246f43dc8fa13f35623bdd5ed,4040,648419924
0xac14864ce5a98af3248ffbf549441b04421247d3,4040,648423964
0x19fd4c760a7d4a38aee9f226035cbc9fdf434ffe,4038,648428002
0x5c364a8bd0e70c554de0994ed17d41c35ee25693,4038,648432040
0x323a3e1693e7a0959f65972f3bf2dfcb93239dfe,4038,648436078
0x749572a17718b4e8d6d25a5a8f169378e63b2e59,4038,648440116
0x5d930e14fe1183c55884a9296fd779dc1d8096e9,4038,648444154
0x0020d80229877b495d2bf3269a4c13f6f1e1b9d3,4037,648448191
0x42d0b779f9c6831e414ef8555d6d325c4d48d2d8,4037,648452228
0x1c764a70797deb7100037581e679684cc5c9ca42,4037,648456265
0xb54ca24ac19098db42454c8ee8df67d260a22b1e,4037,648460302
0x6e8b6f2d02eacbe33b4c45154cbfa53df1b542ea,4036,648464338
0x8754f54074400ce745a7ceddc928fb1b7e985ed6,4035,648468373
0x2eff5fd0c409ae8fd6e1d224060537189043b7dd,4035,648472408
0xadb38a0d083a0c9c93cb86b9aa69b142fafa093d,4034,648476442
0x2991341d28eaea277785d20e1d878d478c7ba4c7,4034,648480476
0x75b1dc0f551e71b6226d98211ccd3c28c147f0a2,4034,648484510
0x34af96b2c7df3a52dca2182dd0d64b3a3e7cca0c,4034,648488544
0x166fd4299364b21c7567e163d85d78d2fb2f8ad5,4033,648492577
0x831729900f2b323111a76dea99f695a42c7dbc66,4033,648496610
0x8d2301e58406648b72f37366785a54e0f7e081ce,4033,648500643
0x17aa18a4b64a55abed7fa543f2ba4e91f2dce482,4033,648504676
0x5a0124b5f8af341d9c1f0faab194b438c8d27468,4032,648508708
0x943d3e6b97eb93e29004165ebf7b64697b0ae00b,4031,648512739
0xdb8d19bec70e847bb0450df9607da0d6d7f6203b,4030,648516769
0x29502fe4d233ef0b45c3647101fa1252ce0634bd,4030,648520799
0x5862dbf73e441f421303b43847a414f7ad0a2821,4028,648524827
0x36049d479a97cde1fc6e2a5d2cae30b666ebf92b,4027,648528854
0x013fd9977373c1c072e30442f14f8d812cf368f9,4023,648532877
0xb5572c64f2dd352e68d7c708473838f1ac218d90,4023,648536900
0xc46188a5a7c1dfb04a99903544660ea83f986fb8,4022,648540922
0x7fb7874fce720524bd134897acb8119acdab4c3f,4021,648544943
0x20b2452641256797568ae9870f23195b907f9b99,4021,648548964
0xd97579cea3fe2473682a4c42648134bb982433b9,4021,648552985
0x2e1e15c44ffe4df6a0cb7371cd00d5028e571d14,4019,648557004
0x3ce2e321306515a10e4236c69664631f753f31f8,4018,648561022
0xf9d5153e8238b81da255269e9d54fd729e291fbe,4015,648565037
0x03d76c44ae54839615ffac62a362983f1f1b5039,4015,648569052
0xe63684bcf2987892cefb4caa79bd21b34e98a291,4015,648573067
0xe62872dfebd323b03d27946f8e2491b454a69811,4015,648577082
0xbe1daf05bf9e054b3e28b7e9c318819ef5dacb58,4015,648581097
0x989b836d68700da948b5c04a65b3bba39f400ad7,4013,648585110
0x63e95f8d07a1ec4176bb55d90abe3f8929a4b684,4013,648589123
0x6a76c822eb2a7d21d81bb8b4943512db2b17c266,4012,648593135
0xfaaa7460ed59c12e204349766ce73cf5202e6ad6,4012,648597147
0xfc6d00cac2e91a116f0471d4ca3d6ac6828a4d36,4011,648601158
0x275f4452df7058322c8102abc12db4f8cd34ce4f,4009,648605167
0xdb0000013b1223a8eef5fac8fdcb1fbf72fd62d4,4007,648609174
0x36f16a0d35b866cdd0f3c3fa39e2ba8f48b099d2,4007,648613181
0x8b4ed13b185e3ae5ca748a7febdff76b7d1d85d4,4007,648617188
0xabdbe79cf4070e0e0ba6edbcd3b4d9e7049a287e,4003,648621191
0x6b214b2cd5e4f6bf31ec0e49449935a48d202f91,4003,648625194
0x7bac8115f3789f4d7a3bfe241eb1bcb4d7f71665,4000,648629194
0xb5244bf9a9eec5b0bbf33ab131b574287e7b6072,4000,648633194
0x417d6feeae8b2fcb73d14d64be7f192e49431978,3999,648637193
0xe687037f7581d841514c2c8b5ac6f1ebbdbb2f69,3996,648641189
0xd6adc5e386d499361ccc5752f791b45132e7e6e4,3996,648645185
0x50f7517029c505933cb5d6e9c897245226f4317b,3995,648649180
0x3ac8967a1819a2217ef40f74a7e1ab0a7b9effe2,3995,648653175
0xf34b2832bde95ec655891a1d227cecfab1d8b602,3994,648657169
0x2c6264619d2f598a003d1c857e46edb95b22c75c,3994,648661163
0xd8e3fb3b08eba982f2754988d70d57edc0055ae6,3994,648665157
0x7e7e645e9121dddaf87d0434feb9f113d1dbbb41,3994,648669151
0x8f179114235842978d8917e08721541072c46584,3992,648673143
0x3c6a7ab47b5f058be0e7c7fe1a4b7925b8aca40e,3991,648677134
0xfefe4e22fb4ee9abe6f7dfadf2e0a08b04869468,3991,648681125
0xf0542ed44d268c85875b3b84b0e7ce0773e9aeef,3991,648685116
0x84bb947fcedba6b9c7dcead42df07e113bb03007,3991,648689107
0x1e891c587b345ab02a31b57c1f926fb08913d10d,3990,648693097
0x25d34c8c063f8e357a67e8a54cbb751dfb2c232e,3988,648697085
0xd4c3b8ef44ebf00bc9c4c9baf36ff2abaa7fc700,3988,648701073
0x5ae1b41d1598ae6c3ad716ecf14f55cf301c3bd0,3988,648705061
0xe7714fe843f442f0d67cb768c39b7a3137d7cfac,3988,648709049
0xda4c5aea122260e70616e979592735f12fe20499,3988,648713037
0x92685e93956537c25bb75d5d47fca4266dd628b8,3988,648717025
0x911d6e6a85b059e6216fd92f59c210b132ecf784,3987,648721012
0x22154beba63b5923ad17b92c330c9e5fecc85360,3987,648724999
0x3f6e09a4ec3811765f5b2ad15c0279910dbb2c04,3987,648728986
0x971939a77b0a40aa68f126722688f0e7931621ba,3986,648732972
0x567300e14f8d67e1f6720a95291dce2511a86723,3985,648736957
0x035928bcf0974d8935cdbca36e96ac679c36865e,3983,648740940
0x80a740c8ffa28c8c2c3f1fc8b6c1a0a442212e71,3983,648744923
0xc81ec8a2a711e96d977a48252ac694e1d4b5719d,3982,648748905
0xab721411d4ead57b8e375ce9296f8eb8dbbaf327,3981,648752886
0xc3a35b47e79967aab1e75881c2739fb0affb0558,3981,648756867
0x5b0c021739a1e9837e0332d232b17d820d243be1,3981,648760848
0x4fe327c5a809fa721d47b80c5038a0b393e61305,3980,648764828
0x3b220e8b4c4947d1dc58a8a2efe5f5bfc2f56e96,3980,648768808
0x40a0703688d8cad26fafb59dff8ef7967bc94ecf,3980,648772788
0x4049b0a25d780898648e8b175d7c104ea8959210,3979,648776767
0xc61018c099b1427f30182546859d5c3406921467,3978,648780745
0xa4bdb11dc0a2bec88d24a3aa1e6bb17201112ebe,3978,648784723
0xf0c0d2d0d6a5e6da997e35a8121ee6217897a2aa,3978,648788701
0xb76c1b1df4fda7f28c400bf7f2b9f12efbef617c,3978,648792679
0xd5d72aa8dd4fa5f7dff6e486ae2df82228a5416e,3978,648796657
0x9669ca82bac26fc762011c59cc0dd41a665e861b,3976,648800633
0x1407e3749ca81458022e92e1bf52bb6626a5682d,3976,648804609
0x83e978eb20852bdb47dfa3afe60a917b1cda1715,3975,648808584
0xa919d7a5fb7ad4ab6f2aae82b6f39d181a027d35,3974,648812558
0xd8dc1070b5510583728ee2afd6934877ea2de474,3974,648816532
0xbb558c3fdb17ff0394ece6967c56c08207d0b4bc,3974,648820506
0xf4419c076dc62d4adaff2545ce430c1344ffefe8,3974,648824480
0xf872e98dbe7e7f2a6abfa35e5c8c2bc9fe4e2ca7,3974,648828454
0xacd304fd36644ca1cffd86dfad2d8202e2a6b0c8,3974,648832428
0x3f09400313e83d53366147e3ea0e4e2279d80850,3974,648836402
0x538b4b507d57bf9ebd8847ec395b7b061c150181,3972,648840374
0x4e27a56b7618024a487d628fcbbef9759ea2540d,3971,648844345
0xb2ed45ac861371e35202c483b2f17524b3cce554,3970,648848315
0xc0986d8c7ededcbdf10e5d23a1c517f31761b82c,3970,648852285
0xcaf234ae8112d30d8b20712895937d23787c052d,3970,648856255
0xae207cf43865bb626f9e83183380138682d47643,3970,648860225
0x69fb7c45726cfe2badee8317005d3f94be838840,3969,648864194
0x42a965a3715e8c69b67ce6127721ea1612955904,3969,648868163
0xd04f4759a2cc28a5ae33287534caa4dfce90b9c3,3969,648872132
0xf00da0bdbefe30659f2a40aba168e9317a6dbb72,3969,648876101
0x884ae9a51b6335cdcc2771ec5d8128d6588cc5a3,3969,648880070
0xd379700999f4805ce80aa32db46a94df64561108,3968,648884038
0xf8d81eb6c765397ecfadc3b396715267bb41f241,3968,648888006
0xf110fec3075d7531141b6bf16b11604cb028a17b,3968,648891974
0xd6c67b93a7b248df608a653d82a100556144c5da,3967,648895941
0xb291984262259bcfe6aa02b66a06e9769c5c1ef3,3967,648899908
0xffc08dd84a66775e6236e0a80ee2f340e0042f8c,3966,648903874
0x423e4322cdda29156b49a17dfbd2acc4b280600d,3966,648907840
0xd4b87956583ca9cf5f134bc49b5ecf8e043c0487,3965,648911805
0x6ee6683cb9b44810369c873679f8073bcbe52f27,3965,648915770
0x27ad582ab42cb2edb3ace409f9265c5818250f58,3965,648919735
0xb56c725467c7eec851b1a4a4222d930932b04e89,3965,648923700
0x6297ec22c56ce2432275b3c83567f2dfb42efa6a,3964,648927664
0x2ab23c59a621607349d00458a29682c9dcfe1f64,3964,648931628
0x6292cec07c345c6c6953e9166324f58db6d9f814,3963,648935591
0x3da6c7db68f17e72ce153e485e453922f46b1d4a,3961,648939552
0xab3f9bf1d81ddb224a2014e98b238638824bcf20,3961,648943513
0xf54cf081268b217881eb87666d5c18b1da617b39,3961,648947474
0x45dd1a0d883bb395e94627e65e2a0d477c87c1b6,3960,648951434
0xfe18be6b3bd88a2d2a7f928d00292e7a9963cfc6,3960,648955394
0x96aa945360b76e18ea5a1cff3ebd9b5b8ffa518e,3958,648959352
0x179e31fb25e433441a2839389a7b8ec9c4654b7b,3958,648963310
0x186d6f35df27a77acc268840773d085b340f3e46,3957,648967267
0xc2ffabf209c5b2cc1fa3478645a10ae458184af7,3955,648971222
0x66b13abeca6d2910c2d9a298b3118a7602b3b927,3953,648975175
0xc5d88472c4b2383281f007a6512895f5ceb7a3b0,3953,648979128
0x353d92db08564500d812ddfd23a668d2f405ed85,3953,648983081
0x85ed9d45b276aa69176d4a4e3e8af6985bfd1fd4,3952,648987033
0x7cbfa36d57e5fb9723d715787049d2101c323347,3952,648990985
0x3060bfe832362e013daf4bc2516dc3f8adfd5b69,3951,648994936
0x628ac7c9742a52931486b9af6e54db4511fefe42,3950,648998886
0x27af23d8db2a3fbce7d04e84f594285fb0059316,3949,649002835
0xd79b3d20bf9e9d54c4da992fda0b52861fb67575,3948,649006783
0x6f2a30dbbd158ce67129adeb133cb8673b031abf,3948,649010731
0x990839665c8a905c51df3e0ac1c2f21e65ba5f2c,3947,649014678
0xa370c50ddbd85f461c5d24e3469754d51d2ce90e,3946,649018624
0x6f2235864cf897078fcdcc2854b76c482cd16874,3946,649022570
0x7ff566e1d69deff32a7b244ae7276b9f90e9d0f6,3946,649026516
0x892f481bd6e9d7d26ae365211d9b45175d5d00e4,3944,649030460
0xe8272210954ea85de6d2ae739806ab593b5d9c51,3942,649034402
0x51ab0d8afb8b9dd4b8c0eebbb4b211b9463e45a6,3942,649038344
0x966ffc36048670fee053e0efd3d55c9346cbcae6,3941,649042285
0x740623d2c797b7d8d1ecb98e9b4afcf99ec31e14,3940,649046225
0x0ba82d7351fa1da72cb8a70ee0a49746d9f006b9,3939,649050164
0xe7dc6130b7cb8606206ca2df817169376c0667cc,3939,649054103
0xd688bac17e2d58db5b5a61a6fa658c24bc7d45c0,3939,649058042
0x4e546b4a29e2de365ae16bc7b69812ce3fd943a7,3939,649061981
0x8c0abc25baa0f3bb34090dae8cc8a04e8c32269b,3938,649065919
0x3333333acdedbbc9ad7bda0876e60714195681c5,3938,649069857
0x9fad9ffcea95c345d41055a63bd099e1a0576109,3937,649073794
0x4aa817c6f383c8e8ae77301d18ce48efb16fd2be,3937,649077731
0xea322a8ab474c2c27581b8aeaa5c594141aa5dfb,3936,649081667
0xc67247454e720328714c4e17bec7640572657bee,3936,649085603
0x088fd53381d90a4d9524ce3ea00406c779357e28,3934,649089537
0xf57fca8b932c43dfe560d3274262b2597bcd2e5a,3934,649093471
0x686d210f9cbbfa532eb2af4798b043a35af07de3,3934,649097405
0xd614cafaf9ec3d0afad882e770d2bd8de4554968,3933,649101338
0xfa968bc2e4768d431ffec4ee64307f8152e1c9f1,3933,649105271
0xb0ca8f027c4da079994b0846c327ca27db556536,3932,649109203
0xdcaa118d791d5420d8b5cd2a3cb6056258740dcd,3932,649113135
0x2aa63cd0b28fb4c31fa8e4e95ec11815be07b9ac,3931,649117066
0x0fa8051dbdbbcc32d602803d5f1de1e6f92a0bbd,3931,649120997
0x052cd7423b54d18c97847c0b5c73abcb8cf6bf5b,3931,649124928
0x5fec65cb2cc7faedf47328e780c1ea2b89c41a98,3930,649128858
0x793ebbe21607e4f04788f89c7a9b97320773ec59,3929,649132787
0x44d6e8933f8271abcf253c72f9ed7e0e4c0323b3,3929,649136716
0x334fdbbe07ba7cb4379331e41beaabf45aca3e31,3929,649140645
0xbd2a441d0780d6cf6d0b86714d517d9959df4855,3929,649144574
0x86ed939b500e121c0c5f493f399084db596dad20,3929,649148503
0x4b44f450bc3bfb60dc1a0690cba028e1193cae4f,3928,649152431
0x4fe5851c9af07df9e5ad8217afae1ea72737ebda,3928,649156359
0x607c99623bf8d401122a874fef3246913acebd74,3928,649160287
0x7f64f1a1491f6a714ce616f21975e68fb14e33dd,3928,649164215
0x85aa213a5292d4fb2ca5242b2fed301f87e9b6e7,3927,649168142
0x364a7381a5b378ced7ab33d1cdf6ff1bf162bfd6,3927,649172069
0xbf5496122cf1bb778e0cbe5eab936f2be5fc0940,3926,649175995
0x46bada28009b340d2fae1fdbab2fdf6039e00d60,3926,649179921
0x8a948fddd8de92ba977d336a3655e1c73ed379db,3925,649183846
0x438d1e989f285f8cb944bd95afa99400528988d9,3925,649187771
0x99ee832eee15c53ec247762aa078e3d71b156169,3924,649191695
0x37c1e2bbb60b12aef1825ad03cf5fb1daa9dae34,3923,649195618
0xf74bf048138a2b8f825eccabed9e02e481a0f6c0,3923,649199541
0x687bfc3e73f6af55f0ccca8450114d107e781a0e,3923,649203464
0x5ed78d90326826f54986122500afc139d6333ce3,3922,649207386
0xa957045a12d270e2ee0dca9a3340c340e05d4670,3922,649211308
0x8da25b8ed753a5910013167945a676921e864436,3921,649215229
0x970b9bb2c0444f5e81e9d0efb84c8ccdcdcaf84d,3920,649219149
0x1fc5ef0337aea85c5f9198853a6e3a579a7a6987,3920,649223069
0x66142b81db17d7c0bd91f502d00382e326a24c2a,3920,649226989
0xc2121d0a934429a4a2927e4164ac858d150667ba,3920,649230909
0x89cf33f3d75b7169f20bb3eb1a3fb16f147193bb,3919,649234828
0xa48a6f3cea05c2f54347648a0466252fd161def1,3918,649238746
0x1735db6ab5baa19ea55d0adceed7bcdc008b3136,3918,649242664
0xe8a616fd9d7e82cfcaef3f8a90c6a7eea97e0856,3918,649246582
0xefae18a9ad929ae54ade8510dc27896aa5f8d702,3917,649250499
0xce0058827e6c89e625e524d2fe6e3ef3d9bb6a0c,3917,649254416
0x2108c55ec6e6cc08de753ad94297400818065f9f,3915,649258331
0x5e14963836a704789ff071a764f69bb9356b29f5,3913,649262244
0xef47223f77d726826c866f56e3a6000914289702,3913,649266157
0xd06fd155421a993057113f5e2597bf65b9f42b00,3913,649270070
0xa6a18b8d5a978dbff878b77bd785b778f00d2404,3913,649273983
0x30feb5f9b9371146a63965bebbf1e2c90e5fdb0e,3912,649277895
0x8606a8f28e1e2fd50b9074d65c01548b1f040b32,3912,649281807
0xcc9570debfd7964a0e4e9f4d6c71af6568803650,3912,649285719
0x0766e79a6fd74469733e8330b3b461c0320ff059,3911,649289630
0xe6208cce6371f5d56fd4aafe6076b61d0ca75fb4,3911,649293541
0x0cd4f1e3b2c195a626cab24a1aa49e0db29596de,3911,649297452
0x1651c2cbeaef244eb302be1d17caa87abccccddd,3910,649301362
0x190544805906b3955537fee50ae01abfb25aee4c,3910,649305272
0xe0038049982cfde24c9032ee3fca5f01a106385b,3910,649309182
0xdd860a2ad1b6ebdf2b17d7d01d65a7be3926be84,3909,649313091
0xf7ca8f55c54cbb6d0965bc6d65c43adc500bc591,3909,649317000
0xd2ddb846a0ee31eb1f7150bfc31d324a4c674c38,3908,649320908
0xa56ba30076a3ca2081faa83f85c32156e9177df7,3908,649324816
0x7adcfcafb69aae283f4268e59209ba64a5db4d91,3906,649328722
0x70612c87de3628ccb41428a0a3229161ff72262a,3906,649332628
0x5f98805a4e8be255a32880fdec7f6728c6568ba0,3905,649336533
0xde9ec95d7708b8319ccca4b8bc92c0a3b70bf416,3904,649340437
0x21f0f0fd3141ee9e11b3d7f13a1028cd515f459c,3904,649344341
0x097d0751983eef9bfd0248a695c6c2bcde435feb,3904,649348245
0x2216e873ea4282ebef7a02ac5aea220be6391a7c,3903,649352148
0xdc945cb021e53e15ce59466ac588a590d2a624f0,3901,649356049
0xdea05e09f5b0e102616bb145a0e4772a9b5ab193,3900,649359949
0x999b1e6edcb412b59ecf0c5e14c20948ce81f40b,3899,649363848
0x532efbd6dea8985b4631d63b0c2010f24f7d5002,3899,649367747
0x039cbc5d80f78aa4708aef80d3cd99dd37953512,3898,649371645
0xc8f8d8d5ab0f874f00d74b1ef448151631bc3473,3898,649375543
0xe27855ba0de5743fd6a178a370660415784e8e6a,3898,649379441
0xb7990f251451a89728eb2aa7b0a529f51d127478,3898,649383339
0x91c94bee75786fbbfdcfefba1102b68f48a002f4,3897,649387236
0xbc0e164ee423b7800e355b012c06446e28b1a29d,3894,649391130
0xe00658b5c139e74e6d092ec3ba4ab64365e4442b,3894,649395024
0x522f189e20c0b9d374560172b6a9bc7678156e7d,3893,649398917
0x8185bc4757572da2a610f887561c32298f1a5748,3893,649402810
0x4b851129d3d7c34d1d15e46b137861daf5414523,3893,649406703
0x15f08079310e2c9dacaa73c0e450368185724aea,3893,649410596
0xb6f4de046b39e0a505d06ec3ad900fd139409715,3892,649414488
0x266732e2fc94227c4ee5ec0e8394e1c05709f7df,3892,649418380
0x2b5b67f85f76977bb002b70076f699ec994be0a2,3892,649422272
0xddde873a71c1d986924a5b39c2383ddaf1cb8c13,3892,649426164
0x00d0f137b51692d0ac708bde7b367a373865cffe,3892,649430056
0xb3a299129c0f3175578836b084e5b0f82c35c4e7,3892,649433948
0x6811a4e0652732b89b10262f11f02916c3486272,3891,649437839
0xe1c9a03cf690256ff7738cbd508c88cf5238a535,3890,649441729
0xca3fe04c7ee111f0bbb02c328c699226acf9fd33,3890,649445619
0x7409a88f44ac96cfae981f444d377b025002906a,3890,649449509
0xff1642f2ed00d802cc305be21e6dc1d1e4f19a67,3888,649453397
0xd2967f45c4f384deea880f807be904762a3dea07,3888,649457285
0xedcd82784027001d7af57a34501c65a25f97fee4,3888,649461173
0x045150dbb6fd20bc303a92b9884f11f4392ae73d,3888,649465061
0x984976f6aca045057cc2a9de3d86a6b6d8aea346,3886,649468947
0x574fb6d9d090042a04d0d12a4e87217f8303a5ca,3885,649472832
0x9317ae2dc3313ae2177910cebc3feaccbba2e824,3884,649476716
0xab84c875ccd7c94011f605b3d0ffa78d0a9b520c,3883,649480599
0xae93ad74daaa4c1c00c5e40cbb213f185889871d,3883,649484482
0x30ec72f98e82f57da2565300000000004b2d83ab,3883,649488365
0x9d18c927358728dc8fb4da1c968448ca8b7321ca,3882,649492247
0xead71f4d060ddc7656c959b482fbdfaca95c5d9d,3881,649496128
0xa23c7a1ef71a717f6aaa3ad0fbf168d500da7c30,3881,649500009
0x5046e860ff274fb8c66106b0ffb8155849fb0787,3880,649503889
0xccd3afbe99c9ac5249c7c2e7b4c0da8dde6ad888,3880,649507769
0xfcf7c5c299309e1701c2a5899e30805a038cdcfa,3880,649511649
0x52dab11c6029862ebf1e65a4d5c30641f5fbd957,3880,649515529
0xdbb409e7c15f58186775959850df18967f7deade,3879,649519408
0x420167d87d35c3a249b32ef6225872fbd9ab85d2,3879,649523287
0x479bb409743d07cf47e2cf692bff62d174e72af1,3879,649527166
0x87d80dbd37e551f58680b4217b23af6a752da83f,3878,649531044
0x489204c2b2f65da12165d2abc17e9d8f453a7ad7,3878,649534922
0x0b5415f7c0cb8faa3dc6a2d148e6d2d324d15b9d,3878,649538800
0x6620749a9bd0ba09e9921ad77f040d297a861b49,3877,649542677
0xeae9402b0cdd6ef6a7d8f511f03a655ed6b5f850,3877,649546554
0xfb54c2a6b2a4fc3af9b781585215da8ee6bce363,3876,649550430
0xdd1ad9a21ce722c151a836373babe42c868ce9a4,3876,649554306
0x8b259620560c73f44adc2a5e0cd2f65c6e26c260,3876,649558182
0x58a2263f77e1b23a74a3d99b9d01506da308800b,3876,649562058
0x3a82d3111ab5faf39d847d46023d9090261a658f,3876,649565934
0xed83d68230ca17e2ce3c8dea1af7d54f445c5ca2,3875,649569809
0x0608cae11d659aa29527aad2efaa51e8707b63fa,3874,649573683
0x15ef5b9447710eab904e63e6233ff540400d603f,3873,649577556
0xca763db3ef49dbedd62bdb15d23d6bcbe7347c98,3871,649581427
0xe171783da2c451186b4256727481fa30203fef86,3869,649585296
0x6288014d6ba425d71f5fdc1dbfb01378241d78db,3869,649589165
0x22220695b14bdfe903f443a0282ae084f43e2222,3869,649593034
0x72ad6cac2eb67e2afac3b3791b04e99bd8d37448,3868,649596902
0x4b3a0c6d668b43f3f07904e124328659b90bb4ca,3867,649600769
0x5a8323936b4cb6bdedd35c5e7aa00a964c516029,3866,649604635
0xa9ddb57998db26015b11d0a31e5994e23bb97f7d,3865,649608500
0x596c5a9c2948836d9c2c9b5413515937994aab39,3865,649612365
0x2319d7efe1cd201ec337ab5a731bb1800e1af399,3865,649616230
0x714c1ef3854591d4118bd6887d4740bc4d5f5412,3863,649620093
0x02f28544c89b2d704eb0d1f9f4fc60d688ad8959,3863,649623956
0x497baef294c11a5f0f5bea3f2adb3073db448b56,3862,649627818
0x31cf8b6e8bb6cb16f23889f902be86775bb1d0b3,3862,649631680
0xe5ad1a7c9ecfd77c856c211fd5df26a04a72c365,3860,649635540
0x13239ae75da684c73c23712b7da385d130d3eaa1,3860,649639400
0x09d8b66c48424324b25754a873e290cae5dca439,3860,649643260
0x013a06558f07d9e6f9a00c95a33f3a0e0255176b,3858,649647118
0xb244ac0f3ee2e9cae5dfdde5dab8d49fa467e1a9,3857,649650975
0xd945ad076a61789443009da21b7cd33aa31e7d97,3857,649654832
0x226f9954a1221cde805c76cfb312a5d761630e14,3855,649658687
0x220a9f0dd581cbc58fcfb907de0454cbf3777f76,3855,649662542
0x5a655de4d2bec8e6036443649affa3acf2c0174a,3854,649666396
0xc9f633310602fc81cf70bcff5d63970188bff4f8,3853,649670249
0xe75c4d89b5cd8aed399b84af538122249334431d,3853,649674102
0x00ff2fa90d1171cd3d000b0a43ff75edb84af751,3852,649677954
0xcf909e2c886009b79ce005b27d61b38b3a6d7491,3852,649681806
0xb008ea1e0924dade1ed39cc0cdf80f4ede9c4e39,3852,649685658
0x9ed0d10b0584b86ee76d895d29f8d23bb3bce383,3851,649689509
0xec1d6163e05b3f5d0fb8f354881f6c8b793ad612,3851,649693360
0xa9e3440d5c64e99c77410ec4b15746b835add59e,3850,649697210
0xf089678b4aaeeed0b9fcecf0cf8bf480875c9877,3850,649701060
0xde6dd4d790cdd2efbb0c215abe41baaca43f77f6,3850,649704910
0x6f472a60c2e19f5240e85cac9db5a945be307391,3849,649708759
0x9452fe003bc701de938c5d3a54f241c915d4a8af,3849,649712608
0x970e035e2a013cf4becd67e300d65bc32a56d826,3847,649716455
0x03a71d713cbcfcb27a4172117718e63f50f571a0,3847,649720302
0xa6fa6531acdf1f9f96eddd66a0f9481e35c2e42a,3846,649724148
0x944eee930933be5e23b690c8589021ec8619a301,3845,649727993
0xf421c3f2e695c2d4c0765379ccace8ade4a480d9,3845,649731838
0xac709fcb44a43c35f0da4e3163b117a17f3770f5,3845,649735683
0x2325ff48779c2810fa2e5d34d960fe3cfe9ea0c3,3845,649739528
0x75de6a506319cb8dee803902e5cb1c826b3a176e,3844,649743372
0xa54a6767afdd9e1d3cb9045fc9612abbf3da0de9,3844,649747216
0x5d9972dd3ba5602574abea6bf9e1713568d49903,3843,649751059
0x995a7886c6ea0777e814776f2d5cdfe1f8dcda64,3843,649754902
0xd2b87eb4418f07fe2c65800ee0db995e8caef3b3,3843,649758745
0x01fa013ed4b63051d1e590e1473cb1043a1c1a83,3842,649762587
0x5fb3d432bae33fcd418ede263d98d7440e7fa3ea,3842,649766429
0xd94ea6e43b7bffc9e4cba93f3ca49a191dc06d90,3840,649770269
0xf0969a97c2bd17b5f129b195fd42e88961542a79,3840,649774109
0xe4f9faacc7eddf9ceb8fd13d72777d891fa19d07,3839,649777948
0x39dc3f7adc8cad2b03c831c7771a25d4fb99021e,3838,649781786
0x0af9087fe3e8e834f3339fe4bee87705e84fd488,3838,649785624
0xeba55b8b53d587b852ad0e315c7c623f1d8c67aa,3837,649789461
0x0c6e8a8358cbde54f8e4cd7f07d5ac38aec8c5a4,3837,649793298
0x9b639486f4a40c1a7a6728114f2413973f5fa4c6,3834,649797132
0x30f855afb78758aa4c2dc706fb0fa3a98c865d2d,3834,649800966
0xf69709c4c6f3f2b17978280dce8b7b7a2cbcba8b,3834,649804800
0x1e9421331f19e6c4ba79bce22582e3f34c4cf506,3834,649808634
0xc3a74d159bae0f886e7c76698e1e9b9f0b1a4eb7,3833,649812467
0x6ac4a7ab91e6fd098e13b7d347c6d4d1494994a2,3833,649816300
0x25df2edc10a16f05e579d127a902cac6fdff940e,3832,649820132
0xe6fd2b4b6fbac0296405a13f701efce432220bfa,3830,649823962
0xc6d7dafc53c9bca1c4682512009f66a791273bd3,3830,649827792
0x0d8746c7bfac7494904d4133c550c72b02c7cdbb,3829,649831621
0xc761c8dc05ae52a8a785665e528ddbb00c098ad1,3828,649835449
0x70bb8daa67046bf73de15dd400e2a0f7f926208d,3827,649839276
0x32ff589e7ac1c1379fb56d9d1040cd74c7c50a62,3827,649843103
0xd46a2ca96a55ddbff9bd41811a628a1b2014f20f,3826,649846929
0x715cdda5e9ad30a0ced14940f9997ee611496de6,3826,649850755
0xef185df44a1a8e94b3e8ce2a7d1e88fd5f97de90,3825,649854580
0xdaac493113eb830ffad46069307a14ea38a845b9,3825,649858405
0xbef51888af40d73db76a7716c98bdfe979040f8d,3825,649862230
0x1b8568fbb47708e9e9d31ff303254f748805bf21,3824,649866054
0xe782a9d03a573ea4bea937ca0c95a57c0bc1fb5f,3824,649869878
0xb9fb8a22908c570c09a4dbf5f89b87f9d91fbf4a,3824,649873702
0xa29abd5d2444e00f7103792c9ab959c7f9f54d69,3824,649877526
0xee9ebfa35ab4c2552123cef207a38a20be0c9cea,3823,649881349
0xa5b706150c2d1b9ff3cc58c58edd55c526a372c6,3823,649885172
0x90fc19c31aa78b366d1c7544ad071f9f3046349a,3823,649888995
0xa5cf4d87d8d3d9856d92b89e20b4ac9013153bfa,3823,649892818
0xd0aadf6e728ca62712fcab0ba1e7223f65e60952,3823,649896641
0xceb286c9604c542d3cc08b41aa6c9675b078a832,3821,649900462
0x436a5a792261d3d154f5d22879e2565981d03f6b,3821,649904283
0xa28fc2102da86e424b37ad86c7bc7855fc441239,3821,649908104
0x13a517751318cce71a524006b16f7930b3515ccf,3820,649911924
0x4161725d019690a3e0de50f6be67b07a86a9fae1,3819,649915743
0x55ae7e1b4ca7c171679b64c38010686fe8e90413,3819,649919562
0x2e2364966267b5d7d2ce6cd9a9b5bd19d9c7c6a9,3818,649923380
0x78b5731afa14bf0f023f803220a6c24edf04de75,3818,649927198
0xe0d95530820aafc51b1d98023aa1ff000b78d8b2,3818,649931016
0x539cdd7e257e686336914d1723f044e17a922d3d,3817,649934833
0x883f36c2305ebaa2631e6aabc18372b71ad9a499,3817,649938650
0xeef210b393d8b6fa9249b000421bae092bba00c7,3817,649942467
0xbb5b059f574204c344cd3096b420fe563f242890,3817,649946284
0x54b6dbae1e882c5d1fc3547c540f2cf881d9272a,3817,649950101
0xd2ab823424b068d737bbe9564f4f87336380489a,3816,649953917
0x66c6e6be5736046021381054d26e15a2f123d8f8,3816,649957733
0x3c8ec94213f09a1575f773470830124dfb40042e,3816,649961549
0x5a18000b906fef4df77500081596e50e7f02cdb0,3815,649965364
0xd86a66745ec6b9bf573fcb98a7ea4d39feb750d2,3815,649969179
0x2e08913c55fec93f852efce93a174d594c838d7f,3814,649972993
0x18367f4eca68f7f374f61784ba38bcec3fee77f8,3813,649976806
0xe01e2a3ceafa8233021fc759e5a69863558326b6,3813,649980619
0x29b1ffe100231b81c56353168729c3d1fce5c56b,3813,649984432
0xf068236ecad5fabb9883bbb26a6445d6c7c9a924,3813,649988245
0x1fc52f1abade452dd4674477d4711951700b3d27,3810,649992055
0x0816bf4e41940e2500fbf9e58d64b926f88a0cc1,3810,649995865
0xf08c68bd5f4194d994fd70726746bf529ee5a617,3810,649999675
0x26ec7cfcdd57c0d27122349d8740b42e8e24bb0b,3809,650003484
0xda73bb74ecde24252713f9552b8bccdc5b80e8c3,3808,650007292
0x9b985f91132ddedfb7b46c12716cf5ce78d24d8e,3806,650011098
0x5b1fc2435b1f7c16c206e7968c0e8524ec29b786,3805,650014903
0xc23f76aea00b775aadc8504ccb22468f4fd2261a,3804,650018707
0x0c55716f1516fe666aa492546877201b5e42f4e1,3804,650022511
0xe0af95f7e6dd07a4268064de2cf7c8f044fd53fa,3803,650026314
0x0784dbabb6c6834bddfb7cfee116ba049e5dafab,3803,650030117
0x8ee7a419cb48ceeb973ea83370f5380da848bb85,3801,650033918
0xeb021dd3e42dc6fdb6cde54d0c4a09f82a6bca29,3801,650037719
0xbfd78aebccf26cb964a7836263143b5ee8072d84,3798,650041517
0xad440e6b26dd3a044a97294bf87c017d7fb81c67,3797,650045314
0xcaef3aae37c2506916fa791648b0fe3356342e33,3797,650049111
0xce493a33226ac320ba69ccf2632c587b1eda0c33,3797,650052908
0x77ceff4173a56cd22b6184fa59c668b364ae55b8,3796,650056704
0x8e91a9cbadb74ef60c456f1e4ba3e391b143aad9,3795,650060499
0x6a39d7e18cbcd49e7d2de8ceef392c3757427607,3793,650064292
0xc84f7abe4904ee4f20a8c5dfa3cc4bf1829330ab,3793,650068085
0x43f0535f7398a3091f9b46fe0511a89fd1815084,3793,650071878
0xe714b0c974fee976509f2eefc08dc22129d0daec,3790,650075668
0x060d4a10f3154bd06005f0224a153b4f967a39c7,3790,650079458
0x23b8da08d82adae475bc140600a6cb3d944b2e72,3790,650083248
0x1ec4d06b2296da6ce7285086f9bc1521238b5a93,3790,650087038
0x00000000007f6202ba718df41ec639b32dd7fbcf,3790,650090828
0x781fc0bcfc20f5d395779724c8698c6442d65e59,3790,650094618
0x2cfd4c10c075fa51649744245ec1d0aa3d567e23,3790,650098408
0x7703c35cffdc5cda8d27aa3df2f9ba6964544b6e,3788,650102196
0xda6b46dfc91bcc55c8ae0da6431554e5b4ca48fa,3788,650105984
0x27d16a670bec2e2db9e0ca367aaee6758d2cb3c7,3788,650109772
0x9f3d1a9f16e75fc10303f8df3c4cf7d243814d99,3787,650113559
0x81b1dbb248a5fdc1521cc23306c83b2abbec53d1,3787,650117346
0xc4b81d8381e02922c9eac0a4ea45977118080f74,3785,650121131
0x5d47d55b33e067f8bfa9f1955c776b5addd8ff17,3785,650124916
0x5af7f71c7747fb0eceb2eef115c3fa34dd4998d3,3785,650128701
0x795e1fb7439d8e923d72af08379baca7067574c8,3784,650132485
0xc0424fdf4e0bef3e5cc9456ed8d967db82e71811,3783,650136268
0xe5eb74f2e4e17080effd35556cf860f34fdb1e28,3781,650140049
0x2678d2bfdfe5442207ba8ff45bd610b86283b270,3781,650143830
0xa18c63f00f2365626d0561c61628d14a840af8fb,3780,650147610
0xecdea46daad5a8b8d7b51ef935a9f5fc2311c801,3779,650151389
0x53d428716900eae876ad1d7e4535e796b5faeda2,3779,650155168
0xb2b1a37742aacfc90d06bdfe9b7a35f8826597dc,3779,650158947
0xd506e5e57e22c695bf28c96e73c296051177a678,3778,650162725
0x43ae24960e5534731fc831386c07755a2dc33d47,3778,650166503
0x74379cec6a2c9fde0537e9d9346222a724a278e4,3778,650170281
0x9cec686ba6f07d6135b2091140c795166ef5b761,3777,650174058
0xa5b80588ee71e165e0d2f7284eac0ee4c2883aaa,3776,650177834
0xf2354f740f31704820f6fcfba70b9da065459b62,3775,650181609
0x20ae0ca9d42e6ffeb1188f341a7d63450452def6,3774,650185383
0x6fcf1f24e39a436e850af22468e04bc0c0ae05e9,3774,650189157
0x6e95c8e8557abc08b46f3c347ba06f8dc012763f,3774,650192931
0x71e4b8de109428f999391eb3424d2cc87192e8ba,3773,650196704
0x09b0db1e4e15233d1eb6995a851780af36548eb8,3773,650200477
0x6ece7db5b275476682318cce17184f6125fa0696,3773,650204250
0x81aada684f4bd51252c8184148a78e7e4b44dc2c,3772,650208022
0x646da308ba60102bb2e746b7d86dacfd3a71209c,3772,650211794
0x01c67791309c71aa4ed373025a0c089696d7c9e4,3770,650215564
0x25fab09fbb13852dcb2d28d6fc939eceb4ba9b44,3769,650219333
0x1e86eab90807895d5136b7e236dbc13d7902fd1b,3768,650223101
0x7183a469dd9dcb4a336cdc2e306174d0ffea3602,3768,650226869
0xdc97fdaadcbc1c77525b8a1c981865bd2e0425aa,3768,650230637
0xcceef8f69000d662f490f2663e33acdc05cf58ff,3767,650234404
0x494e9eef5d5d553a02ca2537698598b73622730d,3767,650238171
0xdf85ff99aed78a9121f7c11c008b384b3b315c20,3766,650241937
0x196c81385bc536467433014042788eb707703934,3765,650245702
0x11520d501e10e2e02a2715c4a9d3f8aeb1b72a7a,3765,650249467
0xa99f0ad2a539b2867fcfea47f7e71f240940b47c,3764,650253231
0x40432844506f3a51c266ecabad2beb23cad27f66,3764,650256995
0x38ff96eec0a5d05fcfcb646f4019fb093d0831b4,3764,650260759
0xb6e4989121ca00b3512360612106749c5bee738b,3762,650264521
0xda23d301761e4e2bf474951f978f6dfb6f3c9f14,3761,650268282
0x63bcfa2aaf618662b76e58eae4ee410f933b47ac,3761,650272043
0x5150956e082c748ca837a5dfa0a7c10ca4697f9c,3761,650275804
0x53466a575fe1beba1f49f557d9817a6996f25694,3761,650279565
0x7040a8245eea5dc0af3c43264167a02d939303eb,3760,650283325
0x6d661d032809d52e42786ef9a0ae0948db89e38a,3759,650287084
0x1f58af89d12d4a60647f99a9fc71dd0367b56df4,3758,650290842
0x61b21c6ee787bc1df5ef873e5f6809711c62ab92,3758,650294600
0x839accb5c6d5530d7c8cdebabff51f0bdbf1f987,3758,650298358
0xd3e8695d2bef061eab38b5ef526c0f714108119c,3758,650302116
0xe2dc070524a6e305ddb64d8513dc444b6a1ec845,3755,650305871
0xbdf2e5d2dacd341c2aad8e73c83495fabfff3e5f,3755,650309626
0x8807e03efb2b444d7a9fe1803deaa16b6beba5fd,3754,650313380
0x56015bbe3c01fe05bc30a8a9a9fd9a88917e7db3,3754,650317134
0xead6f85514624fa77bb15fe3328697d2e85cd3c3,3753,650320887
0x2501f1347cb358f6367c9e0fca6519ed23a2faff,3753,650324640
0x0dc09ffca9c0cb49913fae2e9c1193c921a714e1,3752,650328392
0xf0989f99f1fb97f4aae606709638df4855e34dbe,3750,650332142
0x3fbd598a07702ced544ccc2c9fd3dae5b14c3d41,3750,650335892
0x829c3360320a60e903b6c3c461108ab4b81a3cf9,3750,650339642
0xbadd981a34319371481d9f3d2a387c8bdad9fad1,3749,650343391
0x6807d7f7df53b7739f6438eabd40ab8c262c0aa8,3749,650347140
0xddc9c668f90bba52c4bdef773dae5224813393e1,3747,650350887
0xde54467873c3bcaa76421061036053e371721708,3747,650354634
0xf3e778f839934fc819cfa1040aabacecba01e049,3747,650358381
0x63bba8b8c7bb3c2b2816d561b0deef8e99a477d4,3746,650362127
0x5fde9da6056f8a651ae148c9c3a5364885f35548,3746,650365873
0x3218a02f8f8b5c3894ce30eb255f10bcba13e654,3744,650369617
0xe6410569602124506658ff992f258616ea2d4a3d,3744,650373361
0x0ea984e789302b7b612147e4e4144e64f21425eb,3744,650377105
0xfe64aeb07a874c7c143fde4802fff90cb13074bb,3744,650380849
0x8fa82939f479be28bf8e1ba5ab0296af8e0074b4,3743,650384592
0x4e7bd88e3996f48e2a24d15e37ca4c02b4d134d2,3743,650388335
0x9dc43d05a1f643bc882012b1b8ae85a83aa93bf0,3743,650392078
0x98a803533f590d8738c217510d248b9aef62a7a5,3743,650395821
0x60626db611a9957c1ae4ac5b7ede69e24a3b76c5,3743,650399564
0xbba17b81ab4193455be10741512d0e71520f43cb,3743,650403307
0x275f5ad03be0fa221b4c6649b8aee09a42d9412a,3740,650407047
0x86868492f9dd0e1dddd19e01e39786187bd36472,3739,650410786
0xd2ba6e5629a1531f6d8a0a1168959cc1f07b81e4,3738,650414524
0x79a77a695264543d601bdefa03b0679c3e1cbdcd,3738,650418262
0xaa19673aa1b483a5c4f73b446b4f851629a7e7d6,3738,650422000
0x52618d7d5330f354a2d3b45cca1896ba26e363c7,3738,650425738
0xa0cccb2b4e2b8e6377502add514c6f3be4f21776,3734,650429472
0x6e752e3967d86e67f379d6280c1000231b5cc68a,3734,650433206
0x95beaeb2701736dd9bf1930d569231e78ca386ec,3733,650436939
0xe29c5b523590165795bbd7d52369c2895b18841f,3732,650440671
0xdaf88906ac1de12ba2b1d2f7bfc94e9638ac40c4,3731,650444402
0xa2a19165c17b36a5c753a246c1e188489754a693,3731,650448133
0xe14d13d8b3b85af791b2aadd661cdbd5e6097db1,3731,650451864
0xcc53c2e5e2421cb5a5307ed1c229816d71266292,3731,650455595
0x83f1c175cecc31e71283a87a2878b1040118ff38,3729,650459324
0x5eff6d166d66bacbc1bf52e2c54dd391ae6b1f48,3729,650463053
0xec3cc6cf0252565b56fc7ac396017df5b9b78a31,3728,650466781
0x7458fd786b2fe8cd801c0381f88b61c5071a006f,3728,650470509
0x8f50d27c534cdd8ff8507d1e67ae91ce713e591b,3727,650474236
0xd59996055b5e0d154f2851a030e207e0df0343b0,3726,650477962
0x6a3625143c7508742ed58697dd5ab9fcfcc78df8,3726,650481688
0x0d19d264207a3afad4094f26b693ff5590361b0d,3725,650485413
0x30b1efb052205e6ca3c4888c3c50c5b339cc0602,3725,650489138
0x5a9f5992085e8a25a45716cb6f8ff5b57a05d332,3723,650492861
0xb4c4a493ab6356497713a78ffa6c60fb53517c63,3723,650496584
0xf616aa8c22f100fc8d479dcfc1bd905b4d6fa591,3722,650500306
0x80ce3027a70e0a928d9268994e9b85d03bd4cdcf,3721,650504027
0xd23ac27148af6a2f339bd82d0e3cff380b5093de,3720,650507747
0xb590c2a26ee8663bb584d0e5b74b1631cca23720,3720,650511467
0x6b609d9095d069c805650234ab67595b3a6ab934,3720,650515187
0xf4a7d2d85f4ba11b5c73c35e27044c0c49f7f027,3719,650518906
0x9f9643c8b413b32c3a1270068487f341e5be8bfd,3719,650522625
0xeee2d00eb7deb8dd6924187f5aa3496b7d06e62a,3718,650526343
0x303d2c2b49fe7d0d5ed91927d3f4e25fec3b0322,3717,650530060
0x285e24c62b716a4d08a903dcfe1e9156bf9069e7,3717,650533777
0xf73d5d4962e08c1d572f56e2f3e2728a77507e16,3716,650537493
0x78f2c2af65126834c51822f56be0d7469d7a523e,3716,650541209
0xbcd4f1ecff4318e7a0c791c7728f3830db506c71,3716,650544925
0x9e4e091fc8921fe3575eab1c9a6446114f3b5ef2,3714,650548639
0x3431f91b3a388115f00c5ba9fdb899851d005fb5,3714,650552353
0x87b008e57f640d94ee44fd893f0323af933f9195,3714,650556067
0x90e340e2d11e6eb1d99e34d122d6fe0fef3213fd,3713,650559780
0x6066be9369b4eaf5847c9f01eb52ae1e81f2d6b0,3712,650563492
0x7e7b4509e4ee79d27ddf969deed261d4754ec395,3712,650567204
0x34a77aa9ae42ff9a9b2078e450651d112d5be908,3712,650570916
0x7411ee559041aeaf847626e14dee5436106d1ace,3712,650574628
0x33f535e0ffc6d9201e64de5cfff976993367de94,3712,650578340
0x80a0102a1e601c55fd3f136128bb2d222a879ff3,3712,650582052
0x42177e8b737d172fe58c7672dc0fc5b784db62d7,3712,650585764
0x4c9e324fd7df8b2a969969bcc3663d74f058d286,3712,650589476
0xce3d828bdb96d7c6c20ecbfd63e572dc1c8abd32,3711,650593187
0xf0be50ed0620e0ba60ca7fc968ed14762e0a5dd3,3711,650596898
0x5a8ebe9fbc97788c14dac9468665d2eb5cd748fc,3709,650600607
0x97cb5cc1b2e10cc56dc16ab9179f06dfedbe41a2,3709,650604316
0x568b32043509b129cc71df0800b1e9988b011311,3707,650608023
0xfbcd86b9c970c5ef22de268dbe95f2b4d48c272c,3706,650611729
0x800e09b8e24d37ac184b8b2a81a1637fc317896e,3705,650615434
0x9db37d15fefbf42dc390c3c81fee453465841038,3705,650619139
0x0dd1989e4b0e82f154b729ff47f8c9a4f4b2cc1c,3705,650622844
0xd9d993fdd6dad5270c0896b364bdbeff38e010cf,3705,650626549
0x5804d0655dfcf65787c2d24265a118afd913e462,3704,650630253
0xe64051abe1505c193bc24aaf505e8385e3d77aa5,3704,650633957
0x0427c1c4f185d0d1f7eb54798f6e6ed7f610fda9,3704,650637661
0x149755d7f0224c0bd2f1f272537e4f76f5172fca,3703,650641364
0xb791c10824296881f91bdbc16367bbd9743fd99b,3703,650645067
0x0d36ae1a55df83ce573860e36b329b934827536e,3702,650648769
0x6c1b3716841de8effd81bff944078e57353c5f36,3701,650652470
0xae5652ea226bfae00b8d542e58231362af836fda,3701,650656171
0xecba8b19e058891f581badd5697606097300ab60,3701,650659872
0x2f47687fdacac7b554cc834aa0bc8b64ac24e4e3,3701,650663573
0x38aa97b0ccd1a9b62436cd6a28465e0679cb9d05,3700,650667273
0xafeef4624c675af2333f546eeda6eb218300ff7b,3700,650670973
0x4e9095a1b97933bf528b5c2fa1e734f167c3ae12,3699,650674672
0x3db70445010bcc545d4f7b551cfaa73dcd95e42e,3698,650678370
0xad77d1f9ca9679794933e2e05d28592d565f8874,3697,650682067
0x6773eab40aa22459cf8401afb57447df5c6e518c,3697,650685764
0xefc1c73a3d8728dc4cf2a18ac5705fe93e5914ac,3697,650689461
0x946551dd05c5abd7cc808927480225ce36d8c475,3697,650693158
0xdfa6edae2ec0cf1d4a60542422724a48195a5071,3696,650696854
0xe9f97fca1c8c1ddc6649104a6dbcd400d073a445,3696,650700550
0xb9feb59b7eb4df1d7ec129a03a15dcf271f0d795,3693,650704243
0x6d45640f5d0b75280647f2f37ccd19c1167f833c,3693,650707936
0x341ff5232e336c2be8e6a8cc7d92569e93e682df,3692,650711628
0x45526c392009cf7020ac10a10c1979e340a8a9dc,3692,650715320
0xb117b0216e247af88e13b0d6a0c2a08463f01fc7,3692,650719012
0xfefaddc981fb342365679a114435f6aecfa9230a,3692,650722704
0x66e33d2605c5fb25ebb7cd7528e7997b0afa55e8,3691,650726395
0xef857e5d18a591f1ef68975b2c72e90ebb64f6b4,3690,650730085
0xfae8f67eb2d48e026564830a1e98b14c6f26a672,3690,650733775
0x2f50f81435f99a1220b6425615b977addd29601c,3689,650737464
0x78f7ef08b4583f9866d8a98a9f2d9b64d9c02380,3689,650741153
0xc3503f004aa2cd689803a0d4e6ed07e8949525fd,3689,650744842
0x8ec7466a5025ac26368bd8b8cfd2571f9bc0dc6f,3688,650748530
0xae851b753b57aef3c38e64e174fe2a46d5fa30e7,3688,650752218
0x3e46ffb558abd461d027fc5afd1a5add72c9886a,3688,650755906
0xdaee4b1c950aa52cc442d5bfca369f80e19c6a0e,3687,650759593
0x0d4baecdf10c459ee178cf5c232bae4e96b0e481,3687,650763280
0xe65184b402376703adc27a7d7e0e8d35a264a240,3686,650766966
0x8d8de733bf1e72949b3a08d23640ede956be4aaf,3686,650770652
0x7c2e5b7ec572199d3841f6a38f7d4868bd0798f1,3686,650774338
0x21433dec9cb634a23c6a4bbcce08c83f5ac2ec18,3685,650778023
0x03e2aeae7f86a6cfb0401d35c7829d2a2bfa2003,3685,650781708
0x7591a309df68bf43ba42dd11b0344220a260020a,3684,650785392
0x7ae359709af11863af445ce146f1bd673ebcafa7,3683,650789075
0xe6b56ca88441ea07e8243350a50bc1179b7f2b7d,3682,650792757
0x9689df6e625f06c8249cef7ff80aaf2e2c262e49,3682,650796439
0x15489e985488f980b21d83f93ff9cbe962b20f20,3681,650800120
0xc03844f07f86ad1d90a1c4a2a8204dcf00f3a991,3681,650803801
0xded1bd41399eab39ce41b4161d389a2e7759da1f,3680,650807481
0x8c2036ce61648fcddffb06d6d11fe0b479ed63fe,3680,650811161
0x69ecac2a2efb3e5f3e9e2fa8a9a534c8ebc893d7,3680,650814841
0x8fb0b5b4ba7b39a11b3923b48eebe8bc7669f5a1,3680,650818521
0xe8ea0f7633bd29f6bbd603adae82249cce34cb49,3679,650822200
0x211b3c1f7893685e395553da61cf32c10764c23d,3679,650825879
0x268be5667d4e5bd036bd608d0601ef1441604429,3679,650829558
0x7b64af7a107db472f6ba3a78f3174602b28dc569,3679,650833237
0xcbf8412e939b7712251eb5ec07220573283a4e90,3678,650836915
0xcd33b0592aff3a996614430bf6f8f5354e150f03,3677,650840592
0xc2bb8f2ef195fb26cedc36b701e08c585afde23f,3676,650844268
0xd622e61bdbb5f1d43614be5c6e86d572486b0888,3675,650847943
0xc601329cdedf522b26927c7debf39f4b76fc0a4a,3675,650851618
0xbda109309f9fafa6dd6a9cb9f1df4085b27ee8ef,3674,650855292
0x61cdb66e56fad942a7b5ce3f419ffe9375e31075,3674,650858966
0x32f1d4bb869ae0be174a4d06ee359877c1b6b71b,3674,650862640
0x4527a3b4a8a150403090a99b87effc96f2195047,3674,650866314
0x32eb7fa944ad61b0cf093499af12f35a479315a2,3673,650869987
0x3de8c6019a8bfa84d2df1443c057e235c7fe3a97,3673,650873660
0x3dd49f67e9d5bc4c5e6634b3f70bfd9dc1b6bd74,3672,650877332
0xfc1e1fd1d25d915c7eae1ece7112eb141dca540d,3672,650881004
0x6f8a577ff490a86b1b798807bb82b961baccc837,3672,650884676
0xc1fdc9d355ccb723380c1336c0763bc282490e15,3672,650888348
0xce88dfca6afde8d6bc62c0609866bd2bf464f81f,3670,650892018
0xb72079be444713949a645626d363da10eff8febc,3669,650895687
0x6fc2a052f82d0f8b5d774f8ef8b30fe933ce9953,3668,650899355
0xd39e715e188f4a48edcad5fc3f36d087c6147258,3667,650903022
0xb6950ba821e13a401adee35b2d2f1db7e4a8cec0,3667,650906689
0x060fabf423fbf58cce4f30501e5262020534b4bf,3667,650910356
0x7d5a971b3fd37f3b984a26e3f3898010c9575887,3666,650914022
0xe442f48b63714f7d0b910d93e5a57fab44cbd888,3665,650917687
0xb69ff134d5a0ce37b14bf2a4c7736d0f76f8180a,3665,650921352
0x486e0eec7a42ae182b1d0186bfb63d553313b902,3665,650925017
0x8e039acad407806819edb9676d25e554dd0a1160,3665,650928682
0xb5160a825295a31b168482808c2c752f7479c4a7,3664,650932346
0x198457da5e7f7b7fd916006837417dcf663f692d,3664,650936010
0x1eeaf25f2ecbcaf204ecadc8db7b0db9da845327,3664,650939674
0xa6bf22a05f61b49469ff8d8702b85e8cecad2d7d,3663,650943337
0x9c716897afc498f394e23f55b38d9915ba5164f5,3663,650947000
0xc6cde7c39eb2f0f0095f41570af89efc2c1ea828,3663,650950663
0xb07c3ecbfc97ddeadec2295c6bca6fe6b2df0f09,3663,650954326
0x088ee5007c98a9677165d78dd2109ae4a3d04d0c,3662,650957988
0x2efb0309f41648a9faa935e189e2c8ff763bce75,3660,650961648
0xb120b2982c8bd694b9f0b8ef7bc8dca108164610,3660,650965308
0x193b775af4bf9e11656ca48724a710359446bf52,3660,650968968
0xef2efc10fad9bccc7059f8933e0bf473d7b2b0e7,3659,650972627
0x360d2a5a9fc457f084b1379056a1a36d4bf57546,3659,650976286
0xa7189475be7fcf81a22043a11175969bf486e593,3659,650979945
0x3ed0e801a283067175b35d9d51a6fa1fcbb91205,3659,650983604
0x3363d570f6df3c74d486bb8785d3ebfb9e2347d3,3658,650987262
0x37d404a072056eda0cd10cb714d35552329f8500,3657,650990919
0x55703726a2e82d0f9119d4f0fd3f50736ba18edb,3657,650994576
0x27ad448d3927b07ad1e0534f8e6c5730f2f6b380,3656,650998232
0xf42441bc7d324887a6a290ab220d71f29de69d88,3655,651001887
0x8017aac3bd3d557f6dd5018c27247019cc0a1821,3655,651005542
0xb5a52519426ec6d88784cc80e621062498306734,3654,651009196
0x10dcaa0289be0b8a8ef5c0d02407f7c0e05cf0f8,3653,651012849
0x63d3ad3624bfc8149782fb040699ec8dacc9e272,3653,651016502
0x6b504a39db0c166758d6713e5ebb6dc0ada42227,3653,651020155
0xc10c72d632cb8b5ef37603623ee86f47c3ff9f0f,3652,651023807
0xe30e02f049957e2a5907589e06ba646fb2c321ba,3652,651027459
0x629b0a5fbee9ca605e51e7fccf5c9368fda2e677,3651,651031110
0x7e9997a38a439b2be7ed9c9c4628391d3e055d48,3650,651034760
0xa9e00803e0448bba6058ac817e8fdf448f91a91f,3650,651038410
0xf3628e26e591061e24342c3cc57685d00e7aba65,3649,651042059
0x745a967982ba9e36cb1419e22f0cb6c0150e294b,3649,651045708
0x5ef5309d2864bb25ecabe351f4a247656411f066,3649,651049357
0x92b914f1ddcbb1d117a718e83c9ed7eb32fc44d1,3648,651053005
0x426fc8be95573230f6e6bc4af91873f0c67b21b4,3648,651056653
0x75a931567048edd4f349fa1a1cfbc4b4dca352c9,3648,651060301
0x8cb813bf27dc744fc5fb6ba7515504de45d39e08,3647,651063948
0x7d9a429e8ebecd2726bd2bc0b843864ba075f0b4,3647,651067595
0x7b3d36eb606f873a75a6ab68f8c999848b04f935,3646,651071241
0x781a0861395ba245e8254a61e74b0e7cd3ac8eaf,3646,651074887
0x5cbf1b692d921f9eccaac6364ba463b8f549f266,3646,651078533
0x106538cc16f938776c7c180186975bca23875287,3645,651082178
0x6348cfd5aa8c394388b263b5de0679feaccabb11,3644,651085822
0x13893f2a61c42e412624dabca9e5bd7b2ac5c5cf,3644,651089466
0x0710b295f364b4d23ec92c66145b6be6f22673f3,3643,651093109
0x7419f79a29187468fd6abb24f022fea7ebced22b,3643,651096752
0x2b90fa38bc600b1ce811b47022c9fdb962fddfd7,3643,651100395
0xba13728c02656796ed38dfc9e3cc9c5845e7479c,3643,651104038
0x9bd4810a407812042f938d2f69f673843301cfa6,3643,651107681
0x86616f32078cac9b70c6f1c45c28fa668d68fc2d,3642,651111323
0xf3ed5b15618494ddbd0a57b3bca8b2686ac0bc04,3642,651114965
0x0e75235647330b5e13cad9115254c4b8e16272f8,3642,651118607
0x53e3a7ec57132173ce615debb9a303fd2cd86789,3642,651122249
0xbdeb21edd14f2b8438b0b9f01196e7c23fde1b73,3641,651125890
0xd7936052d1e096d48c81ef3918f9fd6384108480,3641,651129531
0x55732acec59699e28bad93522684e0d241a64a35,3640,651133171
0x3f899a9b7caf7d0e72023e2f477531ffb7dc9bf1,3638,651136809
0x61fd1c62551850d0c04c76fce614cbced0094498,3638,651140447
0xaf038b0290c35a3210d5cfda9f39ffceea1c1ea5,3638,651144085
0xd32641191578ea9b208125ddd4ec5e7b84fcab4c,3638,651147723
0xea3cb156745a8d281a5fc174186c976f2dd04c2e,3637,651151360
0xe235b2a194c9cbf8e32167c398d929a6057877d8,3637,651154997
0xa723606e907bf84215d5785ea7f6cd93a0fbd121,3636,651158633
0x8b9a4e2bbe84acabca526733c68ed82c96272ce2,3636,651162269
0xd054be48ae13a89a82744373f647a755df7cae17,3635,651165904
0xf26893f89b23084c4c6216038d6ebdbe9e96c5cb,3632,651169536
0x6dc1ac0ff2619383ac3f3b6514403f31a07d1c52,3632,651173168
0x7002049fdca829ed7082efa03860b078ad4b5efe,3632,651176800
0x3d2b62ad28a7a11824db8d64d170843e3b89f6ec,3631,651180431
0xd12cbd1d1f4feef9b2f8f7617ee08839dcbb44ec,3631,651184062
0x751b934e7496e437503d74d0679a45e49c0b7071,3631,651187693
0x3f288ab37ef0def9593c7aec77d6b37306181625,3631,651191324
0xe7729d6aa77f8987d0646ae2b208e624eb577672,3630,651194954
0x5cbade4d03ea436f792e9f939e70908524949efd,3629,651198583
0x3a231ff088ad71223bf133591b6a838ea6af7c7c,3629,651202212
0x1484aecebe5ed82031b5fb20cbdb21bafcd55ec4,3629,651205841
0x731fd6adb862e7b7bbe317edc46dac82ff2b2e24,3628,651209469
0x3d3a7596f0456d81ba4692b56d84256ee0e75cf6,3626,651213095
0x059550a1ca3c46a2adb803e9e3ea4585a34f004a,3626,651216721
0x61792f290e5100fbbcbb2309f03a1bab869fb850,3626,651220347
0xd88b454b7902c1db149e8ef0ef18b5e519f9a50e,3625,651223972
0x52f7840da86bc61e540597d18ccaa5e13d3054a8,3625,651227597
0xabbd7c8223b210a882c4708b7648ef6285bda1fd,3625,651231222
0xa0e869948d5529fa25122663a58159103bd9ac03,3624,651234846
0x1c361856f6245e0fb4460b3fa2b022c1c938e05a,3624,651238470
0x5f778ec4b31a506c1dfd8b06f131e9b451a61d39,3624,651242094
0xf9ebe471522759cd24d04eae19086cd6cbefdd26,3623,651245717
0x4dac3e07316d2a31baabb252d89663dee8f76f09,3623,651249340
0xf656ced3550497c9d67449781a2c2b28beceb013,3623,651252963
0xd73fa9b0ac3f40d095300d08543ae09c38332a58,3623,651256586
0xb9e83f76ce7851f7c7e96563848c3cc307a99213,3622,651260208
0xaa21377986b264d2d794b355170660ca94798070,3622,651263830
0x72b73799724b453f04082e2d782e8b5a8790c92a,3622,651267452
0x22222c03318440305ac3e8a7820563d6a9fd777f,3622,651271074
0xebc86556048389f38a41b61c9ee2d223063fe28b,3621,651274695
0x7f6fe274e172ac7d096a7b214c78584d99ca988b,3620,651278315
0x395604f1db081376d0fe5dc9f154d0946065ccab,3619,651281934
0x1c7bbadc81e18f7177a95eb1593e5f5f35861b10,3619,651285553
0xb4e8c1a5a2a9e2a1f962a20d144e4955c05fdf93,3618,651289171
0x87a8e815eef152bc41d743691698a1df85bc33a0,3618,651292789
0xa7c4f9e0d22b4b6a79f375b8dd186c6b7457867c,3617,651296406
0xdc779033e01b6230994dc556b8d64a8f04e01e8b,3617,651300023
0x18602ae6f9661792c54ddc89e9d807042c680225,3616,651303639
0xd45247c07379d94904e0a87b4481f0a1ddfa0c64,3616,651307255
0x7866e48c74cbfb8183cd1a929cd9b95a7a5cb4f4,3616,651310871
0x2bc7e655b5c34fc8e58b0b623ffd2ae439da1c18,3616,651314487
0xf11c06138a7904a6d37e960b9ef7539b5287f4fb,3615,651318102
0x1da01e84f3d4e6716f274c987ae4bee5dc3c8288,3615,651321717
0xc9ca4b4368e4b83744b63b51d4b7857fc4a9f310,3615,651325332
0xffea7d2cca793b1d94e6e5d1e0861434635cea9c,3614,651328946
0xb05af453011d7ad68a92b0065ffd9d1277ed2741,3614,651332560
0x5bb29337f662d7b136f73b303dde9106fa09180c,3614,651336174
0x73b1714fb3bfaefa12f3707befcba3205f9a1162,3613,651339787
0xcad3ed04b33e32e4d9970d2d9e1a17b1e7a632d3,3613,651343400
0x202f1cbc8a208ee6dece54bb8837950b89e704b6,3612,651347012
0xe24e705564cd068a6da6bee02203e2a2d34b97ed,3612,651350624
0x9ffaa287f0e69c51b1608a4bec59ae60b69faba2,3611,651354235
0xf46b178e844f881f1c7499005a3b25b3b135cfd9,3610,651357845
0xb6f9cdad81e1d77b5139700284aef7d98d8fb05b,3609,651361454
0xc0bd5c193a090542e28151654e30d963fad57a12,3609,651365063
0x4e4c96b68dd328ee3aaa4b7320dd86e21d740332,3609,651368672
0xc45ebd0f901ba6b2b8c7e70b717778f055ef5e6d,3607,651372279
0xe4b36bbc01ead5a378d4cb088604bfe5ab2cefe3,3607,651375886
0x00333f17802bfb0df4bf1cbf7b673a7bdbf8a882,3606,651379492
0xb7fcd89ab15bf335bd2e370832e88a6acb41a848,3606,651383098
0x90bb0b538253d279642439d5f54f336414ec06f7,3606,651386704
0x514906fc121c7878424a5c928cad1852cc545892,3606,651390310
0xbbdb082325600967b0d410947ae1c5f120cc105c,3605,651393915
0x8fe050679aefc1402e5c47c3597a2e9198eb3863,3604,651397519
0x67981fb45531eaef0814f08647a960fbcc8b10e6,3603,651401122
0x20e2f18b378deb03354bc2c78fb98b3d9a4abbfc,3603,651404725
0x2777b798fdfb906d42b89cf8f9de541db05dd6a1,3602,651408327
0xbed77df458715df69838529694d10b17ff4d4844,3602,651411929
0x2c8652acbaba3d398952bd291b0baf29ba6f0ae8,3602,651415531
0x7932f0fd456084c829336452d6001f3c7dbf5639,3601,651419132
0xa38519c7fad8686369d39fd8161e219d715a2994,3601,651422733
0x5322a3556f979ce2180b30e689a9436fddcb1021,3598,651426331
0x6faa826af0568d1866fca570da79b318ef114dab,3597,651429928
0x38c4102d11893351ced7ef187fcf43d33eb1abe6,3596,651433524
0x23064705367d7940d9797aebaa627adda51adf95,3596,651437120
0xe10d75d7801293c9fce7727dcf74e84051e740ff,3596,651440716
0x7d6c1fcd1ee018cb12bcaeaa2f160dbf041fe37b,3595,651444311
0x9af15d7b8776fa296019979e70a5be53c714a7ec,3595,651447906
0x159a1dfae19057de57dfffcbb3da1ae784678965,3595,651451501
0xb95dd00b76c15b11ae82e875e9719029cd4d2110,3594,651455095
0x9b208194acc0a8ccb2a8dcafeacfbb7dcc093f81,3594,651458689
0xa198ca5f999c794c9935a05ab253006d561df368,3593,651462282
0x4fac0ccd9e2ed9fd462d42b66fb81ba9a1f6f25e,3593,651465875
0x1f69824fe3723aae8d4d03f4ff4081187b58bf90,3593,651469468
0x5b7093fe2491dfb058c94bcd62a1cd4d822f884c,3592,651473060
0xb4dd24b6b98ea9c18e2196e166f17b15f77b0a07,3591,651476651
0xd1a616cd3bd9db97639ec484d843d37f2caa3035,3591,651480242
0xd0000006196c4c44acfc3961c95f61a59a58fe3d,3590,651483832
0xd968b8a0738e071dfd4fde7fd4bbb3f383fea2cf,3590,651487422
0x024d43ac1dac185a888daa567b78b241e4eda9c3,3590,651491012
0x22a67ecd108f7a6fc52da9e2655ddfe88eccd9ca,3590,651494602
0x3a014022a43f397cabdc67e323996e2d20201a8d,3589,651498191
0x9c2b887e3c06bd77c04480dd1c7480d1d9ae0b16,3588,651501779
0xf0160428a8552ac9bb7e050d90eeade4ddd52843,3588,651505367
0x29430893589f627046776e906efa281e410bef69,3588,651508955
0xe21a092115cb47946a65cdd090f51031200bc814,3588,651512543
0x971ed653c77406819c28f29d127753c0943235fa,3588,651516131
0xcf61e590ed0dd43c99155de252289079c2345f37,3587,651519718
0xf796b85979e803aecd1a2bf259d90cbc3fd1b677,3587,651523305
0x51df69e49cc3ee2e29e00be14f9402d7682f0ee2,3586,651526891
0xc7478672416657ead456fe97a9e33f81c2cb0ffd,3586,651530477
0xe0e9ce6ba895e27b0f9bf37e5a9ce9a439cd558f,3585,651534062
0x70c621f949b6556c4545707a2d5d73a776b98359,3584,651537646
0xd4d39bd1bbb957ced06e96a5258d5b88b74db000,3584,651541230
0x8cac485c30641ece09dbeb2b5245e24de4830f27,3584,651544814
0x2d7b6c95afeffa50c068d50f89c5c0014e054f0a,3583,651548397
0x40e230d349daf337d01b765765c3fa0cd0cb930a,3582,651551979
0xc3951d77737733174152532e8b0f27e2c4e9f0dc,3582,651555561
0x50ca2de80e803bf4b00f188545bca959540c5582,3582,651559143
0x8313675d1405f3f7aee3da9d63e0bf5c30c75832,3582,651562725
0x0ca67377086c6ded3e567cd567fcd20a34e3970f,3581,651566306
0xe85c8581e60d7cd32bbfd86303d2a4fa6a951dac,3580,651569886
0x015496890621576deffae01db042106b23d76062,3579,651573465
0x22b85089476356be07fcc5e85aa80099fa24dbda,3579,651577044
0x8a31a724821c8c9b6e834bafffb9a63de8fdfd06,3577,651580621
0x08d23d6080510de1fbba75b50b01ae9dc36652fc,3577,651584198
0x88379ab53cf1cee29870002f969c2f91e2ca7eb8,3577,651587775
0x23526d7da4a36ae3ddb909d6e8f733a3cc703ad8,3576,651591351
0x59a19d8c652fa0284f44113d0ff9aba70bd46fb4,3576,651594927
0xd7fa57069e4767dde13ad7970a562c43f03f8365,3575,651598502
0x7c8155909cd385f120a56ef90728dd50f9ccbe52,3574,651602076
0xc0ec8caec55f37d47fbfa595727418868a21fd48,3574,651605650
0x813a823f35132d822708124e01759c565ab4331d,3574,651609224
0x0ed5e70874487bf21ee65343fb6c5fa13382cdb6,3573,651612797
0x154af3e01ec56bc55fd585622e33e3dfb8a248d8,3572,651616369
0x2d23fc45ed765457a04ef12db834c67c05de6225,3572,651619941
0x04969cd041c0cafb6ac462bd65b536a5bdb3a670,3572,651623513
0x9403ca0f802c3cc1a45372e44cdd7ed0e5cd1a04,3571,651627084
0x4c3e2ff1e6e571dc7902904971293f0b091785bc,3571,651630655
0x921fd42f147b26b51aa3c7fa3f2e2ce7704c2858,3570,651634225
0x8dd70c183cfa4f077b1711442ae3d54dba279367,3570,651637795
0xa704fce7b309ec09df16e2f5ab8caf6fe8a4baa9,3570,651641365
0x27392910fc7921ac3b451e6a4568906371941df8,3569,651644934
0x59f54eed3e1ea731adbfb0e417490f9b50e31b10,3567,651648501
0x297bd24a5db5ff7531e3a612838c7181bbf7a080,3566,651652067
0xc3f6df4175936addf7780142f9048d6d9ffdf4e7,3565,651655632
0xe481f2311c774564d517d015e678c2736a25ddd3,3565,651659197
0xec2e5c8d51fdd54fef83db8300399a3c2e167922,3565,651662762
0xd0660cd418a64a1d44e9214ad8e459324d8157f1,3565,651666327
0x512a4d492669e5f0746609d638796c0ad94276cd,3564,651669891
0x865e3707a580f9db89304005cddd050ade8873eb,3561,651673452
0x025daf950c6e814dee4c96e13c98d3196d22e60c,3561,651677013
0x460a5098248f4aa1a46eec6aac78b7819ea01c42,3560,651680573
0x143653338a0598090e3cd9944590a268524b2d4c,3559,651684132
0x754ec4b04c10a0373e849dc61f3112c94393e63d,3558,651687690
0xcb8ca9a088c26321f3905819ca299619db69b503,3557,651691247
0xbbff34e47e559ef680067a6b1c980639eeb64d24,3557,651694804
0xb12b490b6b33d2107cfa8f8eb106e6db641b187a,3557,651698361
0x3c037014486aaa5d509c5171d413c8b3022f1072,3557,651701918
0x0c6144c16af288948c8fdb37fd8fec94bff3d1d9,3555,651705473
0x3d5c50f93c6b307de88b4c63212cca746673278f,3555,651709028
0xac8491258d2d93228e8b49aac2e332a96f04e56c,3554,651712582
0x322a1e2e18fffc8d19948581897b2c49b3455240,3554,651716136
0xd0782e332dd1ae6cadec52cfe3d6977d6514f7a2,3554,651719690
0xe860b123b38306b0f3409bdbb6a8fe85ed61c6d4,3553,651723243
0x422e63a762f97222281a9f995b1344f67b1c63dd,3553,651726796
0x30c79dfb17dd06faeb3b1afe89b36d29dfe05d95,3552,651730348
0x25a17a5a907941aaf6d6d1c7aae9c9cc3a38680c,3550,651733898
0x4caecb46496b0af8b1b18d90773834ee8ccd8642,3550,651737448
0x1859f1867a0ceb7a6f3ef1ab4f9b42c28416ca7c,3550,651740998
0x11f5c92c2da3d3efab76ad456d31412ed4d1424b,3550,651744548
0xca9f8b981743b973356843b52959259f686f66ad,3550,651748098
0x09ddb304758caf024706dee2e92b569ca4823aa1,3549,651751647
0x701564aa6e26816147d4fa211a0779f1b774bb9b,3549,651755196
0x8948d977e43a02e9a85f7b76ab78a0ee7cbc46a0,3548,651758744
0x7b53b2c4b2f495d843a4e92e5c5511034d32bd15,3548,651762292
0x0db2b3c694e66351b950e428eabccb0f4a5c99c4,3547,651765839
0xde5120b839e79470f18a86cdc8e78ce48d1b30f3,3547,651769386
0xa0b8de2e0a91f110e4fee985b3670e0f44d0ea90,3546,651772932
0x8f81085f33f91379b01069e64896a841f555ae8f,3546,651776478
0x3758e00b100876c854636ef8db61988931bb8025,3546,651780024
0xa7a7af585c2a0a8d3f4eee2a218afe28d01f12cc,3545,651783569
0xbc3c868763b7c15d0ce527af455041919e9c07b1,3545,651787114
0x2a77a4ce668484b5361a4525038a1c12d561acd5,3545,651790659
0xa2c1e04aca801da92fa95af161040d37f103d69d,3545,651794204
0x63f1de0f78cc8395c2f31708d1978617e51c8115,3544,651797748
0x024109e34debe64ec1f45077caf6ddfddd6376b5,3544,651801292
0xa4112be97aca5b0cabf5e1efb35c99a0459b30c2,3544,651804836
0x22864c1a38d3fe3b1ff89db108ac30a6d98efc47,3543,651808379
0x0f7ba0f783b2210fc7c0de8d0020a9d8743bd842,3543,651811922
0xab8513802ee8d1958f04d181926bc33e5030d478,3542,651815464
0xee418a19d6620aa478489032c2cb63464dd3e690,3541,651819005
0x28e165a1b1acce2e7dbff58e81c4c7de5bb198f5,3541,651822546
0xa0d440c6da37892dc06ee7930b2eede0634fd681,3541,651826087
0x8a0ba07b4358de33efecff2f09f55c85cda14670,3540,651829627
0x5410a715af42e4d28b08a867cea8f29330513fdc,3540,651833167
0x30f938fed5de6e06a9a7cd2ac3517131c317b1e7,3540,651836707
0xcf12c8227ce211fa791f03d30e3af9dddbba8019,3540,651840247
0xf64a670a3f1e877031e9a62f2e382e4b2035b620,3539,651843786
0x3ea7fa6e281bce9f1391298fd7ed0cef2a1c5848,3538,651847324
0x3ba41d8e3720323e4e72712524e9de9c56dcd2df,3538,651850862
0xbe4274dfb7801948e2cc2a913744e9498ddc8d20,3537,651854399
0xc18166e01970be040d8c7761cdd1c3372ae1edf0,3536,651857935
0x34858eb7aa12242681810dfbea4dc8e9a239f7bd,3536,651861471
0x202f1877e1db1120ca3e9a98c5d505e7f035c249,3536,651865007
0xd70b14af8ce4e614883bca591e8696264c7f1cd3,3534,651868541
0xc5a0a17eabbb0e64dcd567b5670c8c5d5c34128c,3534,651872075
0x73ead35fd6a572ef763b13be65a9db96f7643577,3534,651875609
0x042969acfa0a586a939652612458a2387ab0073a,3534,651879143
0x2e11558316df8dde1130d81bdd8535f15f70b23d,3532,651882675
0x453095fc585c5fda2756ed16990463038a6d8a17,3532,651886207
0xc7251bb5c96cf034213b9ed82fc964ed78e97f0c,3531,651889738
0x53378825d95281737914a8a2ac0e5a9304ae5ed7,3530,651893268
0x32e485ae6ef232a13223d44163930504c6619a4c,3530,651896798
0x81c8cb1a249d3bac1d90ad3be592afba1a3ea330,3529,651900327
0x28481cdc0e4fa79164491d47e8837edeb3993f20,3528,651903855
0x63a3f444e97d14e671e7ee323c4234c8095e3516,3527,651907382
0x95428a87f3ff503e6132a5f370bc33df20bab170,3526,651910908
0x518d9b29769bfc44246309289bca6189573413a9,3526,651914434
0x84ba4aecfde39d69686a841bab434c32d179a169,3526,651917960
0x2c063a26bae823a7497cb4bfd2b9dc5d4d124a16,3524,651921484
0x1d5321e125f6c7079a716705541c7b371ca79e69,3524,651925008
0x081396ba70b5ad0c0e3c2c34e368ace95bdd72e4,3524,651928532
0xcef38fd768c0b468772ce9215d3af8473a0d7823,3523,651932055
0x951f614f81da09c90e6187a14b759f98ed9e7490,3523,651935578
0x3656bd0f3f07623bb7f429b390d208f894e44ece,3523,651939101
0x58a3c68e2d3aaf316239c003779f71acb870ee47,3523,651942624
0xe969b08a8e63f7707f365b5340fd9ba9b18d7e7b,3523,651946147
0x082903f4e94c5e10a2b116a4284940a36afaed63,3522,651949669
0xa874fe207df445ff19e7482c746c4d3fd0cb9ace,3522,651953191
0x61725f3db4004afe014745b21dab1e1677cc328b,3520,651956711
0xef44786095b1e637d65ce16a2490c525da13312e,3519,651960230
0xe65e6c462119c311d57fd31bdeba502cccc504b4,3519,651963749
0xe0b9bcd54bf8a730ea5d3f1ffce0885e911a502c,3519,651967268
0xbbda9b2f267b94147cb5b51653237c2f1ee69054,3518,651970786
0xef77624bf05e5b085f92098c52d42a6973705553,3517,651974303
0xbdbb0ee6144544ec814d417b0ad41f16fc8b858e,3517,651977820
0xa45cb1bbb00cd9c28435c58df11c6a3f08f36302,3516,651981336
0x4fac33dabfd83d160717dfee4175d9caaa249ca5,3516,651984852
0x02b5e0c10862c8d24585c00282bde99d09831a6c,3516,651988368
0x2b6237d6ff66d4af737a1491841fe7cad6602bea,3516,651991884
0x1871aa9676d44ad0d8d297a05e2406adb2ec54a7,3515,651995399
0x30f213a4e5f49b9ceee2db11ff64ad51c2fb92cc,3514,651998913
0x9e905f5b2b07b5e1dc71a86901de0e717eebb12d,3513,652002426
0x5d4a46f518c27e136876c1829d48b8488ec5e68d,3512,652005938
0xc67b728a1809826f776239b53c3d8730b912137c,3512,652009450
0x01da73c4ec1355f953ad0aaca3ef20e342aea92a,3512,652012962
0x1abe1d973b6234875929f7d281c63bfbd6c55d42,3511,652016473
0x9759a6ac90977b93b58547b4a71c78317f391a28,3510,652019983
0xb683d83a532e2cb7dfa5275eed3698436371cc9f,3510,652023493
0x2a4136cfce3bd86c5131879fa62d70a9a9207bc1,3509,652027002
0xda25e5b939643a51375eee932aed11b92a9bc003,3508,652030510
0x9695e0114e12c0d3a3636fab5a18e6b737529023,3507,652034017
0xc8b4ebd2201053588b9f57b189244ddaf3166a73,3507,652037524
0x7847426b80b2565d14720b9ed0243840250c15aa,3506,652041030
0x6e626a14316b142d785aa71e251547f703197847,3506,652044536
0x3be90f3ac213a730d9091bdda45a2f69ad98892b,3506,652048042
0xb4974ee079b2a1ae9dd86c8f06047eb3836a18e9,3505,652051547
0x87766c251f604163b23802c6b30dae398f49528c,3505,652055052
0xbd2949f67dcdc549c6ebe98696449fa79d988a9f,3504,652058556
0x56ee8c9bd1d445a3324ad83e86d8be309db8f85d,3503,652062059
0x6b785a0322126826d8226d77e173d75dafb84d11,3503,652065562
0x49aec0752e68d0282db544c677f6ba407ba17ed7,3503,652069065
0x3d3367b2ace056df6857531b81d470589b6c6176,3502,652072567
0xf926273774edb31701e13c77f7cd200ffe5529e6,3502,652076069
0xe10a2d74e7233e4e66f361a116b2ab1f61dbffcb,3502,652079571
0x5fcce8ab5500ed68ff5d6d75af1071195215d97e,3501,652083072
0xfabd2db0e14667a76847297968edcbeb3d92ec8e,3501,652086573
0x5663028af4745308d5249de455e096f6eac12635,3501,652090074
0x728d52789bdcb8e4b76172c0120db8ef97914f64,3500,652093574
0x33a1209ba88f169354ea8e2d35834e3adba6b556,3500,652097074
0x69f64d814aa278825997e71738120392993973a4,3499,652100573
0x718c0b936d98897d809525284e35d29d9fa97987,3499,652104072
0x07843bddc1d39832f57701c06562934fab925b69,3498,652107570
0x3bbb696894be223341b808406cf10f6c23b42ecd,3498,652111068
0xddfbcd8a07a322ed429a21dea7683fff095b751f,3498,652114566
0xa6858b98e5c14db67ec22c668701b1d33a3de1f7,3497,652118063
0x3fd2e747cea0e8a78f1827ea2ffd3334628a600b,3497,652121560
0x0ffd527bbf41cbd203f183207942f323667d1afb,3497,652125057
0x87d9c1b10ee88b25bc8960595c39bc20070d72bc,3497,652128554
0x7469966be391e8fe5e85ab972819560c7c3d6e4c,3496,652132050
0x8a42512e54f30b3a19e699634fa3876551268f6a,3495,652135545
0x6e947d437fca84d7c3140cced7a50a208c4b790e,3495,652139040
0x3f344c88d823f180fb8b44a3c7cfc4edc92dfa35,3495,652142535
0x2f40288b31b1af5281e89202a8f25a8fd249eb04,3493,652146028
0xd15ecdcf5ea68e3995b2d0527a0ae0a3258302f8,3493,652149521
0xd3fb5cabd07c85395667f83d20b080642bde66c7,3492,652153013
0x1d6cc739d4d089ccd449a968cf891b0f369e2ccf,3492,652156505
0xe63d6b308bce0f6193aec6b7e6eba005f41e36ab,3492,652159997
0x3b4796b67f2e10022b423c8f58cdaf5b1b8946ce,3492,652163489
0x8084db66552b505cbf18359cb4ead0fb059c65d8,3492,652166981
0xf1ed082cec7ba5523ecfc8f9e5381c8a5ebf83ab,3491,652170472
0x5b09a0371c1da44a8e24d36bf5deb1141a84d875,3491,652173963
0x062f90480551379791fbe2ed74c1fe69821b30d3,3490,652177453
0xe4c07f4637df3a0354f9b42a1b3178dc573b8926,3489,652180942
0xae6ce353b264e4cdfc1966963b92aac0a4e6caa5,3489,652184431
0x8830a591c36db92c252af317af7cd7cd251670f3,3488,652187919
0xf8bfd0cf1c6f948339d5bd78444bebd78e43ae26,3488,652191407
0xc8d2ab2a6fdebc25432e54941cb85b55b9f152db,3487,652194894
0x90528aeb3a2b736b780fd1b6c478bb7e1d643170,3487,652198381
0xff71cb760666ab06aa73f34995b42dd4b85ea07b,3486,652201867
0xb52834a6d5e84c08b60d8e1a5255b999fc0c729b,3486,652205353
0xe7bd68547f41413a6baa7609550a7eb58c84c406,3484,652208837
0xb20043f149817bff5322f1b928e89abfc65a9925,3484,652212321
0x249f71f8d9da86c60f485e021b509a206667a079,3483,652215804
0x135093731f61dd5cbfd7744751bf3ced3aaa69b1,3483,652219287
0xecd6b4a2f82b0c9fb283a4a8a1ef5adf555f794b,3482,652222769
0xbc4257bb5595306d7cbc7112429d18b8946dc42f,3482,652226251
0xce49c3c92b33a1653f34811a9d7e34502bf12b89,3482,652229733
0x9b92f2338f53a1f1b469dcb496fa800d287bc66f,3482,652233215
0xe0becc40acae7beb2f63002de8d51278f8a369d0,3481,652236696
0x50fbc46585e60d43bc4f63ad0fc1ac1dcce5ed11,3480,652240176
0x5a6dcd18e7e8e7844a8cbb02390c3392e165036a,3478,652243654
0xeb9e3267a8083eb1e03050df34cb4b5929b2e27f,3478,652247132
0xa50a1954f14ba6703fa7d92b3d2516167e8d1649,3477,652250609
0x88735c50abbb3658ca4d03e37240ff99a9426b75,3477,652254086
0xc8650a5381b62e2e75f5db74c1e0425f745fc960,3477,652257563
0xe26517a9967299453d3f1b48aa005e6127e67210,3476,652261039
0xdcaad9fd9a74144d226dbf94ce6162ca9f09ed7e,3475,652264514
0x5472e246529ba0c2917eae93d27a7f955d4b1eb4,3475,652267989
0x06ce8be8729b6ba18dd3416e3c223a5d4db5e755,3475,652271464
0x0a2eaa1101bfec3844d9f79dd4e5b2f2d5b1fd4d,3474,652274938
0xf058ee35f381a12b3a0f504025419dcaf047ce7f,3473,652278411
0x7b2f9706cd8473b4f5b7758b0171a9933fc6c4d6,3472,652281883
0xa7d251c1265682c1b3ca6b0710a4e59598052960,3471,652285354
0x4c902a3ff72dcf01bac6b9d0438565e649a87404,3470,652288824
0x471e00cc2cdbb7d31bbf950555402759cbc73357,3470,652292294
0x882448f83d90b2bf477af2ea79327fdea1335d93,3469,652295763
0x570a2b6de3b83fd09ac88bbc82d7cb375dce7b56,3468,652299231
0x9a016ce184a22dbf6c17daa59eb7d3140dbd1c54,3468,652302699
0xda68f5ca1a79c2858aa732334e0b1abbb261af52,3468,652306167
0xd7fc11b34d7bae2e94b958c4ab06d950f0bd4c3e,3467,652309634
0x3121f5c0cd4a0d354e07062dc44d599c2cd94c40,3467,652313101
0x3b539a7bd8c8ae57d5b5f5b2fcc4de16d28a37da,3467,652316568
0xf9520516c8e16fd500dff0c27916c81fadb67341,3467,652320035
0xf832484f0c9f6b7cd5c945488899035467508a5d,3465,652323500
0x25ecd8bc505f57e6df7f0475f992220da96be896,3465,652326965
0x0619ed1187ecad8d089269ce6c21ef12c8c0b72d,3464,652330429
0xbc1b286a69ce3adb90db43bd862098a358869bad,3464,652333893
0x2a7e79b5f3d8efb718943191a6daf19955a501f4,3464,652337357
0x2aaaf1f03c47acd2ae6c0175004b27d1abcbfb77,3463,652340820
0x2e3394d3cdcbaaf2bb85fe9ab4c79cef4d28b216,3463,652344283
0x5d858bcd53e085920620549214a8b27ce2f04670,3463,652347746
0x4406deba31861a67d291189ac74f734bb0b1cef2,3462,652351208
0xce96c75b5b2252efb6d22770c7d7a3567c4c30f1,3461,652354669
0xf4e838d742c17feb5a085d1673107cf5c848fdbd,3461,652358130
0xe15c61c60fdf5f4552c5cd8a041628895925f8bd,3461,652361591
0xb9385880558a319fed0a79f0f7874d87a52176f4,3460,652365051
0x70965361f143d268342c84b4d6f7c41b438cd5d7,3460,652368511
0x35596efadd677a83ca34f2b361a42704dabe7b91,3459,652371970
0xa9a27095c576c50c394199d620560a9701241039,3459,652375429
0xeba2ce101ede65d602f6f739f3e720db693187c2,3457,652378886
0x80d1e7668d3aa2f469d8a2bf5c54f89bd5f7c8fa,3456,652382342
0xe95990825aab1a7f0af4cc648f76a3bcc99f25b2,3456,652385798
0xb5ca46cf1da09248126682a7bd72401fd7a6b151,3453,652389251
0x2681eaa8a66bfa5e490edfffd6b244b79183e546,3453,652392704
0x884181554dfa9e578d36379919c05c25dc4a15bb,3453,652396157
0xb54db0ff63706146f0fea402cb4a3fc2152c1bbe,3452,652399609
0x6c84652510c8b61c6602a6ef86bd94d0201cc01f,3451,652403060
0x4a95f34078254bc82b64b8ac9040e375d8f5d6aa,3451,652406511
0x69064f400f992bf9056c3c483ae93ef714cb707a,3450,652409961
0x2fe3e4b2237baf11abd6ca467f312c361ac1c601,3450,652413411
0x544e7805e2e893c2fab3c39c4db49e93db8097ef,3448,652416859
0x8bbd09c62221089c792e98631f985981e87fa0f8,3448,652420307
0x6242a2762f5a4db46ef8132398cb6391519abe21,3447,652423754
0x0b30b161a96387c1e0c687e404bb08f3444e444a,3446,652427200
0xdb0f69306ff8f949f258e83f6b87ee5d052d0b23,3446,652430646
0x58af4c5a2a0c9b414891da7c3ab73c922acd5fd4,3444,652434090
0x7f478b6c313cae4d36c1a6c0fb7c366b441bde58,3444,652437534
0xb7be9c14cfa34d2bd58eb34982ee3c7842a967e2,3444,652440978
0xda9c03dfd4d137f926c3cf6953cb951832eb08b2,3444,652444422
0x9f42a800c80c18646a9e9e475e6451196e16888e,3443,652447865
0xab6384c3d1ea3318200b0232e845e1e11266eb1d,3443,652451308
0xd0af0bc8359c0338dbc1f9ab7056e42b9ed7ef58,3443,652454751
0xaeaabb69dcb0fe926b1979f0b032fcd17fd7b2e0,3443,652458194
0xcc8e14849168999dd97e7bd5944ab1f1af7330dc,3443,652461637
0xa8bb73a44dbd481dd2c32a45d062777c7d6e9cf5,3442,652465079
0xb944b46bbd4ccca90c962ef225e2804e46691ccf,3441,652468520
0x7d5edcd23daa3fb94317d32ae253ee1af08ba14d,3441,652471961
0x4b92a948ced9d457b4655abf62ed930a090f8566,3440,652475401
0x711be3489ba1f679b6683d1ec467d79a119c6b8f,3439,652478840
0x1199e1c21c89bf9653dc2996fed7168a6b587655,3439,652482279
0xa6ff73743b2fd8dedfacea4067a51ef86d249491,3438,652485717
0x9a60b63599d9d6cd60efb2fa473fcc064d9c667c,3438,652489155
0x3b46d3c8aea72575c2c17f5604a0916e5a994a3b,3437,652492592
0x45189f5708ef158f4fca7b41f1274e1f7b645429,3437,652496029
0x5aaefe84e0fb3dd1f0fcff6fa7468124986b91bd,3437,652499466
0xcdd26912550ba9f2d2b18f6fd749625fb975515e,3437,652502903
0x73c806b53e5f4ea7e11d6c5ceae03b54948b7501,3436,652506339
0x77c0d346e8b05af0763ec1e2ea9cd08dc0e1a25f,3436,652509775
0x9dfd3c58c5e558fbf8fe748de0b775a3213bd333,3435,652513210
0x3605fbf7529018d5b7d7ea38b3e6c73bfbd3fadf,3435,652516645
0x28cc704536e1a6f7e6bd69d4a9d75ac8ebe832f7,3435,652520080
0x9dc7e6713b02ee3f870cd63aeb50a656ddca66ba,3434,652523514
0xc75e132cb0079b1a1109f7fab7aef2c9dd334140,3434,652526948
0x8f9933218213c9bef8048cc4618ebb1df96bde8e,3434,652530382
0x566ff8d8bd6de69d2af4e3cf9153e2cc77c7972f,3434,652533816
0xc798d5ed657adef1ca7bc6090c590319dffe8979,3434,652537250
0x11f8dd7699147566cf193596083d45c8f592c4ba,3431,652540681
0xaa82ca713d94bba7a89ceab55314f9effeddc78c,3431,652544112
0x34f24991234067b63149d34691b5c17641afe60c,3429,652547541
0xbe5e5a1561334311ac22552aab9bdf83fbffbea7,3429,652550970
0x7d03cecb36820b4666f45e1b4ca2538724db271c,3428,652554398
0xa5629861c9c345f50221996ef852fd9665eb1c05,3428,652557826
0x19c9872640ec38c2cf36c0f04d1365ef067869b3,3428,652561254
0x4d5afcd4f2f64f9a781bbf16889ee0c4aed13e41,3427,652564681
0xec79e0efa4ae3d8b3c9fbcee21683c7f2e507b66,3427,652568108
0x21a3fdbc4e9201e85ddd58b7b320ea5aa581fcd6,3426,652571534
0xb6da1968b2585ee09c2a7f6ae959d4a50bfc291f,3426,652574960
0xa83af809975619477af73b179e05e04a1ccea953,3426,652578386
0x221ef990b65e3fdf6a1c26ee34a816e056a63245,3424,652581810
0xdec4e4176e38aa0ac816fc4a2a8be19716029bde,3424,652585234
0x921a5be824376889f46eb95bf025584cbf398bd6,3423,652588657
0x1f224c07a3d6cafa422072ee17f764c6aacf2d56,3423,652592080
0xf7fea240c0af4650cd024354c1b1eb975203adcd,3423,652595503
0x395cca6dec865eb1f633d84c77220c40f26395bf,3421,652598924
0x1e5a7b9b608436e940b7292b1c95c81281eb31df,3421,652602345
0xfa5ad421ffbc3a0db61b463d393946c783edd7f8,3421,652605766
0x2723916b193cce7e02f496e062c4adbb1f0bc96f,3419,652609185
0x57b80ff53ff9b040a2703507732574302d5e68b3,3419,652612604
0x72a6344185b383035d6665c3f44a9dfcc73873c8,3418,652616022
0xfb7206c361d48de7d2dbeb32c77c476d833adb42,3417,652619439
0xff476685daa541898ce6b776e54c7c011d41418b,3416,652622855
0xb4d3b111fac936f104ee137e21b195fc0e91db14,3416,652626271
0x0d38ba56a60343f421d130cf80f676929c7ede28,3416,652629687
0xae3ca20c71acf54c8926d26d8c97548f8b0a4a51,3416,652633103
0x438d564c7644f9a8b3f17eb7263319ac1185357a,3415,652636518
0x14216e2b419b3030c072cdfed288629a4bdc82ee,3414,652639932
0xa94ecca7265dfb549ded263fc44c62f327badb2f,3414,652643346
0xdd806c4fdad2949a97fda79036cfbb8750181b37,3413,652646759
0x88ff79eb2bc5850f27315415da8685282c7610f9,3413,652650172
0x9e13b6b22b56d73122d57d56101b32f853481fe6,3412,652653584
0xba64a4c4da90742ca8d3a5f831d0850fe5685378,3411,652656995
0x767696e13ff990d09954c7a36a49e2c4a1c804bd,3410,652660405
0xad583cbe6c3b12aa0233341caf856c5ac5967357,3410,652663815
0x26d08b9d227933a85e855656dc46ab889e183c88,3409,652667224
0xfca9993ac5636106577b6c91de4cb5d7b53c761e,3409,652670633
0x82adce3b6a226f9286af99841410b04a075b54d5,3407,652674040
0x89ad9d0c2bb21f2a6977c131d504a4bbe4283a05,3407,652677447
0x57ad17dd47ddda698cdccbc98982000f4c945eb2,3406,652680853
0x9fb7e5f71517c9b0059e3200b51bbd1477db333b,3406,652684259
0x24d77c210a014b1e123a0878f6c903df74a2317b,3405,652687664
0xdf3a0a958f5a599aa8f3071aa6488c22416efb89,3405,652691069
0xacb14d6351e83f9ffc4fc269ae54aba0ef3bd087,3404,652694473
0x4ca9b3063ec5866a4b82e437059d2c43d1be596f,3404,652697877
0x4ff05fe671b8e9de475d9d2b12e71213f9398545,3404,652701281
0xe25a329d385f77df5d4ed56265babe2b99a5436e,3403,652704684
0xdcd19f030f58cc128b87b2dab6c4316bd9340dac,3402,652708086
0x6d37b36d3212c620e7f1f62b7b3d91b140175273,3401,652711487
0x8cf6a9724fdd81bfab3ffaea42554459d45645f9,3401,652714888
0x9630af6beae13e3a472958bb935030087d45a1a5,3400,652718288
0x37e808f084101f75783612407e7c3f5f92d8ee3f,3399,652721687
0x62f9b20ee47e13f8ba3724712be8a31f9bc87605,3399,652725086
0xebcf3bca271b26ae4b162ba560e243055af0e679,3398,652728484
0xc9baa8c3f8f7ad77b2eebc6aba044fbb9e20232d,3398,652731882
0x86911b82bfa596e9377836838ac1f0d9ad4ecc19,3398,652735280
0x31fdd1c6607f47c14a2821f599211c67ac20fa96,3397,652738677
0x4aca555cf34810272eaec5807b02bd601161c76c,3397,652742074
0x64eda51d3ad40d56b9dfc5554e06f94e1dd786fd,3397,652745471
0xb4d9dd5cb9e40c1a51e0e47f5110a643c28b0301,3396,652748867
0xad2ab1e58cae48ca35dc009ac182d713253de06a,3396,652752263
0xef731ab30bcba5bc16faef364f743121056a06e1,3395,652755658
0x5c367c1b2603ed166c62cec0e4d47e9d5dc1c073,3395,652759053
0xe55cc44c0cf9cede2d68f9432cbeeafa6357ed92,3394,652762447
0xc2b67c9c68ba4ac7c549cedd9f3b46a142a5a761,3394,652765841
0xb0d91cd0c6ae564ecedc963f768e6895babf6119,3394,652769235
0x2a6724e8f633e3c98dab2a33aafbf3d76a23c801,3392,652772627
0x9c008a22d71b6182029b694b0311486e4c0e53db,3392,652776019
0xbfb45549e5630e1f4e6bb4d3f7132563100e08c9,3392,652779411
0xf2aec2de056f38e2cee2b2f74929708d920e24ee,3391,652782802
0x9e96236e3203b0eebda0276b744a3932cc433f69,3390,652786192
0x8e101c4dd4658a23159ee54b30fd7dcda27bd405,3390,652789582
0xa1931a364f089f6ac82353197d54743a58594814,3390,652792972
0x541ac191df2e49197c21288556876e3ba4c37a07,3389,652796361
0x536381a8628dbcc8c70ac9a30a7258442eab4c92,3387,652799748
0xa10ae543db5d967a73e9abcc69c81a18a7fc0a78,3384,652803132
0x9a03e941567a53e384ca19e20fe7c8813b0c4e33,3383,652806515
0x2d715bbd76dd3326fa6aebddb952ba137da3508c,3383,652809898
0xa3afe717038d4e12133d84088754811220af9329,3383,652813281
0x4af45b584b3796d6e1330a6e23e120df7c8666e4,3383,652816664
0x72cd8f4504941bf8c5a21d1fd83a96499fd71d2c,3383,652820047
0x83076f026b72df648673f9a81c771ae9c7446f21,3382,652823429
0xe99277b38da2f896ff7bc3af91d65ceb40a31a47,3382,652826811
0xc5cf394b9d0db2861f7a22c189d9f1c4929abe04,3382,652830193
0xe4ff95557f9aba07507ac0851a54c1244be4b723,3382,652833575
0xec681f28f4561c2a9534799aa38e0d36a83cf478,3382,652836957
0x88c5990ecf5bdadf3bb97fa3b214bea71c7231cd,3381,652840338
0xc31a03aca013f86865555f4e71c336c5958b0f5b,3381,652843719
0x47a92221f103abbbe9492e5cd14e7e6c445f6740,3381,652847100
0xf4e4802b521458380ccfee452d6f9b8b3fd6cef0,3381,652850481
0x99641ef8bdeddc76d8253aa3e8604087490667dc,3380,652853861
0x210a5b9f359f8571a5ed09aad603b25940178ec3,3380,652857241
0xe6a4f92579facb4026096f017243ee839ff72fd1,3379,652860620
0x044617742e9f9103173cb9774246239a92931a0a,3379,652863999
0x302a6eda4e2b2c563a80cc17bd80a1251b986677,3379,652867378
0x50a32dd491485bfae6f85a6fee94ef0cadcc101c,3377,652870755
0xd3551ab3018edb9e1c1111e966cceffdf625a730,3377,652874132
0xbfb71eeb4d41af889a8b4dbc2c82e83e6d6a99ec,3375,652877507
0x22a1b26bfb867dfab91b16f7872bcdf559d5427f,3375,652880882
0xcdc412f306e0c51e3249b88c65423cd16b322673,3375,652884257
0x925044c51db653459a23dcd7ac3e30afea51e54a,3374,652887631
0xc874b064f465bdd6411d45734b56fac750cda29a,3374,652891005
0x41d8be1122609874e12d5ec25f826a429ededd74,3374,652894379
0xbd6c9fca686ee3e16f047222aeee9129c62663ca,3374,652897753
0xb236013339791da17ad8de89c7b2e50115565aa7,3374,652901127
0x1de09690e0d3c75c22cd19acc1aebde46bbc7d25,3373,652904500
0x9d0ac11d471d419250012dd702bf9f5140f226f9,3372,652907872
0xa6ba0aa61ccd254fd92d548dfe87d06533649c12,3371,652911243
0x41d0496b954c975c8513f72fce6f92536bec60a9,3370,652914613
0x8576acc5c05d6ce88f4e49bf65bdf0c62f91353c,3370,652917983
0x6fe355c62c6faf6946ce888ffaba9fd12355ae27,3370,652921353
0xdec4c6362d1c237ef634293a8bba15b17e1481e3,3370,652924723
0x73e210304d99d900ad2555e930f5e0c53f2c8a0d,3369,652928092
0x26051506490987f899c98e84cb5513d66a16f74b,3369,652931461
0xafff04fbfe54cc985e25493a8f9d7114012d6d6f,3368,652934829
0x662a44fb5740d2031228dce2e2df66c49b850b6e,3368,652938197
0x804f53b96207d0142ae93196ccddb93442c0faa8,3367,652941564
0x182f4c4c97cd1c24e1df8fc4c053e5c47bf53bef,3367,652944931
0xd0658324074d6249a51876438916f7c423075451,3367,652948298
0x374d60bc9678d16d024619d2dc3e5d235a5ab1ef,3366,652951664
0x0f4aab28947725f25a863d1ec09858ec0ac43dfc,3366,652955030
0x77208a6000691e440026bed1b178ef4661d37426,3365,652958395
0x2c4e94c48db4a9c8977aba3cbb9e5c4d94f9ecfd,3365,652961760
0x08e411220e47e3fc43bfb832186aba95108f2861,3365,652965125
0xdf99c7f9e0eadd71057a801055da810985df38bd,3365,652968490
0xea4c9c6249a05b6abd4aede99a185b03948909e9,3364,652971854
0xeaf64ac118e5cc975360f0719b614fb697e09796,3364,652975218
0x0911c20fa0de5f9748ac54c35f788e07e37507d5,3364,652978582
0x5674f37d6a675ee934a3fb5dfa4668bca3e046d1,3364,652981946
0x271229471db34b737771bed9e615b222b03a1e36,3363,652985309
0x0fa9198bb9ca66260fa9a182f27ebbaab55430ff,3363,652988672
0x5a998a8b548e795ee3d48838a8f1f39a831c2ce7,3362,652992034
0x66fd97a78d8854fec445cd1c80a07896b0b4851f,3362,652995396
0xe7f445b93eb9cdabfe76541cc43ff8de930a58e6,3362,652998758
0xf918b5742dc44f7de03b4e4200a9606e9c513a40,3362,653002120
0x31bb711de2e457066c6281f231fb473fc5c2afd3,3361,653005481
0x5f038e82bb69b6a52fec7a4a38163340b98fb1e4,3361,653008842
0x4572f2554421bd64bef1c22c8a81840e8d496bea,3361,653012203
0xe5fa9eaa53aff323f9a581551a9bb2ffb4282c8a,3361,653015564
0xef1483ef1bc192f1c8201df89f9356fe80652089,3361,653018925
0x214324c8a613ef7775b9180aab1e239de6db8395,3360,653022285
0xa462d0e6bb788c7807b1b1c96992ce1f7069e195,3360,653025645
0x9cc127f5d07624e5e31c7f022ee7ad1283112918,3360,653029005
0xabab7d0b574b417d694d85ebed11a4a7adf1bcdd,3360,653032365
0xf42c06a58d4e538b6856afc206b13c530263c2c2,3359,653035724
0xcd77015d13e3ad77bb09d9c46c6e4393d5ea2a6e,3359,653039083
0x44f946f93272322341eeb42977b0b0ed090c8f9c,3359,653042442
0xc299004a310303d1c0005cb14c70ccc02863924d,3359,653045801
0x53361ff1a9cf7aa57f811885ad5f61563f560570,3359,653049160
0xd35ea37d4c3990db5437731cc0a7938de4b9f274,3359,653052519
0x27d99a6d64e8fd38a47fb87df2d80867d6c1592c,3358,653055877
0x3fd8f39a962efda04956981c31ab89fab5fb8bc8,3358,653059235
0xb0ac3a4b6762ee388e65f5b005ccdd36867d20c6,3358,653062593
0xbbcc7196af48ce591d4737636a812f5f658d13ae,3357,653065950
0xebc5bdd91a5c4b0d8a2b386240b6d1c776c670e1,3357,653069307
0xa6272359bc37f61af398071b65c8934aca744d53,3357,653072664
0xdefa4e8a7bcba345f687a2f1456f5edd9ce97202,3357,653076021
0x267353a2cc8b329d8ed3a13cee17adf2427fa680,3356,653079377
0x5056440f5ae5c815739aeab64de0f68b7cdc2cda,3356,653082733
0xa0470c083099fd02fd76f9cb6285e826c13ca9cb,3356,653086089
0x861d899e74ec0e84fa8a15ba58088bb3baccb6fa,3355,653089444
0x1944c6f54adb445018cd37f3503ea93792c947e8,3355,653092799
0x8a1a9477a710d470575b1da335e524b27e8091ab,3355,653096154
0xf8e61bd17b433a0bf5e5f00347b834294355696c,3355,653099509
0xa9cb61189803659553b5d025dce93fb43814c917,3354,653102863
0x2aeaffc99cef9f6fc0869c1f16f890abdfcc222b,3353,653106216
0x0579335fba454ed617504f1374bff0c68b4a11d2,3353,653109569
0x2a4246c318b5ecdc3ead2d61ea0839bf88f7727b,3352,653112921
0xbc52dda0312bf75dd4018fdd54cb903f221b534d,3352,653116273
0xc6a5f4a0d846b0653f25e2c907da0399d52285ba,3352,653119625
0xf6bc5ddb21b22b76a31c719a8ae904232055d876,3351,653122976
0x1a243e6395b971cb72b303f150a257c9f8745e28,3351,653126327
0xdbdd6f355a37b94e6c7d32fef548e98a280b8df5,3349,653129676
0xeabb8996ea1662cad2f7fb715127852cd3262ae9,3349,653133025
0x965697b4ef02f0de01384d0d4f9f782b1670c163,3349,653136374
0xc6c2a8f2c957806ac0580b46d84d2717291b9df1,3349,653139723
0x163c754ef4d9c03fc7fa9cf6dd43bfc760e6ce89,3348,653143071
0x475ab148c1fb478ee71431af9030ac72c5a6db4d,3348,653146419
0x1c5b760f133220855340003b43cc9113ec494823,3348,653149767
0x259059f137cb9b8f60ae27bd199d97abb69e539b,3347,653153114
0xa2b47e3d5c44877cca798226b7b8118f9bfb7a56,3347,653156461
0x206fa533745f133904480948283f3515dc625e7b,3347,653159808
0x7d0a23df60f45d97c61649b6b3bb902414657db1,3347,653163155
0x33840024177a7daca3468912363bed8b425015c5,3347,653166502
0x8678b5fb41d87f4bec43b3142bce852366100336,3346,653169848
0xb69096a89389638518725adfcf279f3f82efa2de,3346,653173194
0x6cb4ad504816bd3021ae48286f018ac725239b89,3346,653176540
0xe46eecfcac5d9d22498eb83a58d3b80dac9dbda5,3345,653179885
0xa0306fcae88f84cbbe2cf784b1046a94def54015,3345,653183230
0xfbd53b345a479177fec70e7ca11f0952fbc3032c,3344,653186574
0x117feb9121de09090feab142be10f62244d8b52d,3344,653189918
0x851adee313d6e0a6d656517cbf969c15ccf01d23,3344,653193262
0x6b3f3b20c5747c78abd5a53489d868e2c9fbf904,3343,653196605
0x5a96c316eef16d0265d95151dff1e5818f7facf8,3341,653199946
0xc6e38d2faae7c71f84db1703886383939f9a7c87,3341,653203287
0x08350dfe9b5bca39599b20e0ed92c5c78dc8a891,3341,653206628
0x49235a95f2deca6f8bd02179b106f72e7e984af5,3340,653209968
0x9eea7965ee59c304f81d602ae1d9a3d624429d9d,3340,653213308
0x87edffde3e14c7a66c9b9724747a1c5696b742e6,3340,653216648
0x687d9d6839817db4574aed33f45647109dfe9c2d,3339,653219987
0x5a21e141ca90e46a2ee54f93b54a1bec608c307b,3337,653223324
0x5c93bfe7d725d6dee8e65a2b670f1d401b1a5152,3337,653226661
0x45128cb743951121fb70cb570c0784492732778a,3337,653229998
0xf784682c82526e245f50975190ef0fff4e4fc077,3337,653233335
0x0829d2d5cc09d3d341e813c821b0cfae272d9fb2,3337,653236672
0x233cea452c8b2e46f54d3772592edfeb8edbb763,3335,653240007
0x955baa6452f789735a5953683bfa9125d3d2e37e,3335,653243342
0xa9c212a5e6b9ad926358b4a432a0bedf6fc807d5,3335,653246677
0xf9c4aea53ff38041c2070fc9e7906ee82bb8837e,3334,653250011
0xba77f6843a10870ac9fcbed08bd5ffe9818c487b,3334,653253345
0x577f04d8e049cc9306d4becf25cec6e5c4de214a,3334,653256679
0x4571753311e37ddb44faa8fb78a6df9a6e3c6c0b,3334,653260013
0x64280d99458a352a5e728703ef66754ae6c86a6f,3334,653263347
0x16d4f26c15f3658ec65b1126ff27dd3df2a2996b,3334,653266681
0xedc6cca4cd34e2164ac7c3ed566837d7b7a5e433,3333,653270014
0x780c0c651c4f676a6ccadc09e34150f97ce0066b,3333,653273347
0x83a8d39de53f4b679154fb19beec37288bb96f28,3333,653276680
0x143e65c327c955dde17bf67166b12d6832b8a1d6,3333,653280013
0x92b767185fb3b04f881e3ac8e5b0662a027a1d9f,3332,653283345
0x0b6e701cd51a9e1b5829a4c4fe2130d60c0c4f6c,3332,653286677
0x3a880652f47bfaa771908c07dd8673a787daed3a,3331,653290008
0x59f1b6d0f5105cf025a3de58858a9363f4fef084,3331,653293339
0x02a8bdb56126b3e473ea7eb0689f49b6503ed329,3330,653296669
0xeb51df201213a067227115662ec3787b92956890,3330,653299999
0x549ed593defa6ce92fb8e8ce08bec1a804ca1fbe,3329,653303328
0x14eb60f5f270b059b0c788de0ddc51da86f8a06d,3329,653306657
0xd820f624ff62029243cf5777621c69aa294ba936,3329,653309986
0x963f86da34cf2ce619d4b8e5ce96577943f95b6b,3328,653313314
0x0dbb4b96a23ea7943bb72a8f16cc2c248f372935,3328,653316642
0x5a7802e66b067cb1770ee5b1165aa201690a8b6a,3328,653319970
0xa061161b79785b08dfd6e4d364ab8276b6cddc9f,3328,653323298
0x4d0528598f916fd1d8dc80e5f54a8feedcfd4b18,3327,653326625
0x10bf6d60eef634b2673912daa3c069c3cd82005d,3327,653329952
0xea004e8fa3701b8e58e41b78d50996e0f7176cbd,3325,653333277
0x394071b5d0a40f80dd01f6b0712c63effd59eaa5,3324,653336601
0x75f6da9216f8b51e2ee5de845c839416443f9bbd,3323,653339924
0x3c9eef37db9b011d3e7e94e2e95c471c9279d0a0,3323,653343247
0x7c53f13699e1f6ef5c699e893a20948bdd2e4de9,3322,653346569
0xf18d3bb8ea8612fe9289921fcd0f14c8d3e39d05,3322,653349891
0x395f7bc771db53732025547458f96ee217af6ad1,3321,653353212
0xcc249c7f70940a4bf58cb739e35b0ef5ef3122a9,3320,653356532
0x13ea82d5e1a811f55bda9c86fdd6195a6bd23aed,3320,653359852
0xf7a6868ad958b724bc486e10bd3ddc8d63aa16c7,3319,653363171
0x1c1f6c8297040b5071b6a99c2fd1ca51209a5737,3318,653366489
0xe71c62fc7197493b6e3634b861165bac548fca5e,3318,653369807
0x143033f2587476662d098ccba8ef68a5c4bad581,3317,653373124
0xfc5939d0e9dc3da4bbbac2105f2b6ea750f279c5,3316,653376440
0x3c49b44829207e7fd33e3bcc195117743f5516bd,3316,653379756
0x1239562abe89ff62016ae23d4e6eef12b915295c,3315,653383071
0xe96945eb48fd1b5e801893edd429f3f6aba45d82,3315,653386386
0x1e618d24c68eaf9bb3030691fca3283a67985042,3314,653389700
0x5d84465967f4b4cd6f6950231cec685b648eea5a,3314,653393014
0x480d62d0db2842d78eef6e8e9ad62bf11c20a420,3314,653396328
0xf8094e15c897518b5ac5287d7070ca5850efc6ff,3313,653399641
0xea79a1f54bb536a19ebcf8714852014771989b46,3312,653402953
0x9bf25700727d10a857099d1033ce2cc493c3b61a,3312,653406265
0xf451b59d6db7a6601b15d6250624db7329867bae,3312,653409577
0xf79cb3bea83bd502737586a6e8b133c378fd1ff2,3312,653412889
0x79c75e2e8720b39e258f41c37cc4f309e0b0ff80,3312,653416201
0x191557728e4d8caa4ac94f86af842148c0fa8f7e,3312,653419513
0x0a9a9ce600d08bf9b76f49fa4e7b38a67ebeb1e6,3312,653422825
0x7bce667ef12023dc5f8577d015a2f09d99a5ef58,3312,653426137
0xcc647de817628abcae1760634746c35cbdf936ea,3311,653429448
0xeb498a631c3910c4e8623cdf70257dbbaffe51d0,3311,653432759
0xb444208cb0516c150178fcf9a52604bc04a1acea,3311,653436070
0x675ce995953136814cb05aaaa5d02327e7dc8c93,3311,653439381
0x76ed39003c6ca656c1f5e5e2524eff03feeb6bfc,3310,653442691
0x675e7d927af7e6d0082e0153dc3485b687a6f0ad,3309,653446000
0xc3c94e2d9a33ab18d5578bd63dfdaa3e0ea74a49,3309,653449309
0x94ede7a8ae3de41469474a1aa710838f5cdc6369,3309,653452618
0x3d76cd9723e0cc8875907cf944c147ee4bafb29e,3308,653455926
0xf6537fe0df7f0cc0985cf00792cc98249e73efa0,3305,653459231
0xc4199fb6ffdb30a829614beca030f9042f1c3992,3304,653462535
0x2f8472dd7ecf7ca760c8f6b45db20ca7cf52f8d7,3304,653465839
0x551678485ae0cea41397f433a29c6b683e4249e8,3303,653469142
0x189c05c3c191015c694032e1b09c190d5db3fb50,3303,653472445
0x1b8782d4a7da5b63a934e78a6563fdd122e9915d,3303,653475748
0xb0d61216ec8ddcf0c19ac8083811a3464337b281,3303,653479051
0x51907923c3280c24b6b69b0d217ea34cabde684d,3302,653482353
0x491b2999c15a28754ff1fc65e604c09f3af8ae39,3301,653485654
0xbdb2ad8b5e5606013506c160b75264f9b1b48794,3301,653488955
0xa2a54f1ec1f09316ef12c1770d32ed8f21b1fb6a,3301,653492256
0xa9859874e1743a32409f75bb11549892138bba1e,3301,653495557
0xf4a81c18816c9b0ab98fac51b36dcb63b0e58fde,3300,653498857
0xf7ce94003ec01a8a12b6db64c57d66200a983fd2,3299,653502156
0xd45c1de6c39fab7836314a73f73f0d619dabd9df,3299,653505455
0x07c5b1e4391fcdfc6c12548448aeee30a3793079,3298,653508753
0xea2fb9bc0cbac5416e71b0baa4eebefcab7d1bbf,3297,653512050
0xbf104790ee1837b11b2810f2f2416155d5972d0a,3297,653515347
0xb7faddf3ecd2402a7e48cea6d2637d90eeb5a7e6,3297,653518644
0xd495d0b93535611369d6b5c47709146b1d44e00c,3296,653521940
0xb33ad2acedea7d698b987e0d8195c4df3f6629e8,3296,653525236
0xbe1da62f9005fbb839b7ae3d842cef433c588422,3295,653528531
0x30cc0e266cf33b8eac6a99cbd98e39b890cfd69b,3295,653531826
0x2cf98d4b9c06487adbd33d54ee54e16aa8515382,3295,653535121
0xf6e5424aabc43a31c8984d8388bf68d82ad7739c,3294,653538415
0x9da0d98c9d051c594038eb3267fbd0faf3da9e48,3294,653541709
0x5d03fd683b292828937f61810dd4f6bf531a2803,3293,653545002
0xeca47dae7262d46f9e0cae8c444c528bdf2b90d2,3293,653548295
0x03d9ab9f86568f6f9a9d5b192ce53d834c83c69a,3293,653551588
0x86965a86539e2446f9e72634cefca7983cc21a81,3293,653554881
0x523743321fa8a09601fc67326355b1a59c0fe693,3291,653558172
0x037e8f2125bf532f3e228991e051c8a7253b642c,3291,653561463
0xcbb94d13fb90c28368e4358f3ecce248ae4b6c82,3291,653564754
0xc71349082c683da9ae1a3cf07cf35ddf3cc57a67,3290,653568044
0xad95a3c0fdc9bc4b27fd79e028a0a808d5564aa4,3290,653571334
0xe8ed915e208b28c617d20f3f8ca8e11455933adf,3289,653574623
0xfc3313e4cdbff9a32f72ae2d2434c62a060f6590,3289,653577912
0x997e3adb550a85895f5becf54a2751e6df24edc8,3289,653581201
0xcafea7934490ef8b9d2572eaefeb9d48162ea5d8,3288,653584489
0x910236bf0dd647b79241cb8adbde3529eb091463,3287,653587776
0x137ded6c96adc0cf82fba9cbe71bf470e6f43aad,3286,653591062
0x38d3f896d194336f90891f408f7fdb3007f0c006,3286,653594348
0xd9aef0814e7ecbb4447eab08ede33b6ebc29f842,3286,653597634
0x48808178d3e4583187a9941d2c813e76d12b70ba,3282,653600916
0xbb921afca3c95a8b747182572498e2ce01f6be8c,3282,653604198
0xc7f1e05155e67b2ddc7cf23ff4727e9a90d04aef,3281,653607479
0xf1750b770485a5d0589a6ba1270d9fc354884d45,3281,653610760
0x7058f2ae7c1cfda824c39004253c27e2f6d0f1f9,3280,653614040
0x04ba6fc674d8b7f00c96d5d0a6872e7eb270bd7c,3280,653617320
0x3b1a88ec404279d88a9ec9309cc438fe2395291f,3280,653620600
0x09d8a3d88f07e39a44c904c465b922dfd4b68929,3278,653623878
0x738d3dc8ed9c6b51d23d2247a123b3abe1153549,3277,653627155
0x5d8ce06a40fb101895be5b6560931b92a1b3444f,3277,653630432
0x7728737132b25dd3f4bf0cb671042dfde7aed81d,3276,653633708
0x8967a4c9da4cdd47e76d6a119e306c62d8df33fb,3276,653636984
0xa1979898821d7d01e0da7fbc87eede40f790d1ad,3275,653640259
0x460e13fc92132b75db552fca4663012e3d4a10cb,3275,653643534
0x47c29367faa51d08b8bf0fea93fc5ca552c7c239,3275,653646809
0x7d73865dd588ddbb96a444bf48c7a02266751741,3274,653650083
0xe15684ff27237be7f681eb6bdf301d0b2fbf191c,3274,653653357
0x6797355fa11fa8db0cbcfd324b24714d0aa0cdff,3273,653656630
0xc4c43c78fb32f2c7f8417af5af3b85f090f1d327,3273,653659903
0xe3a94d04860b42ec78c8c8159756868abbb29d31,3273,653663176
0x365ec7b439abcc8a3a2c4289f0868a4adcd996e9,3273,653666449
0x2994529c0652d127b7842094103715ec5299bbed,3273,653669722
0x587c66ff6b55fc212149289aa7f16bf760fdae49,3273,653672995
0x0b5fd0af11d58880ceeb334ae9c43be09c637346,3272,653676267
0x515669d308f887fd83a471c7764f5d084886d34d,3272,653679539
0x1ce9f61999539918f7bed453fd27cf715b08712a,3271,653682810
0xa68d85df56e733a06443306a095646317b5fa633,3271,653686081
0xde527099f9ecf94a67bc94c676694453f6bda781,3270,653689351
0x9267ea1b0bfd020214cd0fcebd74c66f2ce29365,3270,653692621
0x59e7b5db9be0bdd26fa048d39e01fee456ab674e,3270,653695891
0x0393ab33832c932c15aa6f19ded20815633346a8,3269,653699160
0x0e57587e12b3181516389d3b475fab7a8de41f8c,3269,653702429
0xfd13f08b3ee2a1e5dc0bc45009e3d8e7190e99a9,3269,653705698
0x29b64a2e68b77afd127d37841c18c84c6cc63398,3269,653708967
0x84a4eccb81a1fd0867c7682e2c85ffef4538a2f4,3269,653712236
0x283669123bd83da2536bb534e20512101c18e5d8,3269,653715505
0x07a41ff2e5bd6dd44da4d7548e0d2aee88857186,3269,653718774
0x6ca69b90394d31ff0a233b3f422cf15411567fa8,3268,653722042
0xbf028f7964c02cffbe2e38383cc0732d8c5c8d2b,3268,653725310
0xe531642e9bb5d027e9c20e03284287b97919a9a5,3268,653728578
0x6051c1354ccc51b4d561e43b02735deae64768b8,3266,653731844
0xe7de21d42974bfc9fcaedcc93724ce4820264659,3266,653735110
0xc67e01f0b416b884a2896fae3401e86d605ba47e,3265,653738375
0x0d664faae776576c2e307e4e5fbf8dc65f08f136,3265,653741640
0xc2acad3578019495ed7814a612aa0866b7b733e0,3265,653744905
0x012233b3c8177f0778d910ed88170b82de3bfe57,3264,653748169
0xc29acac647c63dbd8618e817d41ea9de69174ae1,3263,653751432
0xe61032d35d095abd2ba7aac6e2bb104e0059234c,3262,653754694
0xdf93cdb6dd65c6c28c78dcdc1762aa34caf81678,3262,653757956
0x6def55d2e18486b9ddfaa075bc4e4ee0b28c1545,3262,653761218
0x7109eca95daa8f04ddeef3a941fc9bd85bd1510f,3261,653764479
0x251effe6707c7aaf675c6e76871165cb952abdf9,3261,653767740
0xd6947812a94e323608dcd4f84b835a586baf21eb,3260,653771000
0x9d91be44c06d373a8a226e1f3b146956083803eb,3258,653774258
0x4d2ee5dae46c86da2ff521f7657dad98834f97b8,3258,653777516
0xe63a5aa236fe78b1748dc7c801e97b68967b4df8,3257,653780773
0xfd8d4a9f8aa2939bbfc401213af93dce7cfd94e4,3257,653784030
0x75c23271661d9d143dcb617222bc4bec783eff34,3257,653787287
0x56658e9312218923b4aeb3727304b6060ab69e8f,3257,653790544
0x60ec679cf3a48d89efa774fccd3dc59ef1401330,3257,653793801
0x8943eb8f104bcf826910e7d2f4d59edfe018e0e7,3257,653797058
0x4d07fdd4bae81ce2c8b1b76f4db2064c35d7851e,3257,653800315
0x4d69b4fc89c86a316335c4118377e7081148d12c,3256,653803571
0x3ee3c43cd9ba0abc4ef763b9070b5d29f5ae1e15,3255,653806826
0x1604d5a2590b585e38b55dd09594b1e01bab8729,3255,653810081
0x87b127ee022abcf9881b9bad6bb6aac25229dff0,3255,653813336
0x16746e8050b01bcebcfb0bac6e116c4ab6b16c85,3254,653816590
0xcde07f2d976b2687944ad2c70e2cec9a7034b75b,3252,653819842
0xcb2286d9471cc185281c4f763d34a962ed212962,3251,653823093
0xa5702a6d95c6d862849be345f8e06efe08dbea73,3249,653826342
0x70b83a7f5e83b3698d136887253e0bf426c9a117,3249,653829591
0xc2c505613aaca4d5f333d3a4e0177e99fe233c37,3249,653832840
0xec46f8207d766012454c408de210bcbc2243e71c,3248,653836088
0x7c7b924b4eaed3da875bc792b5c1a0b33d118047,3248,653839336
0x98278eb74b388efd4d6fc81dd3f95b642ce53f2b,3247,653842583
0xf2fbb2939981594e25d93e6226231fcc1b01718e,3247,653845830
0x4936790a58f5ae1c06210cba4eb1024fd7d535ac,3245,653849075
0xbe9875778eb374cd515cff4201b45002408391e2,3245,653852320
0xb9d076fde463dbc9f915e5392f807315bf940334,3244,653855564
0x87013e3230b389ae522987a1bf0a9afa679658c1,3244,653858808
0x9742fa8cb51d294c8267ddfead8582e16f18e421,3244,653862052
0x5b75b340c922649a237e5e99289fb0561326f2e4,3243,653865295
0xdc32f94f0a1e2995869588c013d18bdc039880df,3243,653868538
0x97ffe497f1888336dda8707a25441d18f235a03a,3242,653871780
0xbcf976c8aabdcb5bfa8da2788f2cd241021edc70,3242,653875022
0xcf0abd8d0e2e33ed181368a1911cecbcb2f849b3,3242,653878264
0xa17ac401e6313f98bf73ae02854ba44bb3330159,3241,653881505
0xa57e6d3b29e754700ccb750cc245e973f6af5e1a,3240,653884745
0x9bc9a69a3b52f1e5bd78fadf17d2b5a821c22351,3239,653887984
0x3d3dd61b0f9a558759a21da42166042b114e12d5,3239,653891223
0x6b74cfd44d67f5ea73868896d20ec5476c19ce04,3239,653894462
0x255d0c3a220c78d7123682565d63a97cf85ca1ca,3239,653897701
0x685a0ff0983f7d3e28aa4a474fac28cf16d6d4e5,3238,653900939
0xa65aa34b57ba2d16d8cc5e321181e973de34abb5,3238,653904177
0x8a1190c9a21ccc195a943ec9ee434620461b46b2,3238,653907415
0xe84ece715450a80a87c2a86012f545bf9adfe714,3237,653910652
0x921a5dce3dfed5cccfbb2e593f2978533bc66110,3237,653913889
0x562858eaa3c5af1ae79e33c225aff4e1562f8cce,3237,653917126
0x66ec7145b52cb088e79306beb3d26fad0935f8c3,3237,653920363
0x12c211dc731410ee5c5ee18670b54cb1b989e011,3237,653923600
0x25f735b108b4273fb0aceb87599ed8bba10065de,3237,653926837
0x5fe808a4889b714496e7b821c8542e26be2f8f67,3236,653930073
0x67b084e4654e1d62afa9694b6a626cec5c9ff2bd,3235,653933308
0x6c4b85cab20c13af72766025f0e17e0fe558a553,3234,653936542
0x22a430719d5b3162d5215ffb0bab09311a5981b8,3234,653939776
0x5eb75378f986439fc8b5c79631323c1c9947c91f,3234,653943010
0x7f574d137d6b92ac0f35db16568ff913b05d31cf,3234,653946244
0x17cb3844f5f2ca4072b9b2d4c6350e990b818b61,3232,653949476
0xb893a8049f250b57efa8c62d51527a22404d7c9a,3232,653952708
0xcc5f8ca88caba27f15746aeb481f0c446991f863,3232,653955940
0x25cef4fb106e76080e88135a0e4059276fa9be87,3232,653959172
0x146f50df7cee5b559bcaf5bbe22ea252ea1a60c0,3231,653962403
0x1041d91c59745dedef2191c520971d3081c92780,3231,653965634
0x67c5dd527f75008968370570fbc4f8c057b5d736,3230,653968864
0xd0bbeb32b1c1fed7a2edbad735f0a7c1da9b460d,3230,653972094
0x536a6ba0d913d5d6a4ce2c6eb7ed0de3c0f0b89e,3230,653975324
0x95b3497bbcccc46a8f45f5cf54b0878b39f8d96c,3228,653978552
0x94bec329e51dab8b6253fcf8c09ce95606d513b6,3228,653981780
0x1bc5800ecda8661dac843022511394ca1a1a2c71,3227,653985007
0xd8a8843b0a5aba6b030e92b3f4d669fad8a5be50,3227,653988234
0xc0b5c7f2f5b5c6cdcc75aebb73ac8b5d87c68dcc,3227,653991461
0x279d37d542d078824791a923bde140fa94274697,3226,653994687
0x1712aad2c773ee04bdc9114b32163c058321cd85,3224,653997911
0x08fa67edefeb5c2283e0fabafe9260812f8b1c4a,3224,654001135
0xa4dce3845cb88a6fca0291d4eca9e5a96e75e2b4,3223,654004358
0xb53a9965cf3628557431a6577a934a1192c98c8e,3222,654007580
0xb3013a67f33db0a2478cb8c0a7f3935f701319d3,3220,654010800
0xeb5405e21d07fa5e3b6644d0ae7f391b47f17e27,3220,654014020
0x6fd1dada61f2d210a1e4e47b672f73bc851862f9,3220,654017240
0x6abde3606968e08e5ad95e6faab497362b4153ee,3220,654020460
0x4be40bc9681d0a7c24a99b4c92f85b9053fc2a45,3220,654023680
0xebc86fb12ab0ffac6cbcafce2f049bfe7efada0d,3220,654026900
0x93c2bad041fa79b4026654667dcb61e9fee04250,3219,654030119
0x751d4e463ec2323c9c6f9fa6b51647cfaa0cdcdd,3219,654033338
0x05237e2bd2dfab39a135d254cabae94b183c8bad,3219,654036557
0x20b2ec1fe89c6977f6c1f9e5b7d5475f588186bd,3218,654039775
0xd815bbdb973fcfae73f27ddc9a135e377028c1c5,3217,654042992
0x44618ce2d888d812a06da4b6ed2f993e7dc03b56,3216,654046208
0x8f307daf5b3ff24e2035573c86f95b8d148f63bc,3216,654049424
0x0966aeb41f4a94aab7fb595a22caa7b64ce73aa2,3216,654052640
0xb2fb1d91325d0211b1eb39e4cf2c9f3cf14508b0,3216,654055856
0x86d108d1eef9ad9f71d1b7080b172085d871cbc4,3215,654059071
0x7d745b6c95b99639325a8869164fdd8f368f8f42,3214,654062285
0x679badc551626e01b23ceecefbc9b877ea18fc46,3214,654065499
0x1ef25d5c029e26c06207f20a0d927704040c2ba5,3213,654068712
0x47da5456bc2e1ce391b645ce80f2e97192e4976a,3213,654071925
0xc249fe0288e75e47e62b138de8d020c9fee5a9f5,3213,654075138
0x48e457de959c05c943fc0ac51f70fc164831f685,3212,654078350
0xc23a6544bc54763f87b26b3535692b925c74b8ea,3212,654081562
0xa056e0e570d2e80ee28f589260aa5975245c41c2,3212,654084774
0xfe3d09d8bad5da65e0160cf0cb53f6115fb6ea8b,3212,654087986
0x364e7ce5db9f0c97033805717fae6b1aac7c3df7,3211,654091197
0x52af063278c6489a9def8b27615fa813797cded1,3211,654094408
0xf2c3d80dc3b4e4352db8922dc47f08f792b65a7e,3210,654097618
0x0f14a4880b7bc3fc926499df3ab32c72828ecf0e,3209,654100827
0xb4272071ecadd69d933adcd19ca99fe80664fc08,3209,654104036
0x5b86b0d1c304c246282dea0e0f21db2baa429b31,3209,654107245
0x75d1aa733920b14fc74c9f6e6fab7ac1ece8482e,3207,654110452
0x25fb9a4a430120e945c48f4a0dc7ce9b41ffde4f,3207,654113659
0xb89fa54d5d7bcb78e121f9fa85cb47242355c68e,3207,654116866
0xacc3414633b7d7bfc7ebf94dbf6d9d6be2554f0c,3206,654120072
0xa14857e8930acd9a882d33ec20559beb5479c8a6,3206,654123278
0xe277ac35f9d327a670c1a3f3eec80a83022431e4,3206,654126484
0x13d99476b812a2ba33e4caedab373bce54c2eaf4,3205,654129689
0x4bcea5e4d0f6ed53cf45e7a28febb2d3621d7438,3205,654132894
0x706cb9e741cbfee00ad5b3f5acc8bd44d1644a74,3205,654136099
0x691ace5e56507c008d836c8c58ed93546bdc81ff,3205,654139304
0x8727c112c712c4a03371ac87a74dd6ab104af768,3205,654142509
0xa7486f298238d0b1210e9155bbe5302e4efc1ac9,3205,654145714
0x92ece48522e1acbcda4aaa8c2fbf2aa9fb15d624,3204,654148918
0xf03f8d65bafa598611c3495124093c56e8f638f0,3202,654152120
0x2be65c715714ad5985bbe6832bf0fe83d0f5a289,3202,654155322
0xb205cb83afd3b6617f70b756cb54d408a3ebdd26,3201,654158523
0x56d95902d1e5b2e025f6a18aa0527075d97f5978,3201,654161724
0x741b0428efdf4372a8df6fb54b018db5e5ab7710,3200,654164924
0x031e0c6a7c91df1bc171d33cccc6988fd2ddeb6f,3200,654168124
0xaac2497174f2ec4069a98375a67d798db8a05337,3200,654171324
0x7ec33fc1b5c4847cc665236296ddb160474a2a87,3199,654174523
0xf6034a7430af04db58be94a0e12ac244af2ff55a,3199,654177722
0x95ba34760ac3d7fbe98ee8b2ab33b4f1a6d18878,3199,654180921
0xcdfa92efa7f7c8352e7108447a31bff5e0f6cc18,3198,654184119
0x1cf226e9413addaf22412a2e182f9c0de44af002,3197,654187316
0x62a9f558882f0c1b55bf22709f2899ba44310d06,3197,654190513
0xbdcfbf5c4d91abc0bc9709c7286d00063c0e6f22,3197,654193710
0xc71671bd5ea648ecbc6ce9f57417c5aaad8e0eb5,3197,654196907
0xab365b5bca80b1b257f3354a58cb1013947c694d,3197,654200104
0x34f0d846c766874413938994da32360cf0e4350d,3197,654203301
0xdd5505fecab3d9363cf35eb56f56f89e1185d644,3196,654206497
0xd91121ba462311626da546c529b8f07c84805346,3196,654209693
0x63d0eea1d7c0d1e89d7e665708d7e8997c0a9ed6,3196,654212889
0x3e8a6ba8dbed0d1463e50f6df7359931481a89e8,3196,654216085
0x2aeccb42482cc64e087b6d2e5da39f5a7a7001f8,3195,654219280
0xa707129402d6bf16bd9816ede127c0a300083403,3194,654222474
0x6d2df27ae581da2d86f353bdb848b7af13238825,3193,654225667
0x5f824733d130ad85ec5e180368559cc89d14933d,3193,654228860
0xdcb0bbe7c297fbe68e0d8225a60fc1401ba10e77,3193,654232053
0xc11eccdee225d644f873776a68a02ecd8c015697,3193,654235246
0x23b608675a2b2fb1890d3abbd85c5775c51691d5,3192,654238438
0xa65405e0dd378c65308deae51da9e3bcebb81261,3192,654241630
0x435c90cdbbe09fa5a862a291b79c1623adbe16d0,3191,654244821
0x4787610b082832106a12bde9dd398148b54afa4f,3189,654248010
0x607fb630f2ddf7aeb1a207d7cb6ba6ec9f10c308,3189,654251199
0x10f7b0c2ab79fa15557fa00efe6caacdc326d06d,3189,654254388
0x91665c0ad260d663ed27c77090a9597d612188b5,3189,654257577
0x5b71bee9d961b1b848f8485eec8d8787f80217f5,3187,654260764
0xfc41cc8340320d6ebdb3b64149c1fbc8f0295361,3186,654263950
0xcb5f72d37685c3d5ad0bb5f982443bc8fcdf570e,3185,654267135
0x681d98bc54ea15f082fa96bc07b203c9b000c4da,3185,654270320
0xd37f75c05d73d9da88a42bdbf1410bacb03e5cb4,3184,654273504
0x054f0bdc1e5a0d805b550863408a8d797b61d445,3184,654276688
0x609a47d565a703900be2959aa9d69526e4bc2603,3183,654279871
0xfd6c31bb6f05fc8db64f4b740ab758605c271fd8,3183,654283054
0xae384c6e68f5d697d65ed43fd53ef5ea3288f536,3183,654286237
0x72b94a9e3473fdd9ecf3da7dd6cc6bb218ae79e3,3182,654289419
0xc35aaea6dd561a9976e1745a22f8cc5a762354bb,3182,654292601
0xb5aad4fd40261eecfdc6545c88dbfec3723aea71,3181,654295782
0x327d21faaee5a821570ca7e220f78531900d2bef,3180,654298962
0x90bb609649e0451e5ad952683d64bd2d1f245840,3179,654302141
0x6cc2d616e56e155d8a06e65542fdb9bd2d7f3c2e,3179,654305320
0x6f3009663470475f0749a6b76195375f95495fcb,3179,654308499
0xfaa85a3ab6d12d5ab0b8aa55b6baadd9dc457abf,3179,654311678
0x69fd0e5d0a93bf8bac02c154d343a8e3709adabf,3177,654314855
0x8cd480260a47f04589670a313d27a15b321ad266,3176,654318031
0x2aa31916dae79543a03dfed9267915f6c26863d8,3176,654321207
0x64ee5a075701f75359f10626bc986aae844ad9a7,3175,654324382
0x9a76f207b33341a6c082a5cd30084e2ffc84b950,3174,654327556
0x705051bbfd9f287869a412cba8bc7d112de48e69,3174,654330730
0x5ceb8c7f189e694b326310694ac6df98e5ced66e,3173,654333903
0x77667779fa8857793680f323cdffd05f6d37a7d1,3173,654337076
0x5af823e1ffad2cc39df61ca2ce01fe2bcd73d541,3173,654340249
0xa717d0f45652fb430fd84d3d1b6b02e4510102ea,3172,654343421
0x01be8b168dc1d80ecdeaea39f95e7a8683e1bbad,3171,654346592
0x691c180d3e968c28670b65f1d01ce79473312e6b,3170,654349762
0x190fb342aa6a15eb82903323ae78066ff8616746,3170,654352932
0xe45fc4290fd3159588f532058592ea327d2e97d4,3169,654356101
0x9bd8f4736877567e267ee445209a0b2aafc01402,3169,654359270
0xf3be2c54a62d6b55f1abc92808fefc95a39a9bdc,3169,654362439
0x4b4f5286e0f93e965292b922b9cd1677512f1222,3168,654365607
0x7c974cb7a28eb1d1f09d51cde17e6183257ea9a7,3168,654368775
0x3204dcde0c50b7b2e606587663a0fe2ee8dfb6bf,3166,654371941
0xd0d3ebcad6a20ce69bc3bc0e1ec964075425e533,3165,654375106
0xc77169c30ecb6ccd05147083e0207bc10d11589e,3165,654378271
0x8596bda78e50788c792177a65608756136544eb2,3165,654381436
0xa8b61cff52564758a204f841e636265bebc8db9b,3165,654384601
0x0c5ba02495f109880cbb0d37391d7bf24d47004b,3165,654387766
0x89494c685e06d18ff0c65f9e756976edaa6e806a,3164,654390930
0x304281f3d1023a2039ea930c65f8f721d7c746c8,3164,654394094
0x1d4b2b2a2ca8762410801b51f128b73743439e39,3164,654397258
0x5e37996bcff8c169e77b00d7b6e7261bbc60761e,3164,654400422
0x075fbc0a804de702bfda4d8e29834c763ffef1c3,3163,654403585
0x80fa08fc8da9db6dac8cd05d8741a2e7f20f39da,3163,654406748
0x111eb123d0ceeea59a3736ae1767f9e756be8160,3163,654409911
0xd52bc4fe5da20ba35f25b38581c805b165211f99,3163,654413074
0x7b69d465c0f9fb22affae56aa86149973e9b0966,3162,654416236
0x1a9b2d827f26b7d7c18fec4c1b27c1e8deeba26e,3161,654419397
0xdd3aa2891fc929468a450848c734fd8e0aedf82e,3161,654422558
0x8338005b31bf37dadea7f76a7778dcf9150d8f02,3160,654425718
0x2fa71060a61d523d7f6c0ae7e7e6656ed3281013,3160,654428878
0x15bcdfad12498de8a922e62442ae4cc4bd33bd25,3160,654432038
0x9f31fab2405dfba05a487ebce88f3abd26f1cba6,3160,654435198
0x35b1d56e7783f7d79fb3c34f2e512694de2ae5fe,3160,654438358
0xba8cdaa1c4c294ad634ab3c6ee0fa82d0a019727,3160,654441518
0x9696d4999a25766719d0e80294f93bb62a5a3178,3159,654444677
0x0445ae32d33066a29e4573bf15d4a2a9690ab754,3159,654447836
0x0d9227f9c4ab3972f994fccc6eeba3213c0305c4,3158,654450994
0x201dcb47a936db8d0c6358783a7d24b37d5fd1cd,3157,654454151
0xaeade605d01fe9a8e9c4b3aa0130a90d62167029,3157,654457308
0x9a9ae6884c65725c8f5378dbb6d3900bff36da53,3157,654460465
0x4dcb3e74d304f74505c7ae9ae6c980e6ff602780,3157,654463622
0x047a68fc8aaa9109346c726c696986f4b5792658,3157,654466779
0xd803ebf34c01e7da93d3a8854d4b6f1ec50da965,3157,654469936
0x26c26f794c53fbfd3408728483f3d29b9d532a07,3156,654473092
0xf46fb3a5052ab45b51f64e2672a8ccd6154349d6,3156,654476248
0x8cd0c6a50e2b5eb47afe67dc6c2bbccc581c5f55,3155,654479403
0xe31ebf404a88bf2e79288c4f4a945a5d6995bb1c,3155,654482558
0x25beb989d3ef4e6e0fef8220944bb74e2aa6ff45,3154,654485712
0x35590207477dab4d11cd24f7f27896dff96989a5,3154,654488866
0xd539cb51d7662f93b2b2a2d1631b9c9e989b90ec,3154,654492020
0x7e291890b01e5181f7ecc98d79ffbe12ad23df9e,3154,654495174
0x0563dce613d559a47877ffd1593549fb9d3510d6,3154,654498328
0xb547027a4ccd46ec98199fa88aaedf5aa981db26,3153,654501481
0xef8ba8cba86f81b3108f60186fce9c81b5096d5c,3153,654504634
0x40b92fce37cefa03baf7603e7913c1d34dd1a4ec,3152,654507786
0xb4a448387403554616eb5b50aa4c48f75243a015,3152,654510938
0x3214cef10e5c194ca547735863fe755fc4cbb78e,3152,654514090
0x00000000006e3895f955d0a15f79b7477d7b9b2f,3152,654517242
0x0aafa5d7446dc3f7a5207271642a4d258e62b414,3152,654520394
0xb5c26476200d5665ee6f2ee155d72327043495a4,3151,654523545
0xe7468270ba6350b47485db02f580a9db747d9578,3151,654526696
0x5d8cad8836a8fa73ab202249cb7bfce296876e00,3151,654529847
0xbbf0576b391d78a89892005343c6a168b9e63404,3150,654532997
0xbca3b7b87dcb15f0efa66136bc0e4684a3e5da4d,3150,654536147
0x7cc550fea3b7f9d936f82fe0d981329a1c71ee66,3149,654539296
0x1d17d697caaffe53bf3bfde761c90d61f6ebdc41,3149,654542445
0x2eae96e6bf99565c9d8ce978b24c3fc3b552dc7b,3148,654545593
0x2166c76d081610716ab93f02891558b9ba226454,3148,654548741
0xdf7ebadb3ec9bb63e9639600ce9783ebd2fa193c,3148,654551889
0x045befa474588abfca096b3086c44421d0d09716,3148,654555037
0x002acd33d758fcbdc72242a86ed27efa0006d42f,3148,654558185
0x6591c4bcd6d7a1eb4e537da8b78676c1576ba244,3148,654561333
0xb45893bd77830bec7c305aded041bd74f0343bd1,3147,654564480
0xab9c1292489b37781d5eb520d78b20bc316637db,3147,654567627
0xb702fe20db475751ef08f9008796377825d9f9e9,3147,654570774
0x38d1b0d157529bd5d936719a8a5f8379afb24faa,3145,654573919
0x8fd832757f58f71bac53196270a4a55c8e1a29d9,3145,654577064
0x9408cc29781098f36dcf5ad37d7dbe06e63c0081,3145,654580209
0x8efbd29de28c69d43676574b46b5f9b1aa6d631b,3145,654583354
0x608f962c8cdf5655489ae1df13cdfc3793bf135c,3144,654586498
0x58d39130a31645acc28e99fb85791a3ea3a4b6e8,3144,654589642
0xc276c071299b31dec8d18961dbb063c8ad1b5e90,3144,654592786
0x9fb91e69cee79d4d4b17e4ea17ca7d0a72394dfe,3144,654595930
0x7ca898cbbed67df0b4e249b05561d3a23404eed0,3143,654599073
0x86a53c9e32abd3677e38bd0b390f24dd080e6426,3143,654602216
0x614cccfd5a483417d2ab47c3bf437421c0c5bca2,3142,654605358
0xac9ce326e95f51b5005e9fe1dd8085a01f18450c,3141,654608499
0x98a985dd869d9cc32b257284d598f65eaca039d9,3141,654611640
0x4a95e34810628a9bfeba6bfa70a6b4c8543f7b75,3141,654614781
0x6de7fd35c2f9b25b0efe85621306e9de41eab97f,3140,654617921
0x60f5b1cd801c53de5cfcbde6b5989c323e4b34cb,3140,654621061
0xf692c39b488e12ce9f9c926fe047ed77b07a18d3,3140,654624201
0xd90f5ebc01914bbd357b754956aafb199f4d1624,3139,654627340
0x163c649ac276c5fdcc27db30a1c1f070cb731c04,3138,654630478
0xf5a232b1325769e09b303d7292589a2c7aee2aa4,3138,654633616
0x8aec081e391d275dc0fb8e4697fc252359d353f8,3138,654636754
0x0df634aae01ebf86c770a62efec1102309e7db51,3138,654639892
0x6f532808a23f2180f048fccdfad572bca824047f,3137,654643029
0xea502fd531e904c92eaca2af92ba1851a680c71e,3137,654646166
0xc96cb511b6fa594cc4d2d8542f7f56de1a25f69c,3136,654649302
0xa3d87fffce63b53e0d54faa1cc983b7eb0b74a9c,3135,654652437
0xc25e8463fbacf35572eae579ecae40850423a70a,3135,654655572
0x26926687096e4a8b4c1f3b71f7e469852a938901,3134,654658706
0xcbe07abcd08c850d033ca4bfacd4fa41b1898382,3134,654661840
0xefe9ebca4bb51eb803cce78300e1f7f1a33055b6,3132,654664972
0x0a69f09da7951a61688f1c1b8baef55817b8d27d,3132,654668104
0x004da98ea773b10359000000bd00770091f94b15,3132,654671236
0x4dd30961de333807b4a502e47ecb2ebb2ac02e48,3131,654674367
0x9b9380ca747f159f334fc7cebb2cd893cecff879,3131,654677498
0x6ecca50756dbdfae47036e5ec2eac0d88549c9b4,3130,654680628
0x30765406d51091ed78ff13c107731daf3be5ef16,3130,654683758
0xa14b84d96032bd69a61969e61ba7cae2179efed3,3129,654686887
0x2715d13c40f322094311c282f58b021df64456ce,3128,654690015
0x1920b4fcd44c11937ec2c0018c0794b51e976c48,3126,654693141
0x54c01fe3eb5f1ac6fab776766ff925add6608809,3125,654696266
0x9bb6fd000109e24eb38b0deb806382ff9247e478,3125,654699391
0xdeddbebd4428c1d56c4bcc396261737f73ffea16,3125,654702516
0xe23d1142de4e83c08bb048bcab54d50907390828,3124,654705640
0x3fd093f99367c80258ef66cad7727e7047dc94a3,3123,654708763
0x95f0323bc1efefff9aff3679d2613027f1a263ec,3122,654711885
0xb01419e74d8a2abb1bbad82925b19c36c191a701,3122,654715007
0x3981a1218a95becb4258305584bf2f24ff8dedf2,3122,654718129
0xb2dbf14d0b47ed3ba02bdb7c954e05a72deb7544,3121,654721250
0x4799aeafc3e157f799f7c4c2e77d6d2af9ec0d7a,3121,654724371
0xaf364474803e89250a46d592fef4cc4ef8270dd8,3120,654727491
0xc5bb12953ee1dae32f5d7bc89085cd00cf2e2986,3120,654730611
0x9c771633963218875db6e5ba22f2f7ba52ba1869,3119,654733730
0x1178ce8bbd246d4e985c536fb54f7cab3b08ac9a,3118,654736848
0xd6ac239f32286742ba1e85feb927ff6d262e7fe9,3118,654739966
0x286e052bc8250250566683424001ee5224867d91,3117,654743083
0x17f19e0571997aa11b2143b0fad77b70385b9af8,3117,654746200
0x0b150524707e66a3d85f15de9ab3865572e4e5f4,3117,654749317
0x2c1d3c499101845f83bf555306d1badf16f37311,3117,654752434
0xbb472d0d8c573a8b81c29498b9585f8ba2a77dfb,3115,654755549
0x780ec47d3696fe6fc8cd273d2420721bcef936c5,3115,654758664
0xee9e5eff401ee921b138490d00ca8d1f13f67a72,3115,654761779
0xce1456abaec0315722cf9e4ee9146ff9eb30840b,3114,654764893
0x0128e4fccf5ef86b030b28f0a8a029a3c5397a94,3114,654768007
0x61cb3b149aef4920a4419361849043a0c3a5ca62,3113,654771120
0x166814bb16aab1f538ce5bc5762d1bb11275dc2c,3113,654774233
0xfdc7768e92b479f27dd11635c9207d542177ae72,3111,654777344
0x8c28a66ec6d9f0a4d11cf8c0623c911bb8183782,3111,654780455
0x41932061014223385c481969974d139dfb2546c1,3110,654783565
0xa3128cc400e2878571368ae0a83f588eb838552b,3110,654786675
0x0118bf12e9fcc410dc6b9a50381a3b0674009d9b,3109,654789784
0xee9a4402d1828d7d6fb8aecb0bdd5b804be55a57,3109,654792893
0xacac2019b9c3b100ed78a61208dcb64db4a60e44,3109,654796002
0xb69d58f0634533e0ce89fc1c2aad5ddf6386b71a,3109,654799111
0xa0f0546eb5e3ee7e8cfc5da12e5949f3ae622675,3108,654802219
0xc00baff26cd03d78adbbfe33f7bbd40c7f5e3cb6,3108,654805327
0xd3283500ac8eb4cd32ba18a51c6b6ef80edfefd6,3107,654808434
0x28c3f9d254aa969c117ba828f9d96007bf41f7af,3107,654811541
0x000000000000def7d243dec5c1ab64be386c3cd5,3107,654814648
0x8291f52a87ccb13a8c27f2b1b7c2b0011dc5d5dd,3106,654817754
0x4205aaa09f06b343bc2cddad4ca48421198b6171,3106,654820860
0x16172f24b626b58eda8ba0dad551d60821af6599,3106,654823966
0xdd690d8824c00c84d64606ffb12640e932c1af56,3105,654827071
0x5515950f7bf8d6acdf4ae98c33bf996bd0ed6f6f,3105,654830176
0xf991f1e1b8acd657661c89b5cd452d86de76a8c1,3104,654833280
0x4306ce4a5d8b21ee158cb8396a4f6866f14d6ac8,3103,654836383
0xdd8e19f63844e433c80117b402e36b62eff3ec0a,3103,654839486
0x06147110022b768ba8f99a8f385df11a151a9cc8,3103,654842589
0x0229cc0290da2a9d2a80a8c7cd283d046b1ada57,3102,654845691
0x316c9257d149a7071667c5c186d298727e68a66d,3102,654848793
0xa24e9ad2c71f4968175d41536a8999e93c3c20f9,3101,654851894
0x55ccb52f72f9743a3c506dcf53600a1f69eb99f4,3101,654854995
0x06b803716feeb48bdb967f698bc8cd12e1196f39,3101,654858096
0xa806b3fed6891136940cf81c4085661500aa2709,3101,654861197
0xd73165b5f0dd65cb849beb3c2b4ec2bb8fba1835,3100,654864297
0x539f3615c1dbafa0d008d87504667458acbd16fa,3100,654867397
0x975d88b5998b73b3ecf69a5ca6b196dafdb95530,3100,654870497
0x174150478891bdd4eaefab50fb24b9126f289fa6,3100,654873597
0x834ce7ad163ab3be0c5fd4e0a81e67ac8f51e00c,3098,654876695
0x88a131b5293ca340b454111314b6c1b5c0dfa9b9,3098,654879793
0x0a783b98fdac271efd3804b129a5af15e88093d5,3098,654882891
0x40f959f828e2878e1e3bbfc95893f22917557797,3097,654885988
0xe8024625ac740573a379b290175c33eb72a7c6e5,3097,654889085
0xa89bf5992d8eb318385283e6f4380a201e8c7e04,3097,654892182
0x91cf769a44e9d09b8e249886d0de4dbe0aa998f9,3096,654895278
0x270f88b0481f24d8638adf3019364fa9257f2ee3,3095,654898373
0xa2be0775ba00f3da0fd9a7e54f03f29621ec725c,3095,654901468
0xe95a2c4ddc135e8852d8d67339ab56a88806d905,3094,654904562
0x7c5e1f8b2aecaf65ffd7cd1876ecaa79247fc3f2,3094,654907656
0x27d233fa6032e848a016092d70493b2a5f13a95f,3093,654910749
0xb95d3bdf3f2b6b5dd380693acbdeccaa291506d8,3093,654913842
0xddf0723cdc1546f9dd3e2afa4ddf694842743173,3093,654916935
0x69b5fe0bfe66b6b795d8f26c349eb432fe931e3b,3093,654920028
0xc4e11673e3124d13098d141268edaa70d3f98af6,3093,654923121
0x1585583db03734906c665d59b6934e20ade64be4,3092,654926213
0x0d395b3ae53865a5b12364d6a227a82620328aae,3092,654929305
0xa98771a46dcb34b34cdad5355718f8a97c8e603e,3092,654932397
0x43e7e2e3a893a7eaa5219ffc087c7497c350c8c2,3091,654935488
0xd0cb75298d5c1e3b277e3cd95c56b3caa81a99d3,3090,654938578
0x93e0c0359e227af532e560a5573f056e644f8f53,3090,654941668
0x14890e5c65f3f46b652c33617923c1b10d010a62,3090,654944758
0xf3a8f103574bc64358e372ed68e95db0b2bb0936,3090,654947848
0x8888889213dd4da823ebdd1e235b09590633c150,3089,654950937
0xe6ebad6bc3ed342a10a0973c48315363cdef4e80,3087,654954024
0x4781bee730c9056414d86ce9411a8fb7ff02219f,3087,654957111
0xaad22f5543fcdaa694b68f94be177b561836ae57,3087,654960198
0xe5accb6055a38e3fa9d7ac50561bd423557f717f,3086,654963284
0xadb3c517603ae9e06eccd547ea54378293bd42c8,3086,654966370
0xecd570bbf74761b960fa04cc10fe2c4e86ffda36,3086,654969456
0xf083f40599741bc576173b492268972ce661e5ec,3085,654972541
0x9f9c171afde4cc6bbf6d38ae4012c83633653b85,3085,654975626
0xbb44b36e588445d7da61a1e2e426664d03d40888,3085,654978711
0x44ad644576eeebffcd9ad89728d2a6c415cf8fb5,3084,654981795
0x07a0ad7a9dfc3854466f8f29a173bf04bba5686e,3084,654984879
0x9db21e6228b347e504cc346baf15067d44d12ce0,3084,654987963
0xa502cf2cf1f0723456bf783e399c7b9ba5795e6f,3084,654991047
0xe7edf7a44c011371835d99dad8cc5322325085ee,3083,654994130
0xc5cdcd5470aef35fc33bddff3f8ecec027f95b1d,3082,654997212
0x9e79b363920213d06d1022f20ca19d4974633046,3082,655000294
0xcbe6b83e77cdc011cc18f6f0df8444e5783ed982,3081,655003375
0x0cc3e2d0e6fcda36df11b00213c0c8ea80b9a682,3081,655006456
0x7d3cb11f8c13730c24d01826d8f2005f0e1b348f,3081,655009537
0x89bd2e7e388fab44ae88bef4e1ad12b4f1e0911c,3080,655012617
0x61646f3bede9e1a24d387feb661888b4cc1587d8,3080,655015697
0xf130e4df48aeef509a3e106223febcde1f9d1a4b,3080,655018777
0x2ab4dc0c85d909296dd6631fdcb73f3680f9da09,3079,655021856
0x36b679bd64ed73dbfd88909cdcb892cb66bd4cbb,3079,655024935
0xbcc546eb5a290977180f85cafaa712019893729c,3078,655028013
0x4b92d19c11435614cd49af1b589001b7c08cd4d5,3078,655031091
0x57165493be2c36e781d1bc0677e3ee5f0f23d5e5,3078,655034169
0x525daeab186210eecc9f5bfe80541e6dd74edba4,3078,655037247
0x4c10bd19688b906665fbd53415f279f34b44ece7,3076,655040323
0x94bc2a1c732bcad7343b25af48385fe76e08734f,3076,655043399
0xfab1eab539d2cf50162245e59ddea174a301d85d,3076,655046475
0xe5d078f380d67b72ece5c55c65c4e0ec97ea1439,3076,655049551
0x8f1459743df07b81ae11a58c5ac6f2fb5fc8f095,3076,655052627
0xd110bb8a24b100c37af7310416e685af807c1f10,3075,655055702
0x24802b055d0ac0e50e83a035210f93f5ecb4858b,3075,655058777
0xbeb955a0af41c6553221daec9c9beb9b7ec216d9,3075,655061852
0xbe5b336ef62d1626940363cf34be079e0ab89f20,3074,655064926
0x518a9ebcdab050bab5d7ba3a7416a4081e201fb7,3074,655068000
0x95428a9b5de67ae14b53a3a5112110b961c0b99f,3073,655071073
0xf8d1254fc324d2e75a5a37f5bd4ca34a20ef460d,3073,655074146
0xe6b7743e2b9aa2d0a9b163c4e69186abb57817d9,3073,655077219
0xbf07ff45f14c9ff0571b9fbdc7e2b62d29931224,3073,655080292
0xc350ebf34b6d83b64ea0ee4e39b6ebe18f02ad2f,3072,655083364
0x83f798e925bcd4017eb265844fddabb448f1707d,3072,655086436
0xbe2530028229198d2c383f2d3fb9f40ebf24deed,3072,655089508
0xa1997e5476538e841cdf0a5d0990bf09a4932675,3072,655092580
0xe6824483e279d967ea6f8472ace7585862fa1185,3071,655095651
0xb9aac097f4dadcd6f06761eb470346415ef28d5a,3071,655098722
0xeb6ad0905839a12153be20408c2cc2049192c852,3069,655101791
0x60100fe21188624fe4f679fccb6b82372fb00a6d,3069,655104860
0x6c0c0185fde32911f89aff67525b9d7dcce58e82,3069,655107929
0x3961245db602ed7c03eeccda33ea3846bd8723bd,3069,655110998
0xa21a415b78767166ee222c92bf4b47b6c2f916e0,3068,655114066
0x2feccd5934025aa61ee05313802c0cf2f6265163,3068,655117134
0x859a1760da07b053448125c82e71c9243cecdd9b,3067,655120201
0x1535572d891e724f4c85a890cc73642139280379,3067,655123268
0x6cb877964e66fc227ff19e29969f6fc6a21798c2,3066,655126334
0xf5f0daeb5c7ca619aa774da20b30922402df8f1a,3066,655129400
0x0a200e8e36d56a589a43733fb49045586d0803a6,3065,655132465
0xa0d60c5c83e2562ac5f3c4a51834a5960d180ec1,3064,655135529
0x851be0d936cb611d2cab3c3963338288445c1e52,3064,655138593
0x8d717ab5eac1016b64c2a7fd04720fd2d27d1b86,3064,655141657
0x44cfdc5c11e93ecef2f5fd5c86f5e472db59ec0b,3063,655144720
0x98629512ed2239974e169341be5b920ea4dcdb21,3062,655147782
0xe12d2e958ff32e44a2ee6b07df0e1382847a4172,3062,655150844
0xc40bf00de77912ea51c4cf1c517f761a9d0ad491,3062,655153906
0xa49f2a94c6658f48a7a38f71af968043ddd18d1c,3062,655156968
0xbe634570457a66d05c19b58e06bae59551f3b6d5,3061,655160029
0x08aa0ed0040736dd28d4c8b16ab453b368248d19,3059,655163088
0x4a6be56a211a4c4e0dd4474d524138933c17f3e3,3059,655166147
0x241684ef15683ca57c42d8f4bb0e87d3427ddf1c,3058,655169205
0x9a4458d02449ef9b42562205718679a8b4204962,3058,655172263
0xb351da6ffebd5dddd1da037929fcf334d6b4a8d5,3057,655175320
0x26d5a7517017b76d99ce6db6db172ffeced09f54,3057,655178377
0x0997efe68027bf7f4b59698cd20d92b746be2e77,3057,655181434
0x189cfd37e7372b16616ee673679c97ca9ba03571,3056,655184490
0x1176d48cd34e156365e8b93cd1de41f0c1505128,3056,655187546
0xef7920e4808e92724f438c572a38bc459463e09d,3056,655190602
0x00000b233566fcc3825f94d68d4fc410f8cb2300,3055,655193657
0xc11326aa6bd9cea8b51f34097ba32c4e5d8aa8d5,3055,655196712
0x4837f64cd9201abf0f7625fd7126249cab8bd556,3055,655199767
0x3f2ee9d678383ebd687217d30612705103e4db79,3055,655202822
0x058a144951e062fc14f310057d2fd9ef0cf5095b,3054,655205876
0x7efc09181cfeb60e59c4b5f17aab3219521b8ac4,3054,655208930
0x0996bfb5d057faa237640e2506be7b4f9c46de0b,3054,655211984
0x42bc1ab51b7af89cfaa88a7291ce55971d8cb83a,3054,655215038
0x820dfa17d30f938dc2c172b716630a06ec759d99,3053,655218091
0x5a311bfa10ac968295125bc85fec7802b37acfda,3050,655221141
0x55914aad05640d89448a7803a03ed0eabcbc6a22,3050,655224191
0x06f39f5939177c3ea3e99d1f46e51af04bb606e3,3050,655227241
0x2c6a9a29a5594456dd99f74ff4689d84c57f204c,3050,655230291
0xf98763760e2016c1a880f797e6fb4d5bd4318204,3050,655233341
0x8760acb548366a1e89ba0369f5b321b347b40bd3,3050,655236391
0xc02afbe422eeecb87b8ead03b0b5aae9cd6f5b4c,3050,655239441
0x756c4628e57f7e7f8a459ec2752968360cf4d1aa,3050,655242491
0x10d7c9c2023fd683572e24fb25bcb9d2c7bda631,3049,655245540
0x050921f845d384a786c38296ef42cb276194c642,3049,655248589
0xc403f7ffa817abb1567c7fb0920a0b7c91c06b19,3049,655251638
0xa92e3ab42c195e52c9fbf129be47ecbb03845dfd,3049,655254687
0xf721f2966a0605d41f4f7e25a297ce14a9db9b2f,3048,655257735
0x3867ef780a3afcf1201ef4f2acc6a46e3bd1eb88,3048,655260783
0x93567318aabd27e21c52f766d2844fc6de9dc738,3048,655263831
0xffdc748ffb88dfa220b98f34216cfd42c8b69235,3048,655266879
0xdcfe18bc46f5a0cd0d3af0c2155d2bcb5ade2fc5,3046,655269925
0x7249275cb4318357268f15b103a45c810ad6fbbe,3046,655272971
0xae75116eacb982b6cd08a567ebafbb9e3718f123,3045,655276016
0x980e0346a5a97f1318d38f3f68f0c9e2cc651b6c,3045,655279061
0x441e2c4eb49c00f835b9d2de1aa59f27b69f949f,3045,655282106
0xf6ed276a69270a895d6e419d99dcb5aaa2f3cb4a,3045,655285151
0x32b7495895264ac9d0b12d32afd435453458b1c6,3045,655288196
0x0f3b491841680eb40bd2be42bce7104f2511dbd9,3045,655291241
0x448ed0a3a204424f33727e3c5b929d8db73c3a1b,3044,655294285
0xc25cb249d4f6b8f2e69f58703f03e76523b081b0,3044,655297329
0x003e0af2916e598fa5ea5cb2da4edfda9aed9fde,3044,655300373
0xa8049b0f1c409a58d378e0e41469e824b1bb6e73,3044,655303417
0x957891c11616d3e0b0a76a76fb42724c382e0ef3,3043,655306460
0x59d63c88ada5a485a4ea1ccec1145619c59e5f39,3043,655309503
0x6ca88cc8d9288f5cad825053b6a1b179b05c76fc,3043,655312546
0x2e5baa37a59168f16acc38e4f9a0c48092a17d22,3042,655315588
0xb49858ee9ff02c04eee96d48c95573f59faa1ed8,3042,655318630
0xcde287348fe949341d27d7f69df049b74446573b,3042,655321672
0xd41c6eb62d1cf516e202caa9471949de9c2e06e9,3042,655324714
0xc421b83e28cb945214ffd6c6b2bc49ad03139d2f,3041,655327755
0x195a179bbfe539bb8a485d944ac60d3a0329f0ec,3041,655330796
0x9b5c2be869a19e84bdbcb1386dad83a2ec8dae82,3041,655333837
0xa425feccc7e0114e735141c30a1c6f6891633a27,3040,655336877
0xdd7f7856281f213ff70d19440d92c6d61d9378db,3040,655339917
0xe4b30af622e4c15012227550bd81656c074c2b2f,3040,655342957
0xd4c04e5099f62632a0861ec68fd9f58e6cd0cb74,3039,655345996
0x129e85b20a558dffded9c3a8d6dfe127e0967694,3039,655349035
0xa931f4eb165ac307fd7431b5ec6eadde53e14b0c,3039,655352074
0x4d3e152aa1426ecb72c552bec5f2375f6327333f,3039,655355113
0x260e63d91fccc499606bae3fe945c4ed1cf56a56,3038,655358151
0x08a1a233b48a4bebb9028f57310fd1fe2e132401,3038,655361189
0x66e8966cc27f02640467d21289174132732f8d74,3037,655364226
0x7e2deaa00273d0b4ef1ceef712e7d9f812df3e8a,3037,655367263
0x77c99db1fd3f33bce16cc1274a814522ef1f025e,3037,655370300
0xbae5f2d8a1299e5c4963eaff3312399253f27ccb,3036,655373336
0xb75d4c89671477d2135ad82125d52a38e3e35a2f,3036,655376372
0xa11cb7f893f3939f91d3c6e23025b41877190d6c,3036,655379408
0x0cedf892e27ab99f4633dae6ca937bd7edcd31c7,3034,655382442
0x76d6bd0fa363c1d1852eff192eb9b68166bea1c3,3034,655385476
0x320274f5dd332cc3b617b360e8554d95a0b96978,3033,655388509
0xf3fd2ff0b30151529e26bc5ce86714f97aad6a58,3033,655391542
0x2d0b69300c4637625681a19d840e8e9c1ebe4126,3033,655394575
0x22c10728343e9d49ef25080f74a223878a3d4052,3033,655397608
0xf1181a71cc331958ae2ca2aad0784acfc436cb93,3033,655400641
0xe2b0561d09d37babe1c20119e2c183c68fd588ca,3033,655403674
0x19d1666f543d42ef17f66e376944a22aea1a8e46,3031,655406705
0xd5090674b4653240cd94ee886484ca808c6e6694,3031,655409736
0xaaf4281fd8142dc3263b3303b0a6f62d00b2d07e,3031,655412767
0x55a0dd2f1b1d8034894c99507b6439eca479cf62,3030,655415797
0x66be1bc6c6af47900bbd4f3711801be6c2c6cb32,3030,655418827
0x247551f2eb3362e222c742e9c788b8957d9bc87e,3029,655421856
0x09e4c71a5277119d372cc401b8b53571ddd147f3,3029,655424885
0xad49d8eb1c9565118b41a0690755870673f87754,3028,655427913
0x4f40cbd1fde9214b3bcbdc0359d132e6458f5e20,3027,655430940
0x8e9bf0e4eb8aa8210663b6f8f53e298f66df6000,3027,655433967
0x9ea1ae46c15a4164b74463bc26f8aa3b0eea2e6e,3027,655436994
0x8578e0d36dc684242258d4a1345446b024765303,3027,655440021
0xb78d9f9f4332c14a08ec90d2e1c8e840ba8a2e50,3027,655443048
0xf1778abfc392e1fbe0e084288da8c3e78910cdc7,3026,655446074
0xdb61354e9cf2217a29770e9811832b360a8daad3,3025,655449099
0x8dec574fcd0f70942f2db96ddaf2fd1ed912d728,3025,655452124
0x0ea5da303c9ad00c8a2740c0ca8c44f12c7da790,3025,655455149
0x100626e85343301555a4c46934171ae1c6471abb,3025,655458174
0x2a8e1e676ec238d8a992307b495b45b3feaa5e86,3024,655461198
0x6d38574be6c230272daad16fa5f291f825bd0da1,3023,655464221
0x36a441cfa65f95634f83dd59d4080f78d9c72f82,3023,655467244
0x02c12964e74a0ebb4ecfa13c3717797dedd9ef6f,3022,655470266
0xfbc3c8aad80b5934d134e2cce065702ff254ad7d,3022,655473288
0x23aeff664c1b2bba98422a0399586e96cc8a1c92,3022,655476310
0xf03045a4c8077e38f3b8e2ed33b8aee69edf869f,3021,655479331
0xb97d5cf2864fb0d08b34a484ff48d5492b2324a0,3021,655482352
0x33dbfe3b3f4cee8749f1435a848082f863c0bfa4,3021,655485373
0xe416b41a26661b00e2f41545eb7cef7995090aaf,3021,655488394
0x9eefd456049b7690afbefae17fb8901cad059dd4,3021,655491415
0x6dfde5e6ea1f0504475ad04eee6e341fc3b16ec5,3020,655494435
0x03a99d9235732d94a300bf7013acb11020484bf1,3020,655497455
0xb0dfd28d3cf7a5897c694904ace292539242f858,3020,655500475
0xbcf2dd0ac28702675138cff2dbf192660ee72aaa,3019,655503494
0x450711d5da9f7cadb0e4d3472be550328b37bdda,3019,655506513
0x6251583e7d997df3604bc73b9779196e94a090ce,3019,655509532
0x22b21b9de1c05a7ce39d1c41f070ab6ae9932348,3019,655512551
0xf9cf56cda5ba1a3b8143d02b72a873203b7f309a,3018,655515569
0xaa2eda344791c6cae3e6156ced5db67673320da8,3017,655518586
0xb4cd0d7100e55b05295fdfa2e90cbf7857198170,3017,655521603
0x87d4da88e7595ee4187251606ed38bbad90763ac,3016,655524619
0x28f72434d130029254fd04d772077d3bf08c032a,3016,655527635
0xd24e56f02ee723a443575836b9668587ffd6204f,3015,655530650
0x1f458be8c2b7aa40e05ae136c94fdf900ccdb79f,3015,655533665
0xaff333518cb762048e91d93bdb166fd3d91fdf2f,3015,655536680
0xb26dd671549fce2d56d0da9f047d2a6a7999fce3,3015,655539695
0x14dc10fa6e4878280f9ca0d9f32ddaea8c7d4d45,3013,655542708
0x0703fb3ccf77d117ecbb19774b5f97c5a4875c9d,3013,655545721
0xb99b7c5bda13f5cc7c9eebc166bbc430a833acf3,3013,655548734
0x6c084b601367975ff53814ecbf46576afe0bbe0f,3012,655551746
0xbd11bc57fc140614190cabc1b4c316aba220bae4,3011,655554757
0x1254e59712e6e727dc71e0e3121ae952b2c4c3b6,3011,655557768
0xc1d10b9edd390911f130721fce8b083b2173ccd9,3011,655560779
0xe7e01babb53c98f8d84d05dfff64ebb63ed37bf5,3011,655563790
0x35b2e1da94e4cbb7b7fad9dacc8c0a6c6cf18e66,3010,655566800
0xdf9307dff0a1b57660f60f9457d32027a55ca0b2,3009,655569809
0x38928f811ea233a60de174fc5438417a9a7c02d2,3009,655572818
0x3822e2fa5525d6d5451309ddc247b5f83678e14a,3009,655575827
0x7a79868b8375131b4c6a681b112109a51eea0a6c,3009,655578836
0x9f57ca3b9493012007aa6d53208ffba2740eb1c4,3007,655581843
0x799d4c1ccd4ff232d31e985408c2d5512c54fd67,3007,655584850
0x1abc429a9e0a6bb21cac418e876f2ba608556836,3006,655587856
0x8be6a6158f6b8a19fe60569c757d16e546c2296d,3005,655590861
0x6db2315d704aec2a18bcaec51bf4342628f23b7e,3005,655593866
0x3e55cbaeaa14765536073c3967f0f990eb4d07f7,3004,655596870
0x8427e58602c5e446f01055065d2b4caaeea56a2c,3004,655599874
0xe991247b78f937d7b69cfc00f1a487a293557677,3004,655602878
0x77497ab232f689be75995b3d3e262628e67b869a,3004,655605882
0x4304ae5fd14cec2299caee4e9a4afbedd046d612,3004,655608886
0xf5f6ac6db73493a849cb782c58c8612ea5ee9d0d,3003,655611889
0x1d9e20e581a5468644fe74ccb6a46278ef377f9e,3003,655614892
0xeb4e33dd1d97407add2afcdcd5dd17851b1695d0,3003,655617895
0x2ac0e433c3c9ad816db79852d6f933b0b117aefe,3002,655620897
0x11ef34572ccab4c85f0baf03c36a14e0a9c8c7ea,3001,655623898
0xc2abb7a5fe0649b50fbc1f0a209cba27cd9baac0,3001,655626899
0x2066c825f210f38bde12e9613399ebc042ac3700,3000,655629899
0x14d4d06b8e8df9b85a37d622aa95784a4fccb130,3000,655632899
0xebf698ede71af52ab1acb12975472ba2e302e810,2999,655635898
0x15ad855526598282e173921e62b0cfe4743f5f6f,2998,655638896
0x341ffd5852614e6a9189dc2931cb7ec3f10605b0,2997,655641893
0x5635ddeabf9cdda686995fe90beb5411831563fc,2997,655644890
0x2a42ccca55fde8a9ca2d7f3c66fcdde99b4bab90,2997,655647887
0xf44d4c05c1e27fcfebf108ffc2e64de6384f9e1f,2997,655650884
0x0944393abcfc9879cedc19e070c056f70703f9b8,2997,655653881
0xce75e5aa182ee99ea1be60aa13b3f2eed172730e,2997,655656878
0x320c45f90fcdb0167ac5473bbef88283716887fe,2996,655659874
0xbed4ab0019ff361d83ddeb74883dac8a70f5ea1e,2996,655662870
0x0000009d48b12597675a02fca9c317eadef152cb,2995,655665865
0x0e511aa1a137aad267dfe3a6bfca0b856c1a3682,2995,655668860
0xfaf368b54d6d6c7b27dd9a60cc65e3d150913174,2995,655671855
0xe88fff42196f5a47ffc1ba2854c14e8eee4bfd05,2995,655674850
0x6b026adb88f36c9e7ffafa7206aaadc6255e34f0,2994,655677844
0x5085c5356129ee11bffb523e3166d7153ac13c75,2994,655680838
0x1078f9d2b8777fea7ed8b2a127622eb985c7607d,2994,655683832
0xc0fc25ba6e693e23fea1d2b7e65e75a0cabe586d,2994,655686826
0x05f6bb6b96ca657a3666d2f1bca302b999a671b4,2994,655689820
0x03066da434e5264ef0b32f787923f974a5726fdc,2993,655692813
0x7ca598a636647b114292bb66e1336865fc262d11,2993,655695806
0xb246bcd5baac8e342941d0f803d528b6668e42cd,2993,655698799
0x2f4eb47a1b1f4488c71fc10e39a4aa56af33dd49,2992,655701791
0xecea5071fcd60ef43088083e3a2ce66ebf67f7af,2992,655704783
0x677a3f5d699c70c606220382c41fa473f7e2f6bb,2992,655707775
0x85dc6598f0c52c0c808a509bca24ce44168a7caa,2991,655710766
0x35235209c2c7401874d02d87b75d8ed0d51ea865,2990,655713756
0x81824663353a9d29b01b2de9dd9a2bb271d298cd,2990,655716746
0x595f13f53667c8071126d6d2ab499358d967da39,2990,655719736
0xc9b5f9f2078a7a0b3a69c2241de8f611fb63f9c4,2990,655722726
0x0a5e9e2deead6d7ea987924d386fc231b7f9e95b,2990,655725716
0xa4df87580a0f5168fd95231327306d098fb0d55f,2989,655728705
0xa1c50afac5e0f57368b6993cc76e3897dabaecf2,2988,655731693
0x926c10e8bba444126e799c7940207ff409a476b4,2988,655734681
0xfc64c0adf4a08008e3fa2bf9c03540032b1c8288,2988,655737669
0xf393ad8f74ee2499b7648a8e02501c76d8625883,2988,655740657
0x4d2c5308f1d9b42bdc398d215713bbc9e0738a0a,2987,655743644
0x26355d4125c6368aee0cda80542c8bd62911739a,2987,655746631
0x98e9aae25e944c048d9c02695559314b44f2299c,2986,655749617
0x52cc1501f081ba069eeda35ee91e7bbeedcca965,2986,655752603
0x10c52bec3910efabfe6d69444b04d690e9b7834b,2986,655755589
0xa853b30c343b1d0beadccb958253bbbf3a46bc35,2986,655758575
0xcdbb5a2d305f179fcff384499cdef4d6265b3082,2986,655761561
0x01f00fb2ed044e9807a09381ee653028127f7002,2986,655764547
0xf3924df14812b3d3db29124aa9da4353ed5e04a3,2985,655767532
0x7eca1cc62baa46b9bd4f59425cca8e4c244b805a,2985,655770517
0xb1b5e5f5a7d5321ef7749a1a9d8d0d27f37dfcdb,2984,655773501
0x9eb0aad5bb943d3b2f7603deb772faa35f60adf9,2984,655776485
0x70e8de73ce538da2beed35d14187f6959a8eca96,2984,655779469
0x68f97452f6b6770a5211744856cb8c4818da3efe,2984,655782453
0x7cdec53fe4770729dac314756c10e2f37b8d2b2f,2984,655785437
0x352df3c66537efdaa906a2cdd718966b4946f15a,2984,655788421
0xfbb9b69cfa469d901e2cb605d4b20b6bda88a937,2983,655791404
0x43aec72513d9f21e2aee98aa4c821969b8dd8585,2983,655794387
0x2c759743bc3493e638b52e604e0386d51bf4f0a4,2981,655797368
0x2b1eb94d2aed2dea74d85a6bac5f44df03b8dedb,2981,655800349
0x22c3bb181cd14703583e583013c82071c8d4c11a,2980,655803329
0x9e372c76698f54f769637277650d5b9f998e0e43,2980,655806309
0xea966ea83d452baea8ea7add4339ff253b3a8888,2980,655809289
0x861334dec28b3ba71dffb1abf4e57d4ad3964b5f,2979,655812268
0xf0bc1ae4ef7ffb126a8347d06ac6f8add770e1ce,2979,655815247
0x011c77fa577c500deedad364b8af9e8540b808c0,2979,655818226
0xb9adedb35df146a4bbdc696b4bdc92b2872bc472,2979,655821205
0x4b618087dae7765823bc47ffbf38c8ee8489f5ca,2978,655824183
0x155ff1a85f440ee0a382ea949f24ce4e0b751c65,2977,655827160
0x7815017625fc9fc7a921578c8b6a3015f99f76fe,2977,655830137
0x701a9a01c454b44dfc3355de822507ddd3321a7a,2977,655833114
0x8500afc0bc5214728082163326c2ff0c73f4a871,2977,655836091
0x93236579250fa6f82779b9048af9205501fe1fcb,2976,655839067
0x03829f5675f3b51d0f8c2a74417a757625acf22f,2976,655842043
0x0d495b16d323f5755da44becf597a2042dead9a9,2975,655845018
0xfd9eec2bb8ed6051ba557100ad0aba87934b51a3,2975,655847993
0x097abff335e9f058b081bd229559a3878d2e3b01,2975,655850968
0x3a1c1d1c06be03cddc4d3332f7c20e1b37c97ce9,2974,655853942
0x02b24b52a8df9540f8f47ff4a2137b8510916d25,2974,655856916
0x68b55024ad32523c95aaa0a235e1d78e9191168e,2973,655859889
0x45372fe8a6e440d82b9ab5f2520719cea02136f2,2973,655862862
0x7dd3f5705504002dc946aeafe6629b9481b72272,2972,655865834
0xc969d80e6b8f9500ccf0dbfa34eefe1cbbb35919,2972,655868806
0xc40d16476380e4037e6b1a2594caf6a6cc8da967,2972,655871778
0xf2d4766ad705e3a5c9ba5b0436b473085f82f82f,2972,655874750
0xa9ce8204c3a882c412dab5cd4c114674e4498762,2971,655877721
0x5c12007a271e698bf4e0d46af0a70184c599f31e,2971,655880692
0x4c85b7354b2ed5d875951e7a092a7660e4d0e298,2971,655883663
0xd2bdd1e01fd2f8d7d42b209c111c7b32158b5a42,2970,655886633
0xb7e40422ec5844a6f80d1ea29f5a44753e0b2a5f,2970,655889603
0x5c2390fa777a968696b93372d4881770751c93dc,2970,655892573
0x6bb3b0b8cee1df080f9bcf84f0031fdba4919b37,2970,655895543
0x156980b6bea840b59399d885d9ddc755fcd311b2,2969,655898512
0xddaffcbeb95d095227043fee74062ac56df5cbb2,2968,655901480
0xadbb5ca37d9a9923db37854d4787998bc02bf883,2968,655904448
0x1274a04257f6de10fc71559c85e881187e43b10f,2967,655907415
0xdcf6849a910c142f097226bfe5923db6889b2cca,2967,655910382
0xe34687ccb29761f543171b08af3b08521e35741e,2966,655913348
0x0e9eccf7ced35da0702c9e2d943654da80fc72dd,2966,655916314
0x1426cc6d52d1b14e2b3b1cb04d57ea42b39c4c7c,2966,655919280
0x8886ae331995d92b9cdbb7b7f944654e9de0848d,2966,655922246
0x5e654681cb386a9a8191a11a2c4ed8042bc408ac,2965,655925211
0xe7df7f4e4fb3394bbeb45e6338fb5965e057a2a2,2965,655928176
0x9a77adcc236da304dd656331c13d7c234b04819c,2964,655931140
0x8a3d77e9d6968b780564936d15b09805827c21fa,2964,655934104
0xe8e198be33424fb609df60fbf53083ebcb6051bd,2964,655937068
0xe70e3b20d9acf9f0d15eb1c04035f12518ad8da8,2964,655940032
0xfaccd5fc83c3e4c3c1ac1ef35d15adf06bcf209c,2963,655942995
0x01da2614dcc809b4b5aeb9a4f28daf068e99d9d9,2963,655945958
0x6f4e647f553397dc999382ad3a9c5336c5de27aa,2963,655948921
0x50067c62078579cdc0c76fc04fd28fb6fe3afcd4,2963,655951884
0x9367863796a1f0992a8c256fe83ef8bcd307c199,2962,655954846
0xf5a7ef9e461bbbfcfcf44b404e7f255cbd28d428,2962,655957808
0x892a6f9df0147e5f079b0993f486f9aca3c87881,2962,655960770
0xf09828103d306f50af7e3132adb6def77c6d96f7,2960,655963730
0x9105695ea83d2daf6948e26a1e872bec6aad3d94,2960,655966690
0x17d25a67781122e89bcaeba36a5c72a4aa809e4e,2958,655969648
0x3161a3a2469469c663d2fd4cdbda29224c8858c1,2958,655972606
0x2aaf4c580801ab53bda6376122648abf4cf0859a,2958,655975564
0x66d9c4d19b4c8e23a54c6dc4ceed141f66b8111c,2958,655978522
0xd6bf4ba6ec6c3d24a1e99442ec2136892d4b8d2d,2958,655981480
0x0f90842e0b39fdc014dfe9daf5835c54ef894bf0,2957,655984437
0x07c62a47ebe0fa853bb83375e488896ce71266df,2957,655987394
0xae4f56f072c34c0a65b3ae3e4db797d831439d93,2955,655990349
0x4acc1392bf865699e2a19c15791cd24bd479e1fc,2955,655993304
0xaf183350bdf8082b486cee23fbfcca6ea3258dac,2955,655996259
0x224061756c150e5048a1e4a3e6e066db35037462,2954,655999213
0x8806926ab68eb5a7b909dcaf6fdbe5d93271d6e2,2954,656002167
0x6d0730731b94a4eafea74ad67d41ee29596f8919,2953,656005120
0x393c92ed8e2b044b10f83703fc466afd3ffb1e20,2953,656008073
0x152687bc4a7fcc89049cf119f9ac3e5acf2ee7ef,2952,656011025
0x1320dd9ccdf00249a9b9c94f6554945a8dac4608,2952,656013977
0xc81068cd335889736fc485592e4d73a82403d44b,2952,656016929
0x8bef0141e8d078793456c4b74f7e60640f618594,2952,656019881
0x0c7d5d65024bf684bcd313e885a00b2057ba7918,2951,656022832
0xb64c90fe1d053bc59fb0db09d5061a8c1f0fbe30,2951,656025783
0x3ebb4a4e91ad83be51f8d596533818b246f4bee1,2951,656028734
0xb581e3a7db80fbaa821ab39342e9cbfd2ce33c23,2951,656031685
0x1df0b473128f42ff80ce26bc253381bc58cad476,2950,656034635
0x032a540effd5644b8843748a51210db2079097c0,2950,656037585
0x45f145d84d84a3a71847b01360c28499f6cbf1b0,2950,656040535
0x19c320b43744254ebdbcb1f1bd0e2a3dc08e01dc,2949,656043484
0xca972c3a1f169dc9ef4c4d9abd661ba9d2ac6d96,2949,656046433
0x803338854f7b75b6cb4d2d8f4b34ce44a93c1390,2948,656049381
0xd206f09a797fd5a939071ee67ea2b167d12b81ed,2948,656052329
0x961dfcf1da306a55b0d0302586ba3c63a7655942,2948,656055277
0x1c4b7d0e1885bd7667af3378e0c538f74e712006,2947,656058224
0x87611ca3403a3878dfef0da2a786e209abfc1eff,2946,656061170
0x8f1e657669d07fcccca1995031b973f5b6c505e4,2946,656064116
0x3204fb05884ef40a05ef5f383e63d8a085fca43c,2946,656067062
0x6ef5b9ae723fe059cac71ad620495575d19dac42,2946,656070008
0x63d958d765f5bd88efdbd8afd32445393b24907f,2946,656072954
0x899338b84d25ac505a332adce7402d697d947494,2945,656075899
0xc175e77b04f2341517334ea3ed0b198a01a97383,2945,656078844
0x8d63a7416466832aaab1482e42250f5d05b309b8,2945,656081789
0x6d5703890c3b41b79652f61667ad66dc701825d4,2944,656084733
0x341c18c9f4ac153fda77e8bacaedbb7a0e09c5b7,2943,656087676
0xd037763925c23f5ba592a8b2f4910d051a57a9e3,2943,656090619
0x9c5f4e5c017984729b05f698a294288137203583,2943,656093562
0x50b83c6464f3fd57a85962eb88b41ee271cbad31,2942,656096504
0x4f56221252d117f35e2f6ab937a3f77cad38934d,2942,656099446
0xc5bc719e972e84fd98e122308a33b8da1db118ea,2942,656102388
0x0d7856559c97dce044ab93e0bca4b687696d437e,2942,656105330
0x8d3e855f3f55109d473735ab76f753218400fe96,2941,656108271
0x4fb2445742d0c413a917b2484960b0d80950b540,2941,656111212
0x74fc0625bb63a9e1b7d3bf4b914ea2285128da29,2941,656114153
0xbd77aee5f4d066257803099c266421eaa472fb5e,2941,656117094
0xdd9f24efc84d93deef3c8745c837ab63e80abd27,2941,656120035
0x73f2651ea38d48b3b808ffddbd398fd600ab5ba7,2940,656122975
0xb83c1fd4b74d3e4e85cf0331443e5a167ededda7,2939,656125914
0x5cdc4f8b2e8f9dc4ea31d0915fa454a552cbecd1,2939,656128853
0xe8a1df958be379045e2b46a31a98b93a2ecdfded,2938,656131791
0x51ffdf64ce62464a610bbe0697b32882100861fc,2938,656134729
0x27fac6fe5de049bb42f99da475c1fd777d9f198b,2937,656137666
0x1c6c8e0c6b93b81c0ab3ca4e16eac96f02175f73,2937,656140603
0x04b5e13000c6e9a3255dc057091f3e3eeee7b0f0,2937,656143540
0x465d3bd8ba9879352796a2337b58d2ad9f4b8175,2937,656146477
0x19d3364a399d251e894ac732651be8b0e4e85001,2937,656149414
0x62d117b2eba69f03840281ad5c837290a3f40e50,2936,656152350
0x5f9ae054c7f0489888b1ea46824b4b9618f8a711,2936,656155286
0x31b80003774888d077ce68aaeaca8e4d94f64f58,2936,656158222
0x798934cdcfae18764ef4819274687df3fb24b99b,2935,656161157
0xeb547ed1d8a3ff1461abaa7f0022fed4836e00a4,2935,656164092
0xf5ed70fbee2b730cd0e86dbee6abb8f270f6c283,2935,656167027
0xec8d292beedaa23796c5c055c7b57c5118447201,2934,656169961
0x26a40057ef2a7e398bbec60b8304f3b46ae95d86,2934,656172895
0xe73e3b405fc24e14b5aaf9a2709f58ba8eb54734,2934,656175829
0xa5808a5b7324084c212f8b86e6795440f69ad419,2933,656178762
0xc55a34ed7f6eac0403555b6ebbdae0b55d9dd307,2933,656181695
0xe3d74df89163a8fa1cba540ff6b339d13d322f61,2933,656184628
0x1db80b860081af41bc0ceb3c877f8aca8379f869,2933,656187561
0xe65d8aaf34cb91087d1598e0a15b582f57f217d9,2932,656190493
0xcb2a7b8a1fceb097e8fd2d85fae9582f16a5a8c7,2932,656193425
0x78eb8dc641077f049f910659b6d580e80dc4d237,2932,656196357
0xf296ec1921acc61303dbbb88e5e9517a015c2d42,2932,656199289
0x4ea4440cb0ca58fc80f70f2ae438405a358a7483,2931,656202220
0xdc3228e10259494a834743260ca8340c7ea90391,2931,656205151
0x09843b9137fc5935b7f3832152f9074db5d2d1ee,2931,656208082
0xe3592fd8e438acbffa700ce9582447b4cc3dd5bd,2931,656211013
0xdda1bfaf552b0f303d27853a4a13dd440c7e849f,2930,656213943
0x9898bb78288fe81943b806ee5deaccf44fadb3ff,2930,656216873
0x34dd5edfed51c632d1d4d2502bc901efb5fdfcd4,2930,656219803
0x218f1de2ea9ae3e9fdea347b6e707ebfda2d6233,2930,656222733
0xa0ed37d42396a5419fdb69cea34059174333d0ae,2930,656225663
0xd5f501c4cdbfca915f04d4ae3853a904c9a35af5,2929,656228592
0xb6cadfb7d4d900f8152954a58bff03901a57c2e2,2929,656231521
0xc767b1cec507f1584469e8efe1a94ad4c75e02ed,2928,656234449
0xba9dc7d88783a466e469ee60bf1884812f31c9c1,2927,656237376
0xd64979357160e8146f6e1d805cf20437397bf1ba,2927,656240303
0x6344ea04fee4f72d1414e25a51d3f35a4f232086,2927,656243230
0xa1e72267084192db7387c8cc1328fade470e4149,2926,656246156
0x899cc5f7e0dccec1565a6c39320f6716076d314c,2926,656249082
0x26b06b2b76220e36b40fa206543184fcf96ed362,2926,656252008
0x5f277da6734cb32e182c8252467df39d6ec424b4,2926,656254934
0xfe4d19fdbf088f908857305cf645fd3ae2cce349,2925,656257859
0x47c22bae5cb70fdcd5bca935bd3b18353b2e58a1,2925,656260784
0x5d93d92324162a75e5cb3001b0f753c50144e6ab,2925,656263709
0x7f9e3632dbe8488a88ba1e71cf01435ba108c71e,2924,656266633
0x7cedb6b96896708c29957f17f602331f84378a3a,2923,656269556
0x77cf7af3b6ff3c17ac5cf6f4d0b662a2e40016a9,2923,656272479
0x1df6f1bb7454e5e4ba3bca882d3148fbf9b5697a,2923,656275402
0xc6be00f7ed386015a3c751d38c126c62f231138d,2922,656278324
0x2d740703e313d5da522273b90046bed59ec4cfd8,2921,656281245
0x736d6f6c8f904fb92f62847d034883c4654ba2fe,2921,656284166
0x9c4dfeeaecb4cfc64980c6209f55846b868ec498,2921,656287087
0x198a87b3114143913d4229fb0f6d4bcb44aa8aff,2921,656290008
0x75f0038b8fbfccafe2ab9a51431658871ba5182c,2920,656292928
0xaa6e8127831c9de45ae56bb1b0d4d4da6e5665bd,2919,656295847
0x8298b4e1c9256ed9378dd384aa5a5cfea76e52fb,2919,656298766
0xc05eb8729204c2fdbd825515e353ce1a8fa5fa2f,2919,656301685
0x5fbc6aeb4a868b0f930fbe34581188b7bff5ab62,2919,656304604
0x00377f288085b8f113abcb619d1405cae4d668ab,2917,656307521
0xac2bd14654bbf22f9d8f20c7b3a70e376d3436b4,2916,656310437
0x82f4ded9cec9b5750fbff5c2185aee35afc16587,2916,656313353
0xaf815e887b039fc06a8dddcc7ec4f57757616cd2,2916,656316269
0x3ec562803365feb512e2c6d90765d421fb3756a9,2916,656319185
0x5bffc45d740c213e19b68b40e9ed89705f495e44,2915,656322100
0xddf9b7a31b32ebaf5c064c80900046c9e5b7c65f,2915,656325015
0x10fc82867013fce1bd624fafc719bb92df3172fc,2915,656327930
0x6b92d76c9d0d40e53019ffa51b6f0c9b6bc657c9,2914,656330844
0x0ec90d42eb19584624a51d8d961d63ee277e2f0f,2914,656333758
0x000000001e29fcd9b1469a7954dc65ff254fffc0,2914,656336672
0x173fca44c7da22a5ce0bbaab527cc3297c8bfbcb,2914,656339586
0x274e07bba90a2ef0a1af25be781d6aca6497f8ab,2914,656342500
0xbd2a43799b83d9d0ff56b85d4c140bce3d1d1c6c,2914,656345414
0x9b43cf698b0412455e9880d283118b99f56fb951,2914,656348328
0x9669890e48f330acd88b78d63e1a6b3482652cd9,2913,656351241
0xc4b32e82bc515d46eb06f3d8e30a2904c4c2ebf9,2912,656354153
0xad8b556174bff978c6a6ea022871c3e26ea9ddb2,2912,656357065
0x20c81ae5a7cf1c5a3f8293313692474f8d6b808b,2912,656359977
0x74d09ce8a7255ed95a7dbbf30665050ce62ba38f,2911,656362888
0x5a63720e9d22d8c7d0b49a6a9f8fd93d631a2f7d,2911,656365799
0x2fb12bccf6f5dd338b76be784a93ade072425690,2911,656368710
0x59a17c58daaee299b39a060b9de67bf7c829e4d3,2911,656371621
0xb772c656f5021b6f0ab5d701c8e2b3c06735071a,2910,656374531
0xd87c52809a972fdae2dbab69d438510f17f7409a,2910,656377441
0xbf528830d505fa8c6ee2a3c0de92797d278c5478,2909,656380350
0x5bc25f649fc4e26069ddf4cf4010f9f706c23831,2909,656383259
0xb422e605fbd765b80d2c4b5d8196c2f94144438b,2909,656386168
0xc55c2175e90a46602fd42e931f62b3acc1a013ca,2909,656389077
0xc1055167b42a5d01b4384afcc9d6682d61a67f2a,2909,656391986
0x1a050d77003caee532df18d04d86b99ca15bf9e8,2908,656394894
0x4f96b223c8d2d352f17fed8f0753d2b4d7c8942c,2908,656397802
0xb1236770ed9015e331c021347e005b00c8b8a01b,2907,656400709
0x8b79656fc38a04044e495e22fad747126ca305c4,2907,656403616
0x5a0e27020fa22adab2e81495025bef3fab7821fd,2906,656406522
0x6c86228d240c22d4f4744654026326895351b2ec,2905,656409427
0xd5ca94092afd0b0de953c53e2fc7ea0df4ff610c,2904,656412331
0x4d5fe991e6e2b5cbd3aec8453018b01ad044817b,2904,656415235
0x922ac473a3cc241fd3a0049ed14536452d58d73c,2903,656418138
0xe8868e87aaa4a0d0751691f9f33b0e5da7127039,2903,656421041
0xbb9149f1f9654b074efd6daeb894e1f2ef062102,2903,656423944
0xb391078acae40c5f5256828a6a614ad00d31e50d,2902,656426846
0x64f753e999e4f0133fa762df6a524dec002d616f,2902,656429748
0xc24203668b9d9da4447c158a8801a05b88e317e0,2902,656432650
0x9f51701a8bd1e8d50f3ad41dbe5cb4a069c0f455,2901,656435551
0x689c7c633244529d096900c7b27dda799195edda,2901,656438452
0xb95188f011e49a60fc6c743b1bc93b38651a204e,2901,656441353
0x3b81fc04de79df41951f31a2aeb4b601c1ade53c,2901,656444254
0xa14839c9837657efcde754ebeaf5cbecdd801b2a,2899,656447153
0xd3a2a7329e8530ba691ab5d2c213c9fad2244aa6,2899,656450052
0xddfc21df6f2556528b21574695c7b33f22e60a70,2898,656452950
0xecf6be10bc0bc725f70441272c2daf6e1235afbd,2897,656455847
0xc6e5e9c6f4f3d1667df6086e91637cc7c64a13eb,2897,656458744
0xf24d5683d65af07bd279ec899bce423befebb366,2897,656461641
0xe184792acbef4a5ac08139159067218df4b5a3f1,2897,656464538
0xe3e78b15da6e5a7deb4e010f6a7935158a7fcb1d,2897,656467435
0xeeeec8542dec1993c76873524aca8ea9af9e2447,2897,656470332
0x3936ad01cf109a36489d93cabda11cf062fd3d48,2896,656473228
0x770192738485d4794f4222e49501f31e85814cec,2896,656476124
0x8c246d55d90ac8e5f03afe36e1fedf4737695697,2895,656479019
0x7fb550255d0daf6de4d9b8d5275d2dc28619b78d,2894,656481913
0x8ffe40a3d0f80c0ce6b203d5cdc1a6a86d9acaea,2894,656484807
0xef77f31f62262c1d56e6510bbab363f464fbea2c,2893,656487700
0xa911dbcbe4eb02d48d1f16962890256ef85d67f0,2893,656490593
0x73fe72f0646795fed399754c6967fbfc510cf804,2893,656493486
0x90135f6283786e9a9dad174a9a0d646339b7af7d,2892,656496378
0x7e0178e1720e8b3a52086a23187947f35b6f3fc4,2892,656499270
0x211b1fe2227b53c1013b6fcc2caa4b8b68d75680,2891,656502161
0xf67a8b0e3e0ee303422f78b4c5b8da60df80a59c,2891,656505052
0x50bc2ecc0bfdf5666640048038c1aba7b7525683,2891,656507943
0xcabec58a571979f9fe825885fcb8f7a93892eab0,2891,656510834
0x3b4b29c4c1872a60d09937686bd2b358db9dee8a,2890,656513724
0xacac7beef18102a764c36caf598bd276a5da87e4,2890,656516614
0x1e89b045e633c80d2bd1e0dd6bb69a5e7fdfb21a,2889,656519503
0x48e1611a252d5cdfa8d8a8aa85bcd97805e365be,2888,656522391
0xfa8e7f861615de8b465af9a7b997371c85d95a0e,2888,656525279
0xda2cf810c5718135247628689d84f94c61b41d6a,2888,656528167
0x0d268c105e1c5bda54adfd811f8010eb11525fa0,2888,656531055
0x94b3f35a7a3a24d791504f45bf2e137fa7a5486e,2888,656533943
0xc90a550b70378bd92a46baa3bea3c98728acb967,2888,656536831
0xa881eb99ef00d25e3d971371ce595edc42ddeb41,2887,656539718
0x03a5d1d4c764decf50ae12decbed8a51a421faa0,2887,656542605
0x17c684e2f608dec780518bb0589cf0c858fe5e80,2886,656545491
0xaa4ab1c817e4df7d25ce4d42352649d592a3bba0,2886,656548377
0xf438e3a0c1bb9dc0ef6da672c97a282236d3f233,2885,656551262
0x055bd667823ec8293c7c26ef967613e931e1ee6f,2885,656554147
0xfbbe9b1142c699512545f47937ee6fae0e4b0aa9,2885,656557032
0x53e28b07e0795869b727ee4d585b3c025b016952,2884,656559916
0x261d650a521103428c6827a11fc0cbce96d74dbc,2884,656562800
0x500b3df1f54dc55cf56c31290d9176c9dbb1171b,2884,656565684
0x5468a1dc173652ee28d249c271fa9933144746b1,2883,656568567
0x8b41bceeb9858cfba8139f7c87e2b002b92a3d00,2883,656571450
0x4e6b88a7a2a51c5bc3422a097f89a854e21866c5,2882,656574332
0x439ea816a1646930ae2844aa146ed39e6be8fc89,2882,656577214
0x776ca7ded9474829ea20ad4a5ab7a6ffdb64c796,2882,656580096
0x009c3b17e2ca0e65db6e317f1dbb2b6099c26fb5,2881,656582977
0x60daec030a5b76bfd4aaa6c0b2bf6d4b81c4a34e,2881,656585858
0x44bf22949f9cc84b61b9328a9d885d1b5c806b41,2880,656588738
0x2f0a1bd676e786f9dd5543697341e717a4af61c7,2880,656591618
0x7c0540852e552c2f6b981e89d2388e98935f9f4d,2880,656594498
0x143ebc6261f65903d9925242addca9f1236cdd7a,2879,656597377
0xc63d24990c18ab6a8fb805f5d6b11714700173e9,2879,656600256
0x13e6bf704f112181e0951f9c1b9a8a5c7e0a00e1,2878,656603134
0x03aa13998842a506dbce6f2c10a19deca7ee68e2,2878,656606012
0x0587984d6af30f19c00eba3c9c87306de870bae9,2878,656608890
0x27e6d3ce99fa5ec4019ce598af54bcb3a2fb2e5f,2878,656611768
0x961bb97a18db7e2b1963e517f0ec126487d063b1,2878,656614646
0x97e2d55f05f4ac8dfabf55d5538d6f324b824d6c,2877,656617523
0xa0bed124a09ac2bd941b10349d8d224fe3c955eb,2877,656620400
0xa6ca2d1ccbc75d71de1354d549644271ef7122ed,2876,656623276
0xaa9a44dd80921588ebb3d716ee8a86ce1d7ae00d,2876,656626152
0x621c1528829b70bfe6df7fa82251ed7271ab8104,2874,656629026
0x01a06b9f79a9bef61ec3c4f82c76b00acaa4d5f6,2874,656631900
0x825dd50d85d514b7dee2a434ee8902e401b7ad94,2873,656634773
0x3756ec6aa5cea4ab42cb749c77a7e0ee13d647b2,2873,656637646
0x49edf201c1e139282643d5e7c6fb0c7219ad1db7,2873,656640519
0x0e788b687018585f1fcda8e04857445e2682b172,2873,656643392
0x05d379b48a8622ae4018309e116420db4a38a225,2873,656646265
0x9c2dc0c3cc2badde84b0025cf4df1c5af288d835,2872,656649137
0x0d993eb65d9d88cfb1ec894a08c7f446f180d5c8,2871,656652008
0xdf801468a808a32656d2ed2d2d80b72a129739f4,2871,656654879
0xce5559f046d8c01192e15f55063906f8d1c14790,2869,656657748
0x84cffa78b2fbbeec8c37391d2b12a04d2030845e,2869,656660617
0x87e8d8b9cf1a6c6d3c1d3f3a263fecb47f3a6422,2869,656663486
0xd7116b3dc08e09b8eb7ea1acd8ff5463335304d0,2869,656666355
0xc785dec89611eb2f7171f1a44470d18237b30209,2869,656669224
0xd3f85d18206829f917929bbbf738c1e0ce9af7fc,2869,656672093
0xa9bdae83fe8d99ed15804f363fd5b7b8d266eadb,2868,656674961
0x5d5cf00dc7e650d9a4abd286ba33046e37406c68,2868,656677829
0x4fc2a761099dbfbd53187942f7fe5c94f532cee7,2867,656680696
0x738e0c78e759611956894edca8a41955f2701ac5,2865,656683561
0xba051891b752ece3670671812486fe8dd34cc1c8,2865,656686426
0x8fc8551dd5e2dc5d2b04f2957e543d7d53a79f1e,2864,656689290
0x0fb10bacfcb59fe1c1a725be0e64c1bcf95e5db4,2863,656692153
0x5d790fdf8ea550a5329de415d831c300f5fa4b7e,2863,656695016
0x739763a258640919981f9ba610ae65492455be53,2862,656697878
0x201c8f13f6020919069845c8fa889c40746253b9,2862,656700740
0x6e6a543d755448fc256cfc54eccead4e589477b7,2862,656703602
0x7566126f2fd0f2dddae01bb8a6ea49b760383d5a,2861,656706463
0x14a4123da9ad21b2215dc0ab6984ec1e89842c6d,2861,656709324
0x7aa6b33fb7f395ddbca7b7a33264a3c799fa626f,2861,656712185
0x6236634c1e5267a7567b14f4aade9fb1026daacc,2861,656715046
0x3b3ce26239ddc65dc3fd2124d242ad056338eaf1,2861,656717907
0x2484000059004afb720000dc738434fa6200f49d,2860,656720767
0x8b86e0598616a8d4f1fdae8b59e55fb5bc33d0d6,2860,656723627
0x4375e7ad8a01b8ec3ed041399f62d9cd120e0063,2860,656726487
0x9921b4986d91f150f1536253ac5f661fee1b923e,2859,656729346
0x7582efc679ff2d9e44a46ca4322529ad91611457,2859,656732205
0x152bd363648b7a3b8927fa5647287b58537f1100,2859,656735064
0x798fa7cf084129616b0108452af3e1d5d1b32179,2859,656737923
0x9e7ce36dbd1a9a6c6e80d08e38077745855edd3a,2858,656740781
0x462004b75eb3b6e20fbadeb41a79c20a83cb1789,2858,656743639
0xdefbf33f9a2f6d046a8fe2b2c9fa1fcdbca9b67e,2858,656746497
0xa32ff8ca08036337fabf50fa029812361cd176c8,2857,656749354
0x467d53612634ea5308de5025c6d774191e3f7626,2857,656752211
0x3da9d911301f8144bdf5c3c67886e5373dcdff8e,2855,656755066
0xeccab39acb2caf9adba72c1cb92fdc106b993e0b,2855,656757921
0xd9c0a2166a3fd49227fd1d7ecd4ac25ac77187c4,2853,656760774
0x3bf5416fed0b1d5b884b857e62a7681c0a04802a,2853,656763627
0x0e3c949f9db5a200ab7b877d3fbc10daecf18ef4,2853,656766480
0x3f8a2f7bcd70e7f7bdd3fbb079c11d073588dea2,2853,656769333
0x89a8d44fc7c10f3e65ffffa35d05cb486e79fcb0,2851,656772184
0xac298353ab790e668986ac9e2d3a9ddfc600ff78,2851,656775035
0x78997e9e939daffe7eb9ed114fbf7128d0cfcd39,2851,656777886
0x8f4a17b2fc0075e40648e7205beb911338c5ffa5,2851,656780737
0x331fa6c97c64e47475164b9fc8143b533c5ef529,2851,656783588
0xb80ed488e69a7eda4e3d0f6432e36849f2da98af,2850,656786438
0x57a204aa1042f6e66dd7730813f4024114d74f37,2850,656789288
0x81b0ec062a5db57bbc9b3a070cca071832819ab2,2850,656792138
0xe53c846e8f9829d88b3aca9eb0ff6a353f5eeffd,2849,656794987
0x903bef1736cddf2a537176cf3c64579c3867a881,2848,656797835
0xfa70468700520a88ffe0ffa494091ce60708b91b,2848,656800683
0x071e311e6518818f5f23d7bead7bc86026ccfe78,2847,656803530
0x6e3fec7cafe50fa6d25c29807377df1cd63a19a3,2846,656806376
0x5e154e249c40267b98acd735c186c9e37d84fb03,2846,656809222
0xfd27b9eeefe2d27e41e29cd85f51517b41040971,2846,656812068
0xc7596f3fc97ae603e1d7ffa61e6efb7b6a59bed2,2846,656814914
0xf6e57a6791ab0e6fa547086805e90ba2464031f7,2846,656817760
0xa4e66083d996dd339be441151d851ee24f648efb,2845,656820605
0x81246a3f5fab7aa9f4f625866105f3caffc67686,2845,656823450
0xff4c43812c9794b2ea3eab2e67af64f434824923,2845,656826295
0x30fd809ea7a57fe102a23385a6a97b80c58d59bb,2845,656829140
0x79182bf192912d83f895a3d04997c27ef7fed4fd,2844,656831984
0xf4b5470523ccd314c6b9da041076e7d79e0df267,2843,656834827
0x2769eb86e3acdda921c4f36cfe6cad035d95d31b,2843,656837670
0x292499bbec93aa92e0556e5dd89b5e7e172228a6,2842,656840512
0x72844ab8b5f59c0251bcce6ef5f2be92d7528c1a,2841,656843353
0xf152fca41bd23ff250292af391236db35e0e99c3,2841,656846194
0xc52c326331e9ce41f04484d3b5e5648158028804,2841,656849035
0x19c54e9d635e24704449860761489fadd90704e1,2840,656851875
0x1c7abf4fe3891f01048dc3a6cce2fa272aafb8c0,2840,656854715
0x99474b0a565dd095555636d85803cdca7276b931,2839,656857554
0xbed340a301b4f07fa7b61ab9e0767faa172f530d,2839,656860393
0x33d1a1a2d781d395eace70e69423c594e52f1a8b,2839,656863232
0x84332b82575cd4a7bac7a5df08a9712e78ff7d1f,2839,656866071
0xf30c1c115fa170cdaeae2a68dbc51048e4969791,2838,656868909
0x0eb814ef5e010ece061addeea6ca346458a45165,2838,656871747
0x013067becfd38a777bcf0c55b350e763e7aea947,2838,656874585
0x9ad2018bdbc21db14457542ee26cbbf0565f8687,2838,656877423
0xe963989c81ef92cbcaf401c192fd99839af13b6d,2837,656880260
0x8fdb832946846a78e4fd64924fd299b5cc3af82f,2837,656883097
0x7dfe5aa8fc36c0ae788a3a71062728bfc3036216,2836,656885933
0x71de455acc770788a6aca8dba9e6e343823b9f63,2836,656888769
0xd31695a1d35e489252ce57b129fd4b1b05e6acac,2835,656891604
0x7f67720cc10326adea31947b59df20590a4ff5d6,2835,656894439
0xc2eafb9df3a063a3a610f66b30ad0185a6c34f9d,2835,656897274
0x6f945c83f9ddc4ebd9cad21e7c08cc3c82a21c90,2835,656900109
0x55574942e7dc1ccde619fa63d4e69c70f0301b76,2835,656902944
0xa5713ea0c7f9d45e42227d24e88cb47db5f0c8d0,2835,656905779
0x80e485fc993ffb0e72f00484f8a404a06b50c895,2834,656908613
0xd58211d19f1a91a9a379d7be4e20b4e4c3d42c17,2834,656911447
0x8658863984d116d4b3a0a5af45979eceac8a62f1,2834,656914281
0x842f53e0bb0c567ebbb82ed5f59bdfcee54364ce,2834,656917115
0x7a0bc4f78b15cf053641103c130df0b511c292c0,2834,656919949
0x544fc21e3bfb051cce9e6401f6f552e8a1e3d93c,2834,656922783
0xd8c71b2811c89391837d34f27b86fece7bbb7438,2833,656925616
0x650a6331a64c35f39615575650db7c03b142ca01,2833,656928449
0xbf198a82f39ec0e989f33d16aa86a6a9660e9776,2832,656931281
0xfc064d2f178f95c86f0901b1700cd99d01968b44,2832,656934113
0x2cf618c19041d9db330d8222b860a624021f30fb,2832,656936945
0xd667cca58cde1c2f9a44f153f4872dea3325d369,2831,656939776
0x2eac1e1aa9521df69ac8caff9eda979464a23209,2831,656942607
0x8b12b81f7acd205efb32e581075b97fd1c5af476,2831,656945438
0xde90cbbb9d0d41024119f8ac7430a74604f9a7c2,2830,656948268
0x99043bb680ab9262c7b2ac524e00b215efb7db9b,2829,656951097
0xff552be5bab904b3fa608af443ad72f66377878e,2829,656953926
0xa96f31f1c187c28980176c3a27ba7069f48abde4,2828,656956754
0xf031878f6cf9873e296feb81dcfb47a6057bc6bf,2828,656959582
0x0109c97e1f6916d596a973a2701e27406a7b8bc4,2828,656962410
0x0724ee5d148584c39425af7777a12bab54fa880a,2827,656965237
0x410e731c2970dce3add351064acf5ce9e33fdbf0,2826,656968063
0x6d4bbdea1568c56960ef0963e87630588ad159f0,2826,656970889
0x159595b583c2866586481382eba92e555b7d5b57,2825,656973714
0x9405e02996aa6f2176e2748eefbcedd405870cee,2824,656976538
0x2688213fedd489762a281a67ae4f2295d8e17ecc,2823,656979361
0xabe19b043591425922834bb54fa6d68b6430619e,2823,656982184
0x20586f3b531b7aadea8435a599b96e64d8c15520,2823,656985007
0x70aa2ba250e71850b457e5dae83fe0e883a4c3a5,2822,656987829
0x61122d8e2d464bad53e054c965110de321233bc6,2822,656990651
0xa08af67a90ebf97dd089a6114be1e9aa90038604,2822,656993473
0x194ebd173f6cdace046c53eacce9b953f28411d1,2822,656996295
0x26cc0eab6cb650b0db4d0d0da8cb5bf69f4ad692,2822,656999117
0x9e176ad338d72dda4b3434a2a9daa598b08fa5c5,2821,657001938
0x4324584672dc0f601e027fbf6a7eab6ada394bca,2821,657004759
0x23f7d99c169dee26b215edf806da8fa0706c4ecc,2820,657007579
0x625ae63000f46200499120b906716420bd059240,2820,657010399
0xa940b51e81bb9bacb04a5093a61388136bc78f0a,2820,657013219
0x7d611e4cf1c7b94561c4caa5602f329d108336e3,2819,657016038
0x97ff946059f08a16f665ee2a0c673277fcd304b3,2819,657018857
0x3d46454212c61ecb7b31248047fa033120b88668,2818,657021675
0xfed8dfb896ff7081851c56a2652240568d2c513f,2818,657024493
0x7a93f0d9f302c0818022f8dca6ee1eb0f1b50308,2818,657027311
0xaa6b9334b953bc03394a6f523af296a4aad4474d,2818,657030129
0xf51ed0bcb75468f1f133481eeb299a91b3b04d60,2818,657032947
0x100ac95341960b1d57d41ae63238c02e146713aa,2817,657035764
0xb3bcb06bbf2413d88c46cabf40e4ba54e1189c86,2816,657038580
0x4d6b9f281af31916a0f16d1cea2ec7384851eaab,2816,657041396
0xdd75fd12366264dc31f2c8ccdc388117d64aaf79,2816,657044212
0x6bfe93d41c21dc9b72ac5785c12aa400bf205b31,2815,657047027
0xfab5a05c933f1a2463e334e011992e897d56ef0a,2815,657049842
0x491fc4b7ec953a70c34a4abefa1173302189a546,2815,657052657
0x97ee19d8c8b2d607af236d8beddf9f45aca99585,2815,657055472
0xacdf47c844eff0ecb218d8945e28a9a484af8d07,2814,657058286
0x0c30f44f2b3261d68ebf2a6f7527bf662ba2a1fb,2813,657061099
0x183194a58da7d538f3730d291a9bbb17bbdd1264,2812,657063911
0xf06059f01f6f08a603c939359a0a1186f7687685,2812,657066723
0x06bd357256ff0d4a583d80b74829d59af0a9fb4b,2811,657069534
0xde2f28a62ffd5d4dfda6be5855e8aa92ec370764,2811,657072345
0x4efcbf4c53158808fd067f58e1c67d496ef6c9ff,2811,657075156
0x5738e985f8e0541db1c2782c19f787ef62ffe3d2,2811,657077967
0x1fa28aee7f11dc6f717b59bb2791d12934cf4c18,2810,657080777
0xd67eb02c62f7d6a90405e6ed21796e6805111636,2810,657083587
0x308a61e8b52430342295583ea3641b49ad832e22,2810,657086397
0xdd94842c15abfe4c9bafe4222ade02896beb064c,2809,657089206
0x367893d2353b15b8e26bef0b2208072ee0517988,2809,657092015
0x9f9a0e0747a18426fd29f4a76820c808da3b140b,2809,657094824
0x95284d906ab7f1bd86f522078973771ecbb20662,2808,657097632
0x37256d58e298cacaa82aa0527d56521f1b19e1f5,2808,657100440
0x7be00ed6796b21656732e8f739fc1b8f1c53da0d,2808,657103248
0xfef1bcc7097dd184b2cdb574068cf01b7b437694,2807,657106055
0x8b73f7ac6b831dbc7ded283554d1d39ebbaad28c,2807,657108862
0xecfe2c3c1ac0a5a59227a01f3dd7044159b11a57,2807,657111669
0x748044889b60230f7b27039893b6805a8686b286,2806,657114475
0x7d73e5441ea998a83d2f09aeebd6ab11f7ca66bb,2805,657117280
0x32512f9edf7774e973d2163f91092d128edcdd61,2805,657120085
0x550b3b7572e466a3f46a7dbaa8395470cf336466,2804,657122889
0xd3c9836230d43e85c643607cec509138f2955da8,2804,657125693
0xf3505228531cd1fc87587fe1883d55fc3be16c0d,2804,657128497
0xa8eef1b4ccf4b270bd44cf1b795ad85b6a7b0dc8,2804,657131301
0x1bd0826e9ab9023399abf6844e690024eae49d13,2803,657134104
0x63aa30f52a23ce659cadde85b6da9d16e86b2bba,2803,657136907
0xd06fdd65ac0e43bdc28ac88e36dce77f095be17b,2803,657139710
0x337a07402e76907697e1b0d745faea2c8c8975f3,2803,657142513
0x95e2b4d841e91b29f9d1a4e2d56b2c8485f4c9fe,2802,657145315
0xc96d0b8bc3813a43c77d37fe761911130da439b8,2802,657148117
0x13ce2abb82d2484f7ac55a02dd0f5c5e4dd6b5fa,2802,657150919
0x3edf71a31b80ff6a45fdb0858ec54de98df047aa,2801,657153720
0xc63e7b1dece63a77ed7e4aeef5efb3b05c81438d,2801,657156521
0x749dab228c71e650addba8c9875b842ad460a3c2,2801,657159322
0x9d1f1847582261be41f5a54e8b60cad21400c74f,2800,657162122
0x888e662838f698eaad3a07aeaf189359349e6614,2800,657164922
0x181aea6936b407514ebfc0754a37704eb8d98f91,2799,657167721
0x6e527444861d8e3579d7f9eddd7c289b1650154c,2799,657170520
0x758a43ee2bff8230eeb784879cdcff4828f2544d,2799,657173319
0x81dfa0b3cf2601012075ef2619afb9d4ed4da762,2798,657176117
0x0886949c1b8c412860c4264ceb8083d1365e86cf,2798,657178915
0x3bc3fac3739c4ea1dd1d748eb2d334f7632168db,2798,657181713
0xec53ddc548ad54e53156a6ca3105209f57f3c667,2798,657184511
0x8515cd0f00ad81996d24b9a9c35121a3b759d6cd,2797,657187308
0x8940442e7f54e875c8c1c80213a4aee7eee4781c,2797,657190105
0x001b6450083e531a5a7bf310bd2c1af4247e23d4,2797,657192902
0x95d0e171855ee92003076a1876a413dddf7cba4c,2797,657195699
0x1ee002b8e8bee60fad789dda0532ead145ee740f,2796,657198495
0xcb529ae44941500ded968baf9617ddecacc6fb87,2796,657201291
0x2a941559be456cf42a95c459a31765a2bfadc16d,2795,657204086
0xf9d31719d892680a886bbc6bf413e9a6a700c03f,2795,657206881
0x9a0372e4cfcc787e0b6010ab265e14f6ca70b7c0,2795,657209676
0x3f4cd830543db25254ec0f05eac058d4d6e86166,2795,657212471
0x60c87297a1feadc3c25993ffcadc54e99971e307,2795,657215266
0x578f3c8454f316293dbd31d8c7806050f3b3e2d8,2793,657218059
0x33ab4d5ce6bddc4c8bef92978d815dacb724e690,2793,657220852
0x8c83499bf5699a0e9ff082035da6226985728b20,2793,657223645
0x990e081a7b7d3ccba26a2f49746a68cc4ff73280,2793,657226438
0x1a56cdfd42609cf258105de7cbf514aa34967a37,2793,657229231
0x83e9d68d41e05ce2653725c3eadefa1db6830cfc,2792,657232023
0x947f2e03d2d627bc50c1f898e71d5f5211edf225,2792,657234815
0x518fd25aa98100831e0e0170340622dcb9613b7a,2792,657237607
0xce8d17cd4d246905a2f7826f6ddb7effcaf7d16f,2791,657240398
0xe920b3f96cb2bf1ee9ee8921837de08273724242,2791,657243189
0x4f5dfb0125186f4abea9ceea9c00a4ef348d87d2,2791,657245980
0xe4bedef7593df5ac7e5427133d550cf505524864,2791,657248771
0x8aed3f09ffaa1e6246e3b4b5790f13e1976f6055,2790,657251561
0x822adb9f6ffec5c23fb806c953c73748ba6d2c75,2790,657254351
0xa3db01d242221ec0356d91f756f6690239cfeded,2789,657257140
0x0c658fa2eaa292e8dca085dab0e5cbd2da21c494,2789,657259929
0x9ab11bc94c8981608d7fa9edb2034ba69dd9094e,2789,657262718
0x27ed5c5cb9ec35cbccc4a249d4ab14526dd4b6fd,2789,657265507
0x39c57da6966935382e5f8ac4d19d17964c6f3eae,2788,657268295
0x722aba65b07184e2cd3a6cd32d00a2163a0ba263,2788,657271083
0xe47790d21732cf7b8634b71109674de4ddfdd026,2788,657273871
0x5c4ac68aac56ebe098d621cd8ce9f43270aaa355,2787,657276658
0xcaa6361e4ad457b8f2e78a44662b0de3df646fd3,2787,657279445
0x6d061ebfd8bdf5d574a7029e918341b1736d6f6c,2787,657282232
0xb8e2adaa6857e74baa3efd84320614c832588aa3,2786,657285018
0x1e335de1598b274adb539118379a0ed7adea5495,2785,657287803
0x82a77710495a35549d2add797412b4a4497d33ef,2784,657290587
0x27403b58ac43be5a9f422962b4cdd5ffbdb60639,2783,657293370
0x16f9d564df80376c61ac914205d3fdff7057d610,2782,657296152
0x04e38088e021514a2aa0b1e8a1810d936a149bfd,2782,657298934
0x52d904eff2605463c2f0b338d34abc9b7c3e3b08,2781,657301715
0xd56dac73a4d6766464b38ec6d91eb45ce7457c44,2781,657304496
0x5ba49fcf7c9dce67d6a9fc92cc51c8e77cba5b7a,2780,657307276
0x5b2073762788bee3434a804ebbbf3a801c3df82c,2778,657310054
0xf45f0e16b5e096286e1fb463d34be9f3df5e3602,2778,657312832
0xf8ed6c51762208ff26f8f3e4efd4e06af2da649c,2778,657315610
0xc5ce28de7675a3a4518f2f697249f1c90856d0f5,2777,657318387
0xfe62e9d7c7781936499eaae20fbf3671b641516d,2777,657321164
0x07917bd1fcaf709c8ef4f14dcd936e8bad791121,2776,657323940
0x673f0dec1416803a39d50760c697fb26f4c539b0,2776,657326716
0x717170b66654292dfbd89c39f5ae6753d2ac1381,2775,657329491
0x87dcb57dfdee3fdd2b967c2a5faa7bcd44be4a0d,2775,657332266
0x73187be2c94f645175da8b60b43813d7a25f353b,2775,657335041
0xa6281838f4a9c5736b2aa1cba9260d3f879623ca,2774,657337815
0x786f037619b5f7f8c32310e4686fa7fb117298b2,2774,657340589
0x236614126bcae65e9c0e0d840acc2fb381301ae5,2774,657343363
0x537d9e0e5d3035ea4bdd7c2ae2339d508f9aa6d8,2773,657346136
0x91432f5e45a5e30f5e29fea0fd5ef5cb6b303440,2773,657348909
0xa2acfaaaa01c4999385104787c1f24a9cf95b725,2772,657351681
0x25be894d8b04ea2a3d916fec9b32ec0f38d08aa9,2772,657354453
0x5376f62ce65fe18eede4d47acef2ba27e621bf36,2772,657357225
0xf32d328af90d5ac22b1bbeda4114fd15b2fa09ee,2771,657359996
0x75c778af0e082689b44a3e52c2090c257e000365,2770,657362766
0x8f378f7e61d51f986c2426734033f712223b6b2a,2770,657365536
0xd829664cdbf3195b2ce76047a65de29e7ed0a9a8,2770,657368306
0x497ec0c05ccc6e3aa6c830dad55dfe486a822fa7,2769,657371075
0x72413edbf399e0f4b981e799f37a1712b73dd790,2769,657373844
0x6f72b14383f5ecdacdd2f761a5c4b070f91c2806,2768,657376612
0xe367fe584adad878b9174ea4ddd8571878016811,2768,657379380
0xbb8a1873c709f3acea0200e98cf7b5536a65002e,2768,657382148
0xb6b37dfb26e849ec99458897a18edb96e6fdc80d,2767,657384915
0x9e984f28257ae9c57918515627b078deab4e11fe,2767,657387682
0xc89b4a8a121dd3e726fe7515e703936cf83e3350,2766,657390448
0x7ce6e0a649b3c25691e41ee39cded68d916a5d41,2766,657393214
0x744612bd6c29301a99ef2b19393eb95080926003,2766,657395980
0x8d470aa78a53ddad615b0396cc8e4d09d4ce54e4,2765,657398745
0xf906997808f73b09c1007b98ab539b189282b192,2764,657401509
0xeb93e12e23acd78f622fcdb6b51906b7ba0aed2b,2764,657404273
0xe616235d9f1b15f3b5380e19480fe1c3f76563c8,2764,657407037
0xaad5cf068de0acef6d60e5b6f9fe45d61facbbf3,2764,657409801
0xbea72b7da261bb0a488a5d07f01b16516ba2edef,2763,657412564
0xe7e4279b80d319ede2889855135a22021baf0907,2762,657415326
0x9b4ea303ca6302dfa46b73bc660598c65de96b3d,2762,657418088
0x01a9a2b8638451d447f0027179b19e8843963a88,2762,657420850
0xa200a345f987e909a5ab757f1f27a4cf07f38810,2762,657423612
0x54bfd2c33b252f6c959688bb1ef2169a96dcee8f,2761,657426373
0x875cfea793ad6c27fd56fdb9033495e1042c72eb,2761,657429134
0x2408935efe60f092b442a8755f7572edb9cf971e,2761,657431895
0x9e4799ff2023819b1272eee430eadf510edf85f0,2760,657434655
0x029d0650c81817afb1810ae10270823318321878,2760,657437415
0xce7467531f0fa949e6cd09a3b8f39e287eec33b8,2759,657440174
0x7e8bd3fba239748c76673cd69332bfa4d06fc904,2759,657442933
0x584920cad9f10a0fd94c1857ce1b2a7d0d9b50a4,2759,657445692
0xcbf54b86fbbc31dbf37a30182fca503e3ead4b5d,2759,657448451
0xec33fb8d7c781f6feaf2dd46d521d4f292320200,2758,657451209
0x05d48ee3e815bf376fc79d283301cfdef872e280,2758,657453967
0x2e7570255ac8c449217fb15405fac01f5408d114,2758,657456725
0x76c5449f4950f6338a393f53cda8b53b0cd3ca3a,2757,657459482
0x47df2f172d2f387a602a85adff876a8ef535cf62,2757,657462239
0x1568b0a870e4bc6200e60184e52649e8c805a5f5,2756,657464995
0x1776281d0d40108941cb41e604dcafbdc3cd61a1,2755,657467750
0xb66041c5accc99fccce8e4f06074ac52c9c556dd,2755,657470505
0x8e861153324024a2f3b26912b498f0c531830198,2755,657473260
0x554413c04c572e7fe09c1ca5065075b96661247e,2754,657476014
0x9af5a20aac8d83230ba68542ba29d132d50cbe08,2754,657478768
0xc67b12049c2d0cf6e476bc64c7f82fc6c63cffc5,2754,657481522
0x74cd7f58963de49a94ee5e293f00bee5b8dba563,2754,657484276
0x9896f9e70c03cc2a33fdb49ef2fed75a927b6f9a,2754,657487030
0x093ddf41c5f758262750cea7f4ff58877ea904fa,2753,657489783
0x10b66bd1e3b5a936b7f8dbc5976004311037cdf0,2753,657492536
0x903d78ca7d892e4518586d0b64f418bd4ca9a82d,2752,657495288
0xf5fe6b716c0cd0e88059d8b3d8385c086012eb0e,2752,657498040
0xb443dea978b39178cb05ae005074227a4390dfce,2752,657500792
0x601938988f0fdd937373ea185c33751462b1d194,2752,657503544
0x3910d4afdf276a0dc8af632ccfceccf5ba04a3b7,2752,657506296
0x034b0dd380b5f6f8123b8d0d0e42329b67772792,2752,657509048
0x1a389c381a8242b7acff0eb989173cd5d0efc3e3,2751,657511799
0x33c2da7fd5b125e629b3950f3c38d7f721d7b30d,2751,657514550
0x79ba92dda26fce15e1e9af47d5cfdfd2a093e000,2750,657517300
0x34bdf48a8f753de4822a6cfb1fee275f9b4d662e,2750,657520050
0x892f5a0b08bb7b1eecccc63ef3916ff201c93664,2750,657522800
0x79917759e82fe6b5ebe1ad87d7291860d20e59e4,2750,657525550
0xe02506134dde171d9fc5d1fbc408da9b2c0633f7,2750,657528300
0xfdd26ef6f077aefb3d48db769c7824fcb93fdad9,2749,657531049
0x6274448e3e572175bcb344b93587b63fbc6bd573,2749,657533798
0xd0f12a5d6d74c92e0600ce4274ac19ec6e7fe6ae,2749,657536547
0x74159651a992952e2bf340d7628459aa4593fc05,2749,657539296
0x4e0900f2a177e55a79411356463f20a52b5cce4d,2749,657542045
0xda11e959bcaaba5f88dbf4d866e270c78bc84b76,2748,657544793
0x1d75c2081b6de4f2d5178461266f7ba0cad00992,2747,657547540
0xda0e14b7bb4ce6b05e34b15c836642c1e0e78155,2747,657550287
0xc9276898ac1c1d988b35dfd980b5e68645b3be2c,2747,657553034
0x8d959ff07a8ea75a51a1cd3d777775bd76a1de84,2746,657555780
0xfae2b2f57ce6dce9a089b746e32ede3941b2208b,2745,657558525
0xc38b80926a88b850b966ac82eb5fce524800bd5e,2745,657561270
0x16928e240ca91dc09053b20d2b909cc29f31bf54,2745,657564015
0x2aa297c3208bd98a9a477514d3c80ace570a6dee,2745,657566760
0xb4b1d2c217ec0776584ce08d3dd98f90ededa44b,2745,657569505
0x94c435a6c8195c021241355574ba225e4c8de8eb,2744,657572249
0x68ce1d3d1fa590214a719143ce9b4b09ef767018,2744,657574993
0x9b475520059fc8d00d11375e4af2fec48980e513,2743,657577736
0x07887300941f8a9fd472832ecf936365aade242d,2741,657580477
0x766e38d64eddc4fd2369326e5ea4bf0b010c6a93,2741,657583218
0xab7aaf9e485a3bc885985184abe9fc6aba727bd6,2741,657585959
0x202ec7190f75046348de5ab3a97cc45d7b440680,2741,657588700
0xfd3f420e8224f1383d280dd44416aee778715a74,2741,657591441
0xdc0ca4bcf47e8ed5943b6c54d48a558f8640e2b2,2741,657594182
0x17b26400621695c2d8c2d8869f6259e82d7544c4,2741,657596923
0x2140b6904e13bf97ddbbe690539f5e2255b79b6e,2739,657599662
0xccac36423def6c19ee6b5679144e2976e309ca45,2739,657602401
0xe11c81b924bb91b44bae19793539054b48158a9d,2739,657605140
0x39723baa86b56e2bc1f308c6580923a1bf070b54,2738,657607878
0x876617584678d5b9a6ef93eba92b408367d9457c,2738,657610616
0xb63d7e327bd9c298601514d890090fe8f438342c,2738,657613354
0x0cb8d0b37c7487b11d57f1f33defa2b1d3cfccfe,2738,657616092
0xf317f4acfc0d70ccc79a2f24cfbbd7ebc02cfa2e,2738,657618830
0x584bf48227509f93ae7c7f2ac2e3e4364d58050b,2738,657621568
0x2b80455f56ca8b84e73460ac9b4db2a5e7c6030c,2738,657624306
0x5aaa2182459377b6ca18b10712f9f602140764af,2738,657627044
0x323e054a6dd8762011d60993f51e23e2096b221f,2737,657629781
0x6546bfc05fbb34fe0a68cdc9e5f988d7ca69665d,2737,657632518
0x920c71e8a24dae72a5b30620a348d69f4a1db5bd,2737,657635255
0xc0c05862cca68b0b4c806796a6e7d965a6f18095,2736,657637991
0x4a6e601198f37d72f6e33e88de1c692ffb1efa57,2736,657640727
0x26cbc7008cd879f4b63b69a915378f2d9b17bbf0,2736,657643463
0xa79841166abb8f42d47a326831ec2b845ed9f736,2735,657646198
0x481de76d5ab31e28a33b0ea1c1063adcb5b1769a,2734,657648932
0x00d46727c2e4a6e358a8c0d638137a3d91b19be6,2734,657651666
0x0fe156436f203b114c6c562cb1a2a81aa2801090,2734,657654400
0x2211bfd97b1c02ae8ac305d206e9780ba7d8bff4,2734,657657134
0x6e765d26388a17a6e86c49a8e41df3f58abcd337,2733,657659867
0xed314bf44013612e8c00abd3cb6eade61cc8c72e,2732,657662599
0x86a80daf8d1a85c09f02c80c0f3e85ee41bbca0c,2732,657665331
0x331a244a58cfc1356d94c5fdf09f349cc87de195,2732,657668063
0xdc153c14199ee94a3b0537f4ed2affe50a6c811b,2731,657670794
0xcca90d3731165f43811fedd6f13e5cfbac2ee977,2731,657673525
0xcd1cb16a67937ff8af5d726e2681010ce1e9891a,2730,657676255
0x9ea3b5b4ec044b70375236a281986106457b20ef,2730,657678985
0xb0880df8420974ef1b040111e5e0e95f05f8fee1,2730,657681715
0x505bf57a92136276678d0e0f6102b64b947fb15c,2730,657684445
0xc70358c911b4c193027b476931422891f48e509c,2729,657687174
0x4a5c681ddc32acc6cca51ac17e9d461e6be87900,2728,657689902
0x433d0c33288b985cf232a7e312bcfafd372460a8,2727,657692629
0x633a8f8e557702039463f9f2eb20b7936fff8c05,2727,657695356
0x7ce53d005d0477d165856ee1d22d2a7eca4a386c,2727,657698083
0x813fb09e6725f5eae9b30a7e84c237c77bedc1a4,2725,657700808
0x56795b863fe2a3e249efae0f5b2828e960c43ca7,2725,657703533
0x3fb16f41c2f692794d435aab0a13aa49febb5fd8,2725,657706258
0xb8e2e9dddc504688cfe925b9ace8017d48d3e095,2725,657708983
0x3a358e34c7774a8cd7c916a594454701f27f380e,2725,657711708
0x37ede7ff0fb42905915e497a092463045aec215b,2725,657714433
0x0418652f20572c5d7c8e60e02a8afdcc25c5fd38,2725,657717158
0x539a67b6f9c3cad58f434cc12624b2d520bc03f8,2724,657719882
0x2ed9d5ee32aeb24cd13b1694d5d7d58f30e53fe0,2724,657722606
0x1977c795b5f52bf6f8150136b07822d1f00704f3,2724,657725330
0x6b6ba7a1bbcbb5d0af5ecaf0a77eabdec899bcd4,2723,657728053
0x7511d7981c20343f4bc3a1d039ddf8fafe5755c8,2723,657730776
0x9b883f7508c4007008af2798a7266a2cdaa8ad26,2722,657733498
0x3a42896b675ede364a9ae6b1c0b92b5415c36177,2722,657736220
0x2502bdc07f19406d23c1a19cbf2d3bf603872ff9,2720,657738940
0x4fab740779c73aa3945a5cf6025bf1b0e7f6349c,2720,657741660
0x0ebe7487f60d3a4eb084a23152890a1a65b2ad65,2720,657744380
0xdfe1ce9dfd6f8ededfd6212b7744a6f8ed82e843,2719,657747099
0x5880cea41d515385cc239f8106c0cf59b68b9034,2718,657749817
0x66c36272a1609c582b4211becadf9dba5b913893,2718,657752535
0x15d3a64b2d5ab9e152f16593cdebc4bb165b5b4a,2717,657755252
0x8f9bfe5b6a5c3fea8c64ad41a5cf6f60ec4aa47c,2717,657757969
0x6b193e107a773967bd821bcf8218f3548cfa2503,2717,657760686
0xf56842af3b56fd72d17cb103f92d027bba912e89,2717,657763403
0x1378ec93ab2b07ba5a0eaef19cf354a33f64b9fd,2716,657766119
0x47632da9227e322eda59f9e7691eacc6430ac87c,2716,657768835
0x32e85c00caf25f8217315d711e026f4dbaa45e31,2716,657771551
0xae82b62acbe5cfb4f108c7d12b8898e0f7e04de7,2715,657774266
0x3fccda25b92a75e2ad93ecdba46b44d5f33cab44,2715,657776981
0xa8f5e53cf3a6122b390712d5f72fe5b10e03aab2,2714,657779695
0x0062d0f91941a80b8836fd89dee7cf76ac577f21,2714,657782409
0xe6fb6a27db7e6c9f67810d7f759c031a713ce9b2,2714,657785123
0xeb580163b28ecd0d7574bf4f35576ff830cbfdeb,2714,657787837
0x5cb9e0050606e04146c8176ac99ec470101556bb,2714,657790551
0xea819d7df063323a83d0741fba5ec442998265d2,2714,657793265
0x4390a19282c661c9eb8ffb47faca7ad4b47d21fc,2713,657795978
0xcff6540c125f9dec2c5427b60e89816e840b25ec,2713,657798691
0x13599cf04afd22f2fe7d7cf77cc41410dfcf532a,2713,657801404
0xec18d658debc88387cd93802ce2151cff9ed397b,2713,657804117
0x7ec1a31b22674afcb6a58d703ca9d54fc6606010,2713,657806830
0xe6de34044c854e23a20fe330123ef8a69975b7e1,2713,657809543
0x7a0704187364251a7768810b3e24945e021a8131,2713,657812256
0x6152bef1c35d2afcb18e8f4e2552b0c40ca512df,2712,657814968
0xd0e785973390ff8e77a83961efdb4f271e6b8152,2712,657817680
0x41e8dd9f23bb733f3674ba82bb03ff08ed48d5fb,2712,657820392
0x606246e9ef6c70dcb6cee42136cd06d127e2b7c7,2712,657823104
0x9ae98746eb8a0aeee5ff2b6b15875313a986f103,2711,657825815
0x89332542b57621dbee1e305b30b0e02f86283100,2711,657828526
0x5274891bec421b39d23760c04a6755ecb444797c,2711,657831237
0x491e136ff7ff03e6ab097e54734697bb5802fc1c,2710,657833947
0x923be051f75b4f5494d45e2ce2dda6abb6c1713b,2709,657836656
0xb53a96bcbdd9cf78dff20bab6c2be7baec8f00f8,2709,657839365
0x01e45b8d0c51f05f17385dd3416fe3aa5bfd89ac,2708,657842073
0xe35f19e4457a114a951781aaf421ec5266ef25fe,2708,657844781
0x190c9e680623701edfc85c4cd59cc2ab2213e4b0,2707,657847488
0xfdb313aaf5ee0eac9b85d27d3b9bdc22ae3b3cfe,2707,657850195
0xca00bc15f67ebea4b20dfaaa847cace113cc5501,2707,657852902
0xb5b50277f772feca093d5e389e7dfaa94cb9cfd6,2707,657855609
0x112bb5963751509e2e0d219ddcc5ca365277f5eb,2707,657858316
0xbae94d28610c8cfd2168f7b97bc7cb0589803c6b,2706,657861022
0x8314337d2b13e1a61eadf0fd1686b2134d43762f,2706,657863728
0xa88b6e78787e102e2fe1fce945211692fa4ef908,2705,657866433
0xe39adcd1ce4c4370e65f8e82fe651d4091259620,2705,657869138
0x053c80ea73dc6941f518a68e2fc52ac45bde7c9c,2704,657871842
0x49e90537d5ef6778fd000d1f05be20134f9f6dc6,2704,657874546
0xb8cb3a53dbe2147f8d2be89af6932757163d0726,2704,657877250
0xdaa42065346b0b88327c2d2074bb80d8c2ad9c6f,2702,657879952
0xde08bee9240f2a57eab416302e3a6271fbd3f9de,2701,657882653
0x1eff8af5d577060ba4ac8a29a13525bb0ee2a3d5,2701,657885354
0x3eb38dae5fdb74d06fa186e2d52fa5055cc3883f,2701,657888055
0xeea988387700db4e163cd72d8d4a6994af31eeb1,2701,657890756
0x5ec243f1f7ecfc137e98365c30c9a28691d86132,2700,657893456
0x881c72d1e6317f10a1cdcbe05040e7564e790c80,2700,657896156
0xb9a4bca06f14a982fcd14907d31dfacadc8ff88e,2700,657898856
0xff51cbb2ee51ff8165c56697517a4621be0a11b2,2699,657901555
0x014f91607f13eaf98dd2845bd42141a459aab812,2699,657904254
0x521a2ac7b33b09fa21a1ad7c040f4e1b5912c1d0,2699,657906953
0xc322cdd03f34b6d25633c2abbc8716a058c7fe9e,2698,657909651
0xcd731822c4fab7de5ab5d1df3ba339acdf220965,2698,657912349
0x7953ef001fb7de16c75307561d734213eba14a87,2697,657915046
0xc045c0bd4a26160a85039dbaf9c1ab4cd93249d3,2697,657917743
0xcc3167d9eb2c195118422c60deeb57393e717fa3,2697,657920440
0x3a199dd0bbe35cb9eed96c276787827d3900fa8e,2696,657923136
0x5f3da226f266a9177b09b9f124ea7e0201fdbf8f,2695,657925831
0x4eb1938088828584a86f5a897a106ade7329fc40,2695,657928526
0x3309c3c1a468125639b2cb5bba264053309ad1d3,2694,657931220
0xe9fa3d69c35b907e57f6561c1daf9bf7fc5d3786,2694,657933914
0x04cde3a52a72c2d56923c94242bfc15a8d9d9e36,2694,657936608
0x90060e32e2156ec17f3131e9c0bad196d65fac95,2693,657939301
0xedafe410e2f07ab9d7f1b04316d29c2f49dcb104,2693,657941994
0x7b35ce522cb72e4077baeb96cb923a5529764a00,2692,657944686
0x19c0976f590d67707e62397c87829d896dc0f1f1,2692,657947378
0x4adce8f69218aadef13ea62516837c95bcfa8ab0,2692,657950070
0x7c84124f0f7ff8adfab6c4c51ebc09c439ca91c1,2692,657952762
0x15eabb7500e44b7fdb6e4051ca8deca430cf9fb8,2692,657955454
0x2ca8aa8c095fda6e470a57d191eba7bdf490aa05,2692,657958146
0x000000c52b33fa71614810224771dc8f3255b220,2691,657960837
0x5678bcea6d6f33f645dca8c8c9b7d8d5caf0a2b1,2691,657963528
0x5be10663de76c72aa40b80fce64acc8879316404,2691,657966219
0xf88a8c89a3ae936a36b426983abdda1f99a4bf18,2691,657968910
0x8e701371913dca43c0853a2eec997205ab466387,2691,657971601
0x9fb6e7e1c6f32316bceed56738ed2b9a2892ed90,2691,657974292
0x0d047b89655fc16985252e01ab8e13bb1fce19a3,2690,657976982
0x4f5e4a15294413e8658496462b7dbd5ab2f4f02d,2690,657979672
0xd550ac845ec4f6e6ad5edf15536d4cf1e5dda86c,2690,657982362
0xff02b17386f94da201cff84a6a7482ec2c452ef3,2690,657985052
0x246cc879fb67125fae87f645292122d933f54155,2690,657987742
0x98c5aa4319df4c6a88679a32420121f1b184a068,2690,657990432
0x993fae61f2072200cd377b5b376cba3ab137b361,2689,657993121
0xd284b7c80ed6cf8430536646066e032a558d48bd,2689,657995810
0x8144e51d81c5d5cf6ed8318942315659bc035c18,2689,657998499
0x6291ece696cb6682a9bb1d42fca4160771b1d7cc,2688,658001187
0x3ef2ad53bdfc10938bbd04e97a94ffe0f51ffb46,2688,658003875
0x04098daa3d64295d881b18406366a901fd063b2d,2688,658006563
0x15dd447b5ecf63432909a4655037b43898fabf19,2688,658009251
0xc24ee3a1b395c600eb74eb8293c203c123abf71f,2688,658011939
0xf612caa26098547e802a1cfff424bc6f03d79be3,2687,658014626
0x37d19d1c4e1fa9dc47bd1ea12f742a0887eda74a,2687,658017313
0x532975d56cf18f597480e2521246b273ad9ae348,2686,658019999
0x563346cabe49ae0c0a4d2b0964e7d35b5ae50b42,2686,658022685
0x36e26d22d2f843183cddc4e8886937ef7f8a2a9e,2686,658025371
0x83f873388cd14b83a9f47fabde3c9850b5c74548,2686,658028057
0x2dc5380ee6fca2e78195a7ecfee589ff62a600e9,2685,658030742
0x30c9be0141938774caf58aea9887142493960476,2685,658033427
0x4e83be30974a13140493d9d613d312f1af84b7f6,2684,658036111
0xa6fbd23b867c2ee9a0097f2dd8fbba0590fec95a,2684,658038795
0x48e7a56d9d9b8926c9550afb40e21e5e57e04b51,2683,658041478
0xa8005a8ca1a4e8ed2283386d812d38e038969a6c,2682,658044160
0x610740af3f25b72892ba21b98bfb8595f2cde386,2682,658046842
0x8bdfbbda11b13426b9581bc3898d2a5c0eb62c57,2682,658049524
0x0337f94034fb8801189fe0c6449cc6811d508357,2682,658052206
0x9a65d738a890628bdedbeba36d4c4df59fa20b33,2682,658054888
0x8814d34c233248c388a879939256ca5739380e25,2682,658057570
0x539f8a18ab4632d18edd62d9881dc06c107e4537,2682,658060252
0x1d70d391f3b0476c584085a218c20b324f341fd4,2681,658062933
0x4cf89ca06ad997bc732dc876ed2a7f26a9e7f361,2681,658065614
0x6b9f1f092e0b10015a4391a80cd3e6b6cefd1728,2680,658068294
0xaa4e3edb11afa93c41db59842b29de64b72e355b,2679,658070973
0xa487bf43cf3b10dffc97a9a744cbb7036965d3b9,2679,658073652
0xa8d9fa245b15bda174ad51e8d02f13539430cf31,2679,658076331
0xd91ff16ef92568fc27f466c3c5613e43313ab1dc,2678,658079009
0x642ae78fafbb8032da552d619ad43f1d81e4dd7c,2678,658081687
0xaeaa1aeab206ddbd2ef782d0c1cca2dded44414a,2678,658084365
0x6ff1bfa14a57594a5874b37ff6ac5efbd9f9599a,2677,658087042
0x0d9e614937a308438337a2999acf64fc86bf098a,2677,658089719
0xb5599f568d3f3e6113b286d010d2bca40a7745aa,2677,658092396
0x59e189da51fd10dcc20513fbab458a39cd9b52b0,2677,658095073
0x2249d407c205860f47f51657f010ce1858092a45,2677,658097750
0xe3daac32f78ea18ddcd0433bbd9a720b1f467db1,2676,658100426
0x057fb10e3fec001a40e6b75d3a30b99e23e54107,2676,658103102
0x610aebd620437b4b4e88801abd0c8ba0d009df5c,2676,658105778
0x8de55ff080990bc0afb8ff0b91b01701f0b79b0c,2676,658108454
0x023784e90caeaa3c12a86261c2286d4d317a3e38,2674,658111128
0xb95b9fb0539ec84ded2855ed1c9c686af9a4e8b3,2673,658113801
0x289452542a87ba2f95cb830eb77be71b06c21074,2673,658116474
0xed9d813c4a82a9d76eba8ea666a7a0ab95f7bb29,2673,658119147
0x7c6546bea18e7d3f734b16ceb76950cb47c55fc5,2672,658121819
0xdebf20617708857ebe4f679508e7b7863a8a8eee,2672,658124491
0x5863c92b31f777ebd4f7d79a54a7dc6348a19972,2672,658127163
0x79fe68b3e4bc2b91a4c8dffb5317c7b8813d8ae7,2670,658129833
0x4206931337dc273a630d328da6441786bfad668f,2670,658132503
0x59349976bd52f968f1c46ecd1221b203ccd0ab62,2670,658135173
0x504375253380b2038be36b4f34da0a1dd002a638,2670,658137843
0xe235877ce6e97198530015723a259e6c60751b8c,2669,658140512
0x47a7fe58e439d25e83394262b32ef5a6f118e6d9,2669,658143181
0xf4f5da5d5141f73998bb9c2ef548bf47104e9d8f,2668,658145849
0xde6f9cf118c66f881de196540e3853baba39b9d5,2668,658148517
0xb6ca1f1126a9d9a0a4d03e3c8800290a4c88eea1,2668,658151185
0xfd8043050872f2d9bdd3b63720caf32e1ea4061c,2667,658153852
0xc3f913d9257adfcca0cba2083ad2f42d61eac11d,2667,658156519
0xa1638c4aaf3399a6edff55e874b93bd545b88457,2667,658159186
0x11d72301cdfc9ab9e6e5ef929eff91589bb9198e,2667,658161853
0x97bdd9fdfa0b1677a2a353848514d93c108bec85,2666,658164519
0xd3bed91c9dd2e13b34ca0152c44eed6d12f9650f,2666,658167185
0xc025d6cc81bb98b7beb7484ab9f93b6e91a25fd5,2665,658169850
0x1d26d256435582548220bbc5f542b7dd87496375,2665,658172515
0x85993be4ef5bec00b62ba7e46a8a70f353182b3e,2664,658175179
0x6aea6041c80239159b0fbbd8920b08e8f7a98907,2663,658177842
0x5b810a55e560746aa8295d13e652f447e7bbe121,2663,658180505
0xe7c9c188138f7d70945d420d75f8ca7d8ab9c700,2663,658183168
0x75b7c5e1ac698b64bb3372dd69dc73577daab4ca,2663,658185831
0x697ef32b4a3f5a4c39de1cb7563f24ca7bfc5947,2662,658188493
0x6aa1394d8ed1d64e29dce3a60cdc38cbf9fe3c55,2662,658191155
0xa9860973c62986cec31f51a858608fcd18b55264,2662,658193817
0x056017c55ae7ae32d12aef7c679df83a85ca75ff,2662,658196479
0x499197314f9903a1ba9bed7ee54cd9eee5900e49,2662,658199141
0xa8eedb4201bc2951dc8946c0a139ffd0b5e8cbfb,2661,658201802
0x374abc7a0899edd52d08b41091d7e4920a36b5df,2661,658204463
0x901cabaa1ee064ee8649c83f283d3f2165e13480,2661,658207124
0xb06532c18b0fef27e7e96aa1f41177f79837694f,2661,658209785
0x53f2b8cc450679d04c479a048dc3ff39a4d20d13,2660,658212445
0x34fa7ddde9d0e1b98cd281ee1e8ba1db37c64399,2660,658215105
0x0663210a18dfdc62688b14c4ec10a1df8912e28c,2659,658217764
0xce273b31c0e93d74ad4effaf19c0edd8f128249f,2659,658220423
0xd2ccc191c7974255d77c78d9883a317023b3e0b0,2658,658223081
0xa960d2ba7000d58773e7fa5754dec3bb40a069d5,2657,658225738
0xcca36039cfdd0753d3aa9f1b4bf35b606c8ed971,2657,658228395
0x06b2387c7f56ecb61009bb31375b84e4be7f80b3,2657,658231052
0x3e412f8635c5ffe9171129f543c0d1b14ff3c435,2657,658233709
0x61c320935da31552b0d0de515ddee964267c4764,2656,658236365
0xf9109191e455981deef5bac0618dcb0aa86fae7d,2656,658239021
0x16788bc8f62f84367baa8ca920f7421d95684d99,2655,658241676
0xad7523dd704ebc4e7fa9a5286be87295ccbdcbd5,2655,658244331
0x78a2a1029e3168b49d3a276c787050ff5106dcf2,2655,658246986
0xd071be33ccc4f707b7c708a4d65b7bdecdaf7da7,2655,658249641
0x3ac636ac5c3a2576156ac5f10066ca68abe0ad54,2655,658252296
0x252a95fcadfa27fdf8ec106b55b65f344ff8e955,2654,658254950
0xace57e000bd3e3423ce9fc1009a4fafc340c1741,2654,658257604
0x484df664ac40b27a72b97fd97945d059a60052c6,2654,658260258
0x28a34597dd445192c0c53bee5d4f9e16c3553203,2654,658262912
0xf62af5bcad64fefc7f7684226122ea913eaa97af,2653,658265565
0x0310dee97b42063bbb46d02a674727c13eb79cfd,2652,658268217
0x4f062658eaaf2c1ccf8c8e36d6824cdf41167956,2652,658270869
0x50ffd75fa01966085d9e1eaadb55d191fb1e6de9,2652,658273521
0xa8a545bc13a36f19bd0816e56ff047bfe07833cd,2651,658276172
0x9839499c38acbd6e11b4af0e50cc2259bffeac51,2651,658278823
0x97b65710d03e12775189f0d113202cc1443b0aa2,2651,658281474
0x95428a14dc90d6008858a84623c0d4248875a15f,2650,658284124
0x2bf9671f00643afc813a6623074e0ddf6db4fc2b,2649,658286773
0x187d1018e8ef879be4194d6ed7590987463ead85,2648,658289421
0x2265522d41dccbc983319b781a225d142512a5f6,2648,658292069
0x2aece4f8c534773e13d6d3f468e742a3841c011b,2647,658294716
0xaa817e98ef1afd4946894c4476c1d01382c154e1,2647,658297363
0x4dc34147524e4ae2aa4e38031b4e38ca3aeb01b4,2647,658300010
0x73d0ed7e3ebdd0ed160a1fe5fee511943e102879,2647,658302657
0x7c250ea97b92b05fa33588ffc9cf157529fb7e03,2647,658305304
0xc5431cb71f527fc74ea487717e93b4606ee6df26,2646,658307950
0x39e5bd6ae0f2aa9240d2ae7fbf49e36f05dd339f,2645,658310595
0x92e1121149ac6c71a00555d62e41054910495616,2644,658313239
0x684b00a5773679f88598a19976fbeb25a68e9a5f,2644,658315883
0xd17c7effa924b55951e0f6d555b3a3ea34451179,2644,658318527
0x3a7a721cff80c9362b1ffd28e4ea5a3b81c7b202,2644,658321171
0x496997e2590c7d5ec5dde22f8c7580d4bdd60654,2644,658323815
0xc3a1c1eea96588fc1f67f29fac5526225b1a16ae,2643,658326458
0xec491c1088eae992b7a214efb0a266ad0927a72a,2643,658329101
0x5dc60bc57d7846eeb5c046345950c69224c83b6e,2641,658331742
0x85bc2e8aaad5dbc347db49ea45d95486279ed918,2641,658334383
0x2dcd9b1a7ed408ff48bd4918a1f9c0535dc54ead,2641,658337024
0x8906a42d843d69d4ef948a681b00c4080b50710e,2641,658339665
0x3fe856e55c4076682400f23d6be7dd737ee7e947,2640,658342305
0x51fa9cfd13a33d7d6bfe7ed4ff4a64e9096df4f4,2640,658344945
0xb0a0a070640b450eb136dc377208469ee4f49fbc,2640,658347585
0x21e479e62603a3ea0b6dc687cb86b9938d39a3dd,2639,658350224
0x8b69f58be5d02ddc832384ef930bfad2f9223719,2639,658352863
0x02ed6a253e406b8aff61dfbc808f57c98493c19d,2639,658355502
0xdc4c6478517d3653b9e8371187acb579f3739462,2639,658358141
0xbfc5a4d62e87c6ce4f46a77f3bb499d3ea23fd46,2639,658360780
0xa950524441892a31ebddf91d3ceefa04bf454466,2639,658363419
0x2e8b4fd4cc4c6ce21e67d336d3f0f211732a6302,2638,658366057
0x69d94dc74dcdccbadec877454a40341ecac34a7c,2638,658368695
0x0547cb4b5dcb9b31d30012cc0e6ae2893013565d,2638,658371333
0x33a4ebf089e595de658be2af377d2d58ad9fdb95,2637,658373970
0x5e4334fd53b95df63993c805066d693bb8ce5dfc,2637,658376607
0x0cdcda4e7fcdd461ba82b61cbc4163e1022f22e4,2637,658379244
0xbe9a129909ebcb954bc065536d2bfafbd170d27a,2637,658381881
0x07ec30473ef6e1b9a434b1d48b97f79d46c13d5f,2637,658384518
0x2aa3a37fd1f9becdc930381bf0df0723d2fb4fe4,2636,658387154
0xc7b9d54ba1074abb9405e7b4362dfa28678a09ed,2636,658389790
0x6c722b811ea96f2ea89436aeea70a3bcd91f669b,2635,658392425
0x71bfa06a67ba8bd888d37df09e02b9de7cea6186,2634,658395059
0x69b9e922eca72cda644a8e32b8427000059388c6,2634,658397693
0x2479bc39c9debc2d3af5dbc1d2243f694adcbf5f,2634,658400327
0x7c12a34410cd69487e498bb3e29824748d51ff34,2634,658402961
0xd494938d0524edadfc239adc2c233e50550fa152,2634,658405595
0xb58a6ab4972d6584cb6afba679edb5acd8bfd1ec,2633,658408228
0x973f1d1bd5e4906b8fac7f5146d2cd3c2f474b1d,2633,658410861
0x6d104aee84f37bc9db41f277b0871b447015ad52,2633,658413494
0x000000000003c42172c0bdd69d6afb6b0bf4b488,2632,658416126
0x02de49d036ecbc67216c938ff83070d750eb1903,2632,658418758
0x00ef6a5a141eabea8588c8100a96f9773b5ccaf6,2631,658421389
0xba3e0a8814f76bd3d10a82976bf6b7e4e4ca9fa5,2630,658424019
0xed279fdd11ca84beef15af5d39bb4d4bee23f0ca,2629,658426648
0xae684c664b7d409a9f22f04ff00a62565013e68f,2629,658429277
0xcf7d119bcb6822283003adc7c1a40e9ae7097b75,2628,658431905
0x98d3ca6528a2532ffd9bdef50f92189568932570,2628,658434533
0xc1bc8c28edeaa1daed9a963f2ab7742a4ede1cb6,2628,658437161
0xb566e883555aebf5b1db211070b530ab00a4b18a,2628,658439789
0x13a0c37e465f84e89a8464eb1fccfbb68aeee1d8,2628,658442417
0x96abef250cc386c963af0487c7ddade4d5919264,2627,658445044
0x50b676fa034b9afe83e05968f2b76aef2c35228d,2627,658447671
0x6cc3873c3ca91cf5500dad8b1a2c620b4f20507c,2627,658450298
0xe4eaddfe3df04c6b17db43148dc1d29c4da06857,2627,658452925
0x682bab379da41b1671dd1c88752bc6fe980db02e,2626,658455551
0x69ab07348f51c639ef81d7991692f0049b10d522,2626,658458177
0x5847848a71e8625e11ae243d764334b96ed67a72,2626,658460803
0xb1340b0ce8af2def925c39cad3058167a0f36953,2626,658463429
0x14094949152eddbfcd073717200da82fed8dc960,2626,658466055
0x964cee9eae0ec6d0228bc88efaaaeeab4caadcd9,2625,658468680
0xa49c07bed206397b96b6deb0a709c417d6d6a992,2625,658471305
0x9d2f9577762338889edb65cc8e5ded328d47e13c,2625,658473930
0x8f87ec6aad3b2a8c44f1298a1af56169b8e574cf,2625,658476555
0xd7657bdf782f43ba7f5f5e8456b481616e636ae9,2625,658479180
0x6cb1c2b61e24ad08bf5fff4d2b13ea987d211a88,2624,658481804
0xe541b34f73a4789a033a962ad43655221b4e516e,2624,658484428
0x9a24b8e8a6d4563c575a707b1275381119298e60,2624,658487052
0xe2a5da13a7caf7892104a4601cd369c2a975fa35,2623,658489675
0x5543ada72ef827862690295537a0ac5683465d08,2622,658492297
0x53a261b02dc92ae6cd2f545e822f172d061c2a68,2622,658494919
0xfdbbf3eeca45503780c874932588dd9d81b7a68a,2622,658497541
0x32a5a499684fd6e937b9dcbad4b05085edd12591,2621,658500162
0x3c76ef53be46ed2e9be224e8f0b92e8acbc24ea0,2621,658502783
0x19810559df63f19cfe88923313250550edadb743,2621,658505404
0xc9b557b87ee79af10633ee49cd7263925586aeb4,2620,658508024
0xcacc971f3da516da37d38766741b2ceab7334be6,2619,658510643
0x7b1ab331546f021a40bd4d09ffb802261caaccc9,2619,658513262
0x4b35e0ab998ebe8414871c13cf778f9d0bbdf609,2618,658515880
0xd0a7793e58bf6e304d077859b6eab50f7ae03e27,2617,658518497
0x0feccb11c5b61b3922c511d0f002c0b72d770dce,2617,658521114
0x16e58463eb9792bc236d8860f5bc69a81e26e32b,2617,658523731
0x3b58c52c03ca5eb619eba171091c86c34d603e5f,2616,658526347
0x1d09a6d1c45d1a9eb8cb8a8354bcd78e225f06d3,2616,658528963
0xc95c0910d39d1f6cd3bd71e4b689660c18172b7b,2616,658531579
0x4628ac39ba8fe3edad3be79fa4a069e0dc648054,2616,658534195
0x5fc990f16e6290fae3c44c132acb14e7f61f21f2,2616,658536811
0x8428ce12a1b6aaecfcf2ac5b22d21f3831949da3,2616,658539427
0x35002ab52e044e10a5dbdcbcf0644b6f1f32f075,2616,658542043
0xde6a1e3702c31ae9e13ec316fce463278c8962d3,2615,658544658
0x041fdd6637ecfd96af8804278ac12660ac2d12c0,2614,658547272
0x79558ba0c507e57e9ce3b792416604307170a00c,2614,658549886
0xe98078636c06b1a990fbcd57ddd4c76ada305606,2614,658552500
0xa63a28896d1d50b37407c5575f979e85026d1e0e,2614,658555114
0xfe3a6567a25d74b3a7f10ed49631502806ed1a17,2614,658557728
0xff193c057339a328dcec72eb3ed3bfc399922c80,2614,658560342
0x26e285e69c6c42adfe5963d805e15ab7f09f92cc,2614,658562956
0xe2c7c106253a0f4a070693ffac8cfc885f647df4,2614,658565570
0x5d3a4f62124498092ce665f865e0b38ff6f5fbea,2614,658568184
0xf8fbc9298650f49f9b6280ead636c1811c6ca1a1,2613,658570797
0xe0b9557142fded513d610b2d678f793023fad00d,2613,658573410
0x33c86cf399d4d520aeeab511dde4f416f2a6971f,2612,658576022
0x2d39ec4da54329d28d230b4973f5aa27886c3aee,2612,658578634
0x06dcd4461e02abfc44f82df4a1bfdf5146cbc05b,2612,658581246
0x9d5686eadea7327f5a0c4820dca90457a0e88763,2612,658583858
0xf00e5a59fde1cb2ead96a8be7711abc3f981e0f1,2612,658586470
0x0e192d382a36de7011f795acc4391cd302003606,2611,658589081
0x066f3a3b7c8fa077c71b9184d862ed0a4d5cf3e0,2610,658591691
0x0f8794f66c7170c4f9163a8498371a747114f6c4,2610,658594301
0x2186ecb39f1b765ba7d78f1c43c2e9d7fc0c1eca,2610,658596911
0xb6364e601d12a9c49b08b31d69cd7d7263f90916,2610,658599521
0xa8b25071f1531139d3b161010160634b562b52b6,2610,658602131
0x9bb157357895f07e59c239f4c8e9729d83249854,2610,658604741
0x21d5a14e625d767ce6b7a167491c2d18e0785fda,2610,658607351
0x6ac4e0b7244ca9806cfbaf778a73650dc7b110cd,2609,658609960
0x350758e4a1256561fd0ee142dc7e0545f561fadc,2608,658612568
0xe4707dac5f8a942f98b2181129346ef37d075a69,2608,658615176
0x63c856b816dcfa22fa403d8f62e0517db6f3a891,2608,658617784
0xfb88458a0e158b3a1aa7c4502fbd5639075c5913,2607,658620391
0xf2f0e88f2ecb3bb17025dfe4d2c237642f09a707,2607,658622998
0x60e7f0518102a4e70431960f88c1ebc98f994159,2607,658625605
0xa845fca9f6c1a98eded0ec076b13ce04ab10a6f1,2607,658628212
0xb3e2cb7cccfe139f8ff84013823bf22da6b6390a,2606,658630818
0xbf7ccd6c446acfcc5df023043f2167b62e81899b,2605,658633423
0x4a7adcb083fe5e3d6b58edc3d260e2e61668e7a2,2605,658636028
0x92ef4ffbfe0df030837b65d7fccfe1abd6549579,2605,658638633
0x6cc9b98ed5188746c82d7306cbea2b277db53ee1,2605,658641238
0x648f904493ffcbe9096d81d604cfa645ba879e80,2605,658643843
0xb3b13d6d1684239637ca2b44800c9d434b1e2b42,2605,658646448
0xbbbc9319f53dcdba120d4fcdc16fe653b2ed6df3,2604,658649052
0x2e7fc625cba4cffd569d0d7df43dff0749134319,2604,658651656
0x674d4a53c708017d9c8337c714a7e09007f5b323,2604,658654260
0x013183d8e0a14a843aa3bc170a29f959d9614d28,2604,658656864
0xe977dc78348c8f5f5150bf350e615133f4d4f8a1,2604,658659468
0x3ff911a6b29d13a3b499bc11cae12aadfbdaa0c1,2603,658662071
0x525ce0d953e9e29b9af0bb1c1a47ca100a387d93,2603,658664674
0x4b72acc43c984da449e79fa960e8efd3ef104e05,2603,658667277
0x5789947ce2212006421defca1a60babc39e3fe1f,2603,658669880
0x338f9e61932a8dc6f4fef2ec49d063ae6aa323e9,2602,658672482
0x1d4105534da120da243281cfc3f26aaf038e2d6f,2602,658675084
0x7884f51dc1410387371ce61747cb6264e1daee0b,2602,658677686
0x3351be9654188571a3e32388da582947928111ce,2602,658680288
0x2727fc560a4923aa8850a0511ee373b4a9ce4005,2602,658682890
0x0d3cb4c30a4b20297c1dce41d8d95ed0384f40ba,2601,658685491
0x1f6deadcb526c4710cf941872b86dcdfbbbd9211,2600,658688091
0x17e5bf07d696eaf0d14caa4b44ff8a1e17b34de3,2600,658690691
0xd64ac0a8f157df9762f8fae9e650a0f99b039629,2600,658693291
0x7a8f4cee65bcbb20d0e3b7e196636f77ede154b0,2599,658695890
0x77c9acc811e4cf4b51dc3a3e05dc5d62fa887767,2599,658698489
0x37d40510a2f5bc98aa7a0f7bf4b3453bcfb90ac1,2598,658701087
0x89ac74ca54ccc6aa364a8e2594e091e5cab4b553,2598,658703685
0xf91546835f756da0c10cfa0cda95b15577b84aa7,2598,658706283
0xdf0960778c6e6597f197ed9a25f12f5d971da86c,2598,658708881
0x2a05d22db079bc40c2f77a1d1ff703a56e631cc1,2598,658711479
0x3de45bb514c7bda2f6688dd6ca3e59ff8878fd96,2597,658714076
0xd35833f9255fb28cc6b91acb8a66ba6429d6ef5a,2597,658716673
0x779852b35ac0f2553fba3c08d866bab5258dfac4,2596,658719269
0x75681c9603957022657d9a79cd643b03d46d5d99,2596,658721865
0xd9ea189ec0bf7a9e52cb1d70ab3f881aa168a64c,2596,658724461
0x12f41b4bb7d5e5a2148304caafeb26d9edb7ef4a,2596,658727057
0x6eda39647d9da13f03ed60bae308480e87078d0e,2595,658729652
0x9acbca1b2f4ecfae110b14bace23bae23a39fdc6,2595,658732247
0xfdf574766ba1a96a553e175aeffa85ad78063f0b,2595,658734842
0x52161ab56f3efcaad778c186dcd3ae56598d1f40,2595,658737437
0xa855293b7e32beec5e9e3083b71232bc6fe6137c,2595,658740032
0xf05878bb6147008b7be62531313d74d0c1326c3a,2594,658742626
0xb582baaf5e749d6aa98a22355a9d08b4c4d013c8,2594,658745220
0x0d416ffd6964fd122ee13d9a229fd3bb08b2deec,2593,658747813
0x3fe5eb14a8e99d7ba8b421c5285b5c0d8292cd13,2593,658750406
0x27f6701c13c155764dc1dd881b5cdcfefc787bbb,2593,658752999
0xed6c68048617b8ffe637edc3977ce78aea037e56,2593,658755592
0x4d0425e47ee2d16b94c036715dfcb52a0cebc4dc,2593,658758185
0xb4925b5a1e7c00752f686f988926478ae0516115,2592,658760777
0x5dc76fd132354be5567ad617fd1fe8fb79421d82,2592,658763369
0x7aec70c00873288bee4519ca51c8afe3ff173de8,2592,658765961
0xdaa7b1eeeee4a891bf51b7bb0936bab4eae454ed,2592,658768553
0x255d597951300a913d5e327c6e92ddc05923febe,2592,658771145
0xaf5a1decfa95baf63e0084a35c62592b774a2a87,2592,658773737
0x82357df5c6e660f6ca33224aa9a2a0b8170be99d,2592,658776329
0xf8e30096dd15ce4f47310a20edd505b42a633808,2592,658778921
0x3cbf23c081faa5419810ce0f6bc1ecb73006d848,2591,658781512
0x5250d499e59293acb88676af59e9318123e1c9f4,2591,658784103
0x796e47b85a0d759f300f1de96a3583004235d4d8,2590,658786693
0xf2408a2ef43600c1d35c7a3d922aadf69dc25b7a,2590,658789283
0x4c8c259962982aad9b7a594345daa3edef865132,2590,658791873
0xc7045b3fb3bdafda92c612092ccb8b0391beba0d,2590,658794463
0x9efde2558158ecc3a2e636fb2ab7d713ddddab45,2590,658797053
0x589ad398c88ede735dd429f7792805e25fb69c2f,2590,658799643
0xb14a4065b80591cae20999fa6747549c670bb9cc,2589,658802232
0x729549ed6fea9fdfbac26934c10a83721d82abb1,2589,658804821
0x89ae35612ba177421a742b6f04527bd555d23ff6,2589,658807410
0xdf5b3add612b5f1a56f5192135b2da08503cd1de,2588,658809998
0x30d30cce06227b9bb8e148041f7f9b3bc03e2a13,2587,658812585
0x6ed2837ab2391bedd1fe2688087abc8bfeec3a6c,2587,658815172
0xda099724209f5be62018fb7d85185d85472786b1,2587,658817759
0xf6c3a82de08b935068579f584ac28335d761ab31,2587,658820346
0xffed56a180f23fd32bc6a1d8d3c09c283ab594a8,2587,658822933
0x28558dc394fff964e9ec388e315f04ddc64c35c0,2587,658825520
0x84443f61efc60d10da9f9a2398980cd5748394bb,2587,658828107
0xe88d6d63389d5c91e6348e379913f330739ad2c4,2586,658830693
0xf6eb6898c05af764dfaf65f586a6a9688cd07617,2586,658833279
0x85b736da3848b206eb63c254c3f942d345fcf2f6,2585,658835864
0x5f6a9a1b4587759dcfec19f6c8e207e73ed988b8,2584,658838448
0xa342f5d851e866e18ff98f351f2c6637f4478db5,2583,658841031
0xdc7836bc6c84c51275365e337fd147db2dc7b3c3,2583,658843614
0x5c639e2fd9bd6d93769386731a32cf116aa524cd,2583,658846197
0x716b87619d0c06c5868837cca18b2dd9d64a29d5,2583,658848780
0x5479d565e549f3ecdbde4ab836d02d86e0d6a8c7,2582,658851362
0x2a33cb652fff44b52c7c950aa7ee1f3296dedeee,2582,658853944
0x64ff248ddd36430e3640fbea76999941a8bccbd7,2581,658856525
0x3abb4b221e55b767bb8b8fbd9a877e2e4a4913a5,2581,658859106
0x5bc7e5694ee5d6ea32a0da36efb56a177190a53a,2581,658861687
0xf4bd8bc6ac7e85dca8e1bcc5b57a3a315264e7d1,2581,658864268
0x47c0ad2ae6c0ed4bcf7bc5b380d7205e89436e84,2580,658866848
0xf6014ba24ddfeb009699ffd5b753487f0b2eddd1,2580,658869428
0x8d8129963291740dddd917ab01af18c7aed4ba58,2580,658872008
0xcc55c087d027c5dd3b0f3c28280c3a3fdd798c8b,2580,658874588
0x70f7cb8e3a7d52e8be9611ce20e1677aebcf027b,2580,658877168
0x53f9e54e4593d716ba1721810c797dd6ab9c6ac3,2579,658879747
0x5193c96f93231ef9a19175246fe96d00751501ef,2579,658882326
0x961eca1683e3f30e05dd7c2e2c252d1c6df79804,2579,658884905
0x8885d8f5c1b2ba3a605ec092bf006fb0fcf33f91,2579,658887484
0xce8136b825027e0aab1465cd5526ba9c1924c9d4,2579,658890063
0xdb68df0e86bc7c6176e6a2255a5365f51113bce8,2579,658892642
0x1f3032035804369b609adbf43100c497cd33e1f1,2578,658895220
0xbce39946aba431f8a244153cb8aca6541625bc2e,2577,658897797
0x4ee438be38f8682abb089f2bfea48851c5e71eaf,2577,658900374
0x4cb0e81b14eedf3a6c4c6bba57169ff17acc6c7f,2577,658902951
0x3667ad5452063c7a408541d4161781e85b8b61ef,2577,658905528
0x0c9e046e22a04ce91b6036f3f7496a4fbd827260,2576,658908104
0x167c983f8b880cd51005e96de80a6a6d1f63ebc1,2576,658910680
0x6b6bcb3a53597075474183e344448e06bc0d5fdc,2576,658913256
0xe8185811492a4e98bce5e36df1dcce09a733c586,2576,658915832
0x0767fa882b9634df15ff2f87c46e0e1a406a982f,2575,658918407
0x84cc06eddb26575a7f0afd7ec2e3e98d31321397,2574,658920981
0xc66583dd4e25b3cfc8d881f6dbad8288c7f5fd30,2574,658923555
0xb4e3362ee28105cd6d99278424d2176c4f3d76ce,2573,658926128
0x81e3ca02b9802e62d2dca98090175e3084522898,2573,658928701
0xc560984d8c4ced2a0eba5790b33b6f43afeef759,2573,658931274
0x831091da075665168e01898c6dac004a867f1e1b,2573,658933847
0x49ef58e2d30a5eeae2f5f1ed44f0cb8fe755c350,2573,658936420
0x7fe92ec600f15cd25253b421bc151c51b0276b7d,2573,658938993
0x20bb19c133141d097a705a7c5e8cd581e26c75e2,2572,658941565
0x0fe629d1e84e171f8ff0c1ded2cc2221caa48a3f,2572,658944137
0xcde09f25159523cc6a7b7655a4cf6d692074cbcd,2572,658946709
0x394d38d55918b5c50a855994533311211c75df97,2572,658949281
0xe05cedd2838e4e1d99b539d8c768d6ef2a10f729,2571,658951852
0x52083b1a21a5abc422b1b0bce5c43ca86ef74cd1,2571,658954423
0x68c85b9f78f30a0df5ac5723e4e700037f185415,2571,658956994
0xc746bc860781dc90bbfcd381d6a058dc16357f8d,2571,658959565
0xe2960f327fe8f4d8b5bf57f4a1b807e2155d3b24,2570,658962135
0x7c8efa4cdcd3c1c1287dde290d8d96868c294fb6,2570,658964705
0x8d0669034de634abf0d12ebd58b8df2b70407d12,2570,658967275
0xadcd61c78f052cf38ab9e67c353dec1da14e04b3,2570,658969845
0xa88748419a857077540c56df9119e9eedfea8cef,2570,658972415
0x2137ffbbb279218e1a61d4483ded9c9a017e9257,2570,658974985
0x3bb14bfd0e04749c05d8558c79cda36c44bd9018,2570,658977555
0xa40f333f7f5fa17810c4f98ed1a4061854f0294d,2569,658980124
0x879ed52d9d9f80be3194a6d6ba51c34bf1836e03,2569,658982693
0xb902e19f24950c43ae69cfee20876283fa842b03,2569,658985262
0x15b683f780736217a34a058ec8179595e8a84c5b,2569,658987831
0x92c0f0e0dd28d8602794e0c312a552c832215c47,2568,658990399
0x2bc07dc3c9199462f1400b767240ebaefe05a8ae,2568,658992967
0x15d92e219cfe22b7515dd6d1cf5a6a65a4e2acf1,2567,658995534
0x15770dccc6f2a6c4f8f3b92116a4a144728bf7dc,2567,658998101
0x91db9e27e750c43a96926b2e04d795c24f13f67b,2567,659000668
0xc8df2abaf682df93aac19a08c2d87994c88e2c9c,2567,659003235
0x5283fc3a1aac4dac6b9581d3ab65f4ee2f3de7dc,2566,659005801
0xe4a00976191ac5ce7cd15e6a763687635e3c3b79,2565,659008366
0x3b49ddffca8110f9c635792c8a02592a0bc9db50,2565,659010931
0x5e8f855966d638135a968861e80dda722291b06d,2564,659013495
0x8746811e33dd09e5652f9953b6721aeec6e582c1,2564,659016059
0x3a2e5440ae3c621987f0eb75de464455fc3f7af7,2564,659018623
0xd8e9690eff99e21a2de25e0b148ffaf47f47c972,2564,659021187
0xa9b9805d0fed371cec8fb8a8f2300f279c47ba53,2563,659023750
0xa809d363a66c576a2a814cdbfefc107c600a55f0,2563,659026313
0x2aa012a32db4297b6c1ec06b81e498154b4e8d46,2563,659028876
0xdff3d69a00759449f091561a0af99a218982bd7f,2562,659031438
0x0f84c12dd6e5d0e654b93b499734210ceb9f79e9,2562,659034000
0x4c2bf897c073ff71eb5f931a5cc8c2c25d97d517,2562,659036562
0x07998179e15bfad316b2b35827663d2f88aefcb9,2561,659039123
0x9b811024635626bc37e5d294b384077ab25dcf62,2561,659041684
0x876a11639ce3d2bba1712fc9f47bd6faee575ad4,2561,659044245
0xb3ccb8fb2533e51893915908ceb85763ceaea97b,2560,659046805
0x3d028c33e0b4b44e0e5f9f7958a15504220d8eeb,2560,659049365
0xad3fb45ea4d902647f22f4a7cb45ee8ecb2073ef,2560,659051925
0x36281499d05018799b9c1f1ffacc0b6eef290121,2560,659054485
0x1287c0509df9a475ef178471ab2132b9dfd312b3,2559,659057044
0x029fa59111136ce592e136760a1df1d4a6cd564b,2558,659059602
0x6be3d376de53355c24a139ed3db39ea3ad7d07f5,2557,659062159
0x762c1f34a2aca3c9b34a85c1e152b00f74647d64,2557,659064716
0x3fdfb07472ea4771e1ad66fd3b87b265cd4ec112,2557,659067273
0x5ee4ec3cbee909050e68c7ff7a8b422cfbd72244,2557,659069830
0x371a6a413fd23c5c906180769b87701d3be624a8,2556,659072386
0x81fda9bea8cefc31dc56445280041e88b8e0c25b,2555,659074941
0xbeb794023db64dd409d1b4a5b69f8ca2a065ae7d,2555,659077496
0x75ace7a086ea0fb1a79e43cc6331ad053d8c67cb,2555,659080051
0x7dfce9b6e2c1b1a85ffdb8ee37cb27c5c9dc033d,2554,659082605
0x7aeb36e22e60397098c2a5c51f0a5fb06e7b859c,2554,659085159
0x11202e4c206b27fc0f363f385c710b654ba1f23e,2554,659087713
0x0bb9b3ded1df9647d004973ec5effea0734f0313,2554,659090267
0x64a1db33f68695df773924682d2efb1161b329e8,2554,659092821
0x5dff89a2caa4d76bc286f74d67bd718eb834da61,2554,659095375
0x29abf1a011cdfb9548dc8faa6d19b1b39808bf58,2553,659097928
0x1eae15d9f4fa16f5278d02d2f8bda8b0dcd31f71,2553,659100481
0xbc41f47c9df84ea0c2c198e50df4b3666ffe3bd4,2552,659103033
0xa3dd0778be6c30084fbba2763ea02942eec803f6,2552,659105585
0x9fbf4dd08889239c9614484351fe6633b0ac0a10,2552,659108137
0xe26eb67bb1cb79024ae2840a0f0711baa70a0a5d,2552,659110689
0xd7016954ec76535ff8653cdff432aec2429b38f8,2552,659113241
0xdce2f28cdaa6aa63a223cbbdb5eac0e2756466f1,2552,659115793
0xccb9248780546b12272634c2ae8a1e26ea97aa1e,2551,659118344
0xdb9272880400e0ae8e522994f6a959122d94c7b7,2551,659120895
0xfd7cb51943844c80bd68d0070c03cf8a20da6fdb,2550,659123445
0x27f552037fabba50cdff621986a97ad895786166,2549,659125994
0x81a803d28ee340e8c3805362374703ffcbb8c0e2,2549,659128543
0x25380dbee64f2a7afcd8e9f46375d1dcba28630f,2549,659131092
0x9a7a75e66b325a3bd46973b2b57c9b8d9d26a621,2549,659133641
0xa4bad5d040d4464ec5ce130987731f2f428c9307,2549,659136190
0xe2eabb47791b2314001eb6cdf3d4782f0d9a7fbd,2548,659138738
0xdee34cd48d77183b3e70f4f9ea2718c89bfefeb4,2548,659141286
0x4e8e8eb5a4ed17170b646d33b8ef3e7352585607,2548,659143834
0xa921c15167688ec8a95d601ab139c4f2f0ea79bb,2548,659146382
0x9879286ddfc1238f67d47265c46baf55b955c326,2547,659148929
0x1ca13f7ef6dfc3dcbca8c4c74d75190d55f5ad58,2547,659151476
0xee9c50f882af9e947cc3e727720b2e61d46689b0,2547,659154023
0x2d27cfa73f04a5549fb2a299370b0df5d7b28f0a,2547,659156570
0x1530cde7ed5c9f562a5b10093d9d97774d321473,2547,659159117
0x20398ad62bb2d930646d45a6d4292baa0b860c1f,2547,659161664
0x39112688107de317958d9ecc14730d75642ce782,2547,659164211
0x0bfdc04b38251394542586969e2356d0d731f7de,2546,659166757
0x05aa942ba2c382665162e88117b5263df57721f4,2546,659169303
0x1739e311ddbf1efdfbc39b74526fd8b600755ada,2546,659171849
0x898bad2774eb97cf6b94605677f43b41871410b1,2546,659174395
0x1689d6d931c17b35698545d6040c0db1adda30df,2545,659176940
0xd82f9939aa0ba1bf5d5bbade54b5f2f61d2cfdbe,2545,659179485
0x781c413475113185be568f01e4e4fe8991e79b6c,2545,659182030
0xdba351248ae615910afcad74566fe0af864cf271,2544,659184574
0xb04818de7fd799e626f60f20827cd30053514e8c,2544,659187118
0x5f5cd91070960d13ee549c9cc47e7a4cd00457bb,2544,659189662
0xd376709dca1eca75a4623107932a294adfbc8dca,2543,659192205
0x73fc3038b4cd8ffd07482b92a52ea806505e5748,2543,659194748
0x2b275c7aedf32bc960a15d1eba71d8a04a86f029,2542,659197290
0x27b76d917ebbf894f1e853ebdf95ca301a70ddb8,2542,659199832
0x9b60874d7bc4e4fbdd142e0f5a12002e4f7715a6,2542,659202374
0xf749b654531f62ab24d5d4243bb8b27e702102c8,2541,659204915
0x439502c922ada61fe49329248b7a8ecb31c0b329,2541,659207456
0xfa2eb971f7eeb0addf86dd77f32c224c243a5cc5,2541,659209997
0x29239242a83479a4074cb1c9e2a3e6705a4a4455,2541,659212538
0x3936ee7369e9c278a78a44de7b272deb97bc6253,2541,659215079
0x66f77a7baae5b2af601de4fdf1a0e6747e556020,2541,659217620
0x66bb15df3f9b4b68109799ab5d89bc42d07113f2,2541,659220161
0x94804dc4948184ffd7355f62ccbb221c9765886f,2540,659222701
0x6b26576e3b2864621642f21286ffdf8839bebb7d,2539,659225240
0x007c4cf0f656b420cf5eea97d3337b0dcccc351e,2539,659227779
0xeea343492c98651f09c3c3205c5ef26c8fd99f0f,2538,659230317
0x78abc792a0bf3cf22946ed199602e7f80a3d7372,2538,659232855
0x98484d4259a70b73af58180521f2eb71a3f00ae6,2538,659235393
0xc12ecee46ed65d970ee5c899fcc7ae133aff9b03,2538,659237931
0x4f1247a044500ac44993595c6e950dc17aba36c9,2537,659240468
0xf3072cae973c7b87ff2a8bbdf2575914df2b1d41,2537,659243005
0x996dc5dfc819408dd98cd92c9a76f64b0738dc3d,2537,659245542
0x57964e649ea3735757d6898ca56f135f4437e554,2537,659248079
0xfd51a502593481d83812f41c6a5165c9252dc9a7,2535,659250614
0x420ab548b18911717ed7c4ccbf46371ea758458c,2535,659253149
0x9c64bbbf75a77fd98c028bb1fd9e1d76730449f8,2535,659255684
0x86fff8610c0c054a7a196886942e53d9cf1aad94,2535,659258219
0xe0e0bac8cd3e868804b5b4bb6688ba192d1fa478,2535,659260754
0xf2375ec44934fe96ee5ffb8ed597c6f9349771fd,2535,659263289
0x3c6cfbdaf0a04fc257b185bf98934a12124fe8d0,2534,659265823
0xefb9576ce82e6114a914d67b5f7e7b6ee6e04bdd,2534,659268357
0xfd7c7c43bedfda1e7a50e15766c617ee3e10ce66,2533,659270890
0x66d8d5854e5e3258d5da8d028c4af4304da10b7d,2533,659273423
0x3fa400483487a489ec9b1db29c4129063eec4654,2533,659275956
0x15ed7a8e06cf6b04a8d6bc86aa22c4dc49c7cd49,2533,659278489
0x9b3e946e1a8ea0112b147af4e6e020752f2446bc,2533,659281022
0x6db943251e4126f913e9733821031791e75df713,2533,659283555
0x9116e82841267d01b9c49f0a19617083466cc000,2533,659286088
0xa3e89b7b9b0d587db6db486189e3a793d8e49adf,2532,659288620
0x0e8bc4a71814b91fe77b0a79768b2403422f99f7,2532,659291152
0xbdb45d02d8ef8dc5e59aa58b26b99a4af3806baa,2532,659293684
0x94512fd4fb4feb63a6c0f4bedecc4a00ee260528,2532,659296216
0xc057e4a0b6ef2b53d6bdfe7300f7f36470600376,2532,659298748
0x4ffa2e6d1ce17a63419315da9991353772bf7f39,2531,659301279
0x20d4cec36528e1c4563c1bfbe3de06aba70b22b4,2531,659303810
0xa311856b777df090d2d3d8c306caaf6e4dfd9ae9,2531,659306341
0x9309f94f59627d05425f0f7bf8961d194cc8bf85,2531,659308872
0x404a03728afd06fb934e4b6f0eaf67796912733a,2530,659311402
0xb84af72c95964fb8b46646f04f50760b9be14e1f,2530,659313932
0x5e9f9741c0485d38dc387bfa64bb4ff46186d62d,2530,659316462
0x0e565764febdf7bcafc5ab4223a09abba4f9345a,2530,659318992
0x5ea80d4116aad999bd7adcfb4326b20884637391,2530,659321522
0x8030b6ad26626856b0c6db02b0cc9af406757fe8,2530,659324052
0x913848ddc7e5b04a75706fa54438f1df94f4693d,2530,659326582
0xe210330d6768030e816d223836335079c7a0c851,2529,659329111
0x3dfec03b11e0124bb7e83f7384c1b100132fa89e,2529,659331640
0x751d87122c81f0ece576338c400ebb978d039188,2529,659334169
0xfd52c39640c2359049988e9457c85eea06b94244,2528,659336697
0x4a046876e9785d6b2b203018110370fa443f0cc3,2528,659339225
0xbbe761ea1447a20b75aa485b7bcad4837415d7d7,2528,659341753
0xaea6c312f4b3e04d752946d329693f7293bc2e6d,2528,659344281
0x11614c5f1eb215ecffe657da56d3dd12df395dc8,2528,659346809
0xb72b31907c1c95f3650b64b2469e08edacee5e8f,2528,659349337
0xd2cbc699400bd69af0c723964953fb4a5b90f2b8,2527,659351864
0x353f61f39a17e56ca413f4559b8cd3b6a252ffc8,2527,659354391
0xc64d9e39295144191ad9f7a2c8de28523b8cfeaf,2527,659356918
0xf9b60a9bfb3ea7152ad948edac574e38b767bd3f,2526,659359444
0xafa250e014d05a30ef11ce21aa4e2ed136848639,2525,659361969
0xccfadbb9bd330452a7ea6e63787bed33e32d09fd,2525,659364494
0xb647d88d335441248f4a1d49a925e2285905dee8,2525,659367019
0x5b609c6cbd5c1b06e1250806e695eb0ce5433f06,2524,659369543
0x1162fa0e82ca0d6962d1c12ae4d99ef5733036a5,2524,659372067
0xa09ff006c652496e72d648cef2f4ee6777efdf6f,2524,659374591
0xb1ed70dd1c008db622a2cce111211959698752ae,2524,659377115
0x2f85e11f6f12ead6af643f083a34e001030d2a6f,2524,659379639
0xd98e60605f51e9a425d3bcd85284e929f2d87753,2524,659382163
0x2791bfd60d232150bff86b39b7146c0eaaa2ba81,2523,659384686
0xa0b207103f764a920b4af9e691f5bd956de14ded,2523,659387209
0xdc8af07a7861bedd104b8093ae3e9376fc8596d2,2523,659389732
0x5907aecf617c5019d9b3b43a5d65e583ce0f48bf,2523,659392255
0x38770c8a33d62aab5acb32cec78b6b752208623f,2523,659394778
0x4e5133528b96432669152c4bac5bab8d40075753,2523,659397301
0xa19c3750c8ee46daf5842c412d4d60796a900827,2522,659399823
0x5b7e386b636abff1e83fc7101c33282acba8e1a5,2522,659402345
0x0bb0a369b301af072179103d3aa158b877d976e6,2522,659404867
0x5b086b912fd6ee57f9bca82e30d06716f29c2664,2521,659407388
0xdead0d70e02ae02076ddef2ffc52c12c0991f4bf,2521,659409909
0x474021845c4643113458ea4414bdb7fb74a01a77,2521,659412430
0xa2345c7db212ab9c478b1c206fb9b14c0e7c11c7,2521,659414951
0x472c31deda4f2fdd5698a58e42383a3c674a1def,2520,659417471
0xb7a0816478925706d2d2b4e3f448f99177573bf1,2520,659419991
0xa218543cc21ee9388fa1e509f950fd127ca82155,2519,659422510
0x88616cf228ffb3fb8ba336592a79a53de53d05ef,2519,659425029
0x3ad407ccd6540aa92d822881b31bd7aaa31257eb,2519,659427548
0xc3ad35d351b33783f27777e2ee1a4b6f96e4ee34,2519,659430067
0x3f1e4ef0b246eb95fc73f18f6613b799811a739b,2519,659432586
0xe33b9d157b2a2efa78623373abff955426af21fe,2517,659435103
0x35fa1dde4f58b8656041f5a194dee5b1c750cc18,2517,659437620
0xa62ce5f4175ba550440171ef809197ee21002d64,2517,659440137
0x15470a4ccb61704481fa6a2afd993d585689d226,2516,659442653
0x8fbfc349b7ba336e3647b34b8afb50979f380be4,2516,659445169
0xb932b24b164590db032ca2be0e293ae9ec5cb150,2515,659447684
0x5bc7e5f0ab8b2e10d2d0a3f21739fce62459aef3,2515,659450199
0x6918f88b7e617460cd70854af3202705a03c4431,2515,659452714
0x6c3942b383bc3d0efd3f36efa1cbe7c8e12c8a2b,2514,659455228
0x1e313a9f908074d779d72ca4267a0d056f9fe924,2513,659457741
0xe0198cb337cafa0c5e117132277b6b5cdda53b69,2513,659460254
0x88858cf6b3bdc951cb752337e29638eff48d5bf0,2512,659462766
0xc6358c02a4bafcbcd85360ae046e6bee556429c1,2512,659465278
0xb2bfeb70b903f1baac7f2ba2c62934c7e5b974c4,2512,659467790
0xf26a23019b4699068bb54457f32dafcf22a9d371,2512,659470302
0xc80205befdb86a1891019969001e90b064d5735a,2512,659472814
0xdf22ac5d9fed8d8e67f7d0e0c255d772aed55191,2512,659475326
0x030cf06d8a39d5ef4b169eac0d4d5b0c51b42194,2512,659477838
0x4b34c0cbeef271f895d339c5f76322d71a60782b,2512,659480350
0x2b2c3cd1af44c15c90dc8961101a95f03f7f1337,2511,659482861
0x230c2a140e758087f7107dd31943c5c03b819e55,2511,659485372
0xceacd5a8359712107f88ec2381cbd4b09d3107db,2511,659487883
0x4c66a6f06b8bc4243479121a4ef0061650e5d137,2510,659490393
0x776c5debb8759e25ba7ac1a2950f7158816e2705,2510,659492903
0x47be54e622a4c2d0ce83844195e35951340465f1,2510,659495413
0x87cb524559af46fb41781fcd1f2aeb623374a73e,2509,659497922
0x7d36cce46dd2b0d28dde12a859c2ace4a21e3678,2509,659500431
0xaf6a5b0998ff41355f3b4fe1ab96d89bd2c487d3,2509,659502940
0x2935aa0a2d2fbb791622c29eb1c117b65b7a9085,2509,659505449
0x3a856d4effa670c54585a5d523e96513e148e95d,2508,659507957
0x97c4adc5d28a86f9470c70dd91dc6cc2f20d2d4d,2508,659510465
0xaef4f02e31cdbf007f8d98da4ae365188a0e9ecc,2508,659512973
0x87c2b3b702a701dd6ae26b190ce398bd1c17a2d4,2508,659515481
0x4e1bb58a40f34d8843f61030fe4257c11d09a2c5,2507,659517988
0x93981060514fe159e08cbf21ade7d7cccdfe294b,2506,659520494
0x6673b317c45f490cd8342120a7c02e2ace7cbdd9,2506,659523000
0x8148dbcfe92a4947ef1361f545e133411194053f,2506,659525506
0xba3d9687cf50fe253cd2e1cfeede1d6787344ed5,2506,659528012
0x76333b38567f78240d6276e5b3985baa6fa5fda5,2506,659530518
0x98f1858c9740b9c5f2cd8abea67948873d38dc39,2506,659533024
0x82484b7e77e4b80de6d78bdf9014e44cc715f66a,2505,659535529
0x770d06df3a6d343e0342314d4f6ccaef6945245b,2504,659538033
0x5557a1d5a492169f5bf77c5484afa220ef6564fc,2504,659540537
0x38362bbc51086eb738123602059983201ef55631,2504,659543041
0x7a07e1a0c2514d51132183ecfea2a880ec3b7648,2503,659545544
0x92f12e456ae3c167801562fa25546c457937b7b8,2503,659548047
0x0538cbf5452610a76c975033eb8a6aeeb0b4dcb3,2502,659550549
0x512ff8739d39e55d75d80046921e7de20c3e9bff,2502,659553051
0xd2fc3c32c0b25fd950059978fc03f3fde6c960bb,2502,659555553
0xecfab865daedb6e3bf80b0174b7b31482f8321cb,2501,659558054
0xbd03bd923c7d51019fd84571d84e4ebcf7213509,2501,659560555
0x91e0fed1816f96652394423479537da3a4cdc929,2501,659563056
0xfdbb3b3cfd6fcc0dd5c1b5bff05bffac1db42258,2501,659565557
0x4c8afe33affa2dfb6e7628edae3b95ff6087cb02,2500,659568057
0x7031ab87dcc46818806ec07af46fa8c2ad2a2bfc,2500,659570557
0xcc3693c52d4e4ffc1910d90cdd8c52f66bc83262,2500,659573057
0x8feef860e9fa9326ff9d7e0058f637be8579cc29,2500,659575557
0x4a4dff5e12c2422261ebf0042ed57b02b5bdc621,2499,659578056
0x9c405acf8688afb61b3197421cdeec1a266c6839,2499,659580555
0xbcca60bb61934080951369a648fb03df4f96263c,2499,659583054
0x72e203a17add19a3099137c9d7015fd3e2b7dba9,2499,659585553
0x00d3095bb5fb5deba1a0b38ab0233805150f3f61,2499,659588052
0xd8ef3cace8b4907117a45b0b125c68560532f94d,2498,659590550
0x75ffc6a4d776024effbb5421a0abbb8fb2a6e5e7,2498,659593048
0xca4951c283f5f5dec8db8e640e3f66f073cd510b,2498,659595546
0x772932a7093f5f3fba00a9339abf01c47a660499,2498,659598044
0xec133df5d806a9069aee513b8be01eeee2f03ff0,2497,659600541
0xd64705f59521d6774613d04cdb7cc15a37c6af19,2497,659603038
0xbd301be09eb78df47019aa833d29edc5d815d838,2497,659605535
0x02efa2dd017484606a0fcbc5966dc06779afc6fa,2497,659608032
0x46fa5ea512a72f18cb07cd06c3865b59549a7f8d,2496,659610528
0xa469747b0ac7f09e6cc68d2f35313e8281c9d243,2496,659613024
0x611fddec07ccc5a2d9e47df155e3cf62082ee0f0,2496,659615520
0x28925299ee1edd8fd68316eaa64b651456694f0f,2495,659618015
0xfe50ba7241b635eda23a32875c383a34e8a3596c,2495,659620510
0x57adad07c1bdc3d2992d7ff32d0ac3e4d5a28caa,2495,659623005
0xd3ce735cdc708d9607cfbc6c3429861625132cb4,2495,659625500
0xd71a6f67488a3aa9fba3cdde38def7f70fb7d277,2495,659627995
0x0d29ada4c818a9f089107201eacc6300e56e0d5c,2493,659630488
0x67a5ec8b397a442c2dad323312feaa319fad7236,2493,659632981
0x205f22232148403cf5b5d04722f5b346267221c5,2493,659635474
0x35a254223960c18b69c0526c46b013d022e93902,2492,659637966
0x2bee9fd7d942be58004400da26c9155f6abd8fe9,2492,659640458
0x11b3997a9f2027c80397aaba591b26e09d524ff2,2492,659642950
0x7d91e637589ec3bb54d8213a9e92dc6e8d12da91,2492,659645442
0x2d7820e2e24b569a981f5b9c9f425582f24ab321,2491,659647933
0xbdea5bb640dbfc4593809deec5cdb8f99b704cd2,2491,659650424
0x0fdc5313333533cc0c00c22792bff7383d3055f2,2491,659652915
0x138a8752093f4f9a79aaedf48d4b9248fab93c9c,2491,659655406
0x8851d9b6c913309225947dda16e82e1854198c1e,2491,659657897
0xeb70bbf15fd1c0542896a80f2af90c8fd40a9ec5,2491,659660388
0x5d551fa77ec2c7dd1387b626c4f33235c3885199,2491,659662879
0x0bb9fc3ba7bcf6e5d6f6fc15123ff8d5f96cee00,2490,659665369
0xb1e26ada467e1ad6673aec53f875262e4d457446,2490,659667859
0x4086692d53262b2be0b13909d804f0491ff6ec3e,2490,659670349
0xb4d78f3a0fa97d42bff0f7f9cedfe2fe23eeca05,2490,659672839
0x5fb6a842ea587fa8d0486589742ce68ef24834a4,2490,659675329
0xb1cd6e4153b2a390cf00a6556b0fc1458c4a5533,2490,659677819
0x09270c634f17c2448e2af70ce0e0c8609776d57c,2489,659680308
0x3622bada99b27dbfe535853e5741364eec6e1301,2489,659682797
0x98b8f5d7a5df3530913b1a2f4e5970f41ef8a529,2488,659685285
0x3969309221fa8b482bee577cb4dda8870d7a1474,2488,659687773
0x236e077f979f4ccb5f9a9e0163728fe2e743a56d,2488,659690261
0xf4ab44adb887abca3a6d686fc0d0907097ed2904,2488,659692749
0xa759794d39bd92f4e9a264f1092f2859f10d8a1c,2487,659695236
0xb7fdef667ce5994534919216ac9509eed83af6fb,2487,659697723
0xd9ebebfdab08c643c5f2837632de920c70a56247,2487,659700210
0x455f7ef6d8bcfc35f9337e85aee1b0600a59fabe,2487,659702697
0xbac6874fff7ac02c06907d0e340af9f1832e7908,2487,659705184
0xdca0312fc4c31160af85ef342d241d04d50f2262,2487,659707671
0x1f0a87900e395c4cc1aa4cf28a0cc638a1b7676a,2486,659710157
0x9eb71a43ebebbfc1c9a7bc65a6e375590879d56e,2486,659712643
0x9631483f28b7f5cbf7d435ab249be8f709215bc3,2486,659715129
0x1223730bae7fd3d2fe1e7948b0a90c8a9f3b8446,2486,659717615
0xbea6d782542c87982d318f8718efd44fbec59f2a,2486,659720101
0x6e484464e9c34d33ca98ddc5d117dbce341c5bf7,2486,659722587
0xb278e4cb20dfbf97e78f27001f6b15288302f4d7,2486,659725073
0x86fadb80d8d2cff3c3680819e4da99c10232ba0f,2485,659727558
0x00fece89bb7c0f544adb5e57d9d892587f0c7204,2485,659730043
0x10766a65a17701eb411aedabfca1d94e072d44b8,2485,659732528
0x6cfddfeca2d22f3611e35c4915994472b07ca315,2484,659735012
0x0364a98148b7031451e79b93449b20090d79702a,2484,659737496
0x5137a403dd25e48de528912a4af62881e625d801,2484,659739980
0xb95fada77b99070bf20968c9c1da43219a81b14e,2482,659742462
0x18a21c66f9343a7afe56c840d60779c3dd73ae54,2482,659744944
0x31ce17b6428fcbbbeda9fbcdf18ccb3dcde3dfa6,2481,659747425
0x39eb1942c0dc6bc0b422fb9c6956770056d16c9b,2481,659749906
0x99ff9f4257d5b6af1400c994174ebb56336bb79f,2481,659752387
0x58a3520d738b268c2353ecee518a1ad8e28e4ae5,2481,659754868
0x33493d18bac3649f00163d3f0e1e2d374a7dd4c6,2481,659757349
0xb7750808512ecb926042bf0f249321aad6c8a7e9,2480,659759829
0x9e3359f862b6c7f5c660cfd6d1aa6909b1d9504d,2480,659762309
0x84be64aea04d10919e763170f4ca1b904beee02f,2480,659764789
0x815f8ef4863451f4faf34fbc860034812e7377d9,2478,659767267
0x3ea8d1f331d33323820d6b3584fc93cd8b8e7a1c,2478,659769745
0xb489796aec759912029145c82e341f6a499053a7,2478,659772223
0x21a9e21252875165f181dc173d28f386451e8b1b,2477,659774700
0x2543603ef7b630508fb26123cb249aec6f1ccbc5,2477,659777177
0xbc4efe38e1c6172d587efcde0f5b98a24f145911,2477,659779654
0x6aa25feac6fa998958d243cece71eeb71eec6635,2476,659782130
0x17f7e7341d98aba6e35e4222b142c7f8a64945b8,2476,659784606
0x56de19f26241960cad08340e81eb61b71a27b89c,2474,659787080
0x63657b0b36b33124d3f6510d6a537b007961a013,2474,659789554
0x85eafc29690c6d64c8513499b6bea8864fbeb6d7,2474,659792028
0xb2c730941f7e45d4e6911555b6cc9da6e45d8c1f,2473,659794501
0x52891c43c3f88a63120abaac8843a0828c94d06d,2473,659796974
0x16b0a1a87ae8af5c792fabc429c4fe248834842b,2471,659799445
0xb98bc27e049a690ce6056125335ac9e542915e0c,2471,659801916
0xcbe4ffa0a3627136d49dee85e4fdf27463bede58,2471,659804387
0x282d74cc2203e5c19b522876ca6fdee59d3b800b,2470,659806857
0x12f720ee40d09e404fd5b04db9691bdf1dc1c933,2470,659809327
0xcea469b7f33a7b9083ddf0890c419b5858638e30,2470,659811797
0x3209f7ae16d545c60d8cc9c6a5f02181a94fea52,2468,659814265
0x8d5eab43151a98188a87ab37ca4da2c9ad452798,2467,659816732
0x2011b5d4d5287cc9d3462b4e8af0e4daf29e3c1d,2467,659819199
0x9b1a56a2e7164c43384448d82253781c1318a77e,2467,659821666
0x0650d780292142835f6ac58dd8e2a336e87b4393,2467,659824133
0x7f509e1a5114073adcab062ef26a199511926071,2467,659826600
0x5565e9824e9d4a9f4175d912a7376d3a10e187ba,2466,659829066
0x3c27248f22860763a5eba3f87721f4f45813b36e,2466,659831532
0x37bc7498f4ff12c19678ee8fe19d713b87f6a9e6,2466,659833998
0xc0da01a04c3f3e0be433606045bb7017a7323e38,2466,659836464
0x650b26c9c70d795df523fb90006857acc2c52374,2466,659838930
0x06874f973dc3c96dc22a10ef0d0609f877f335ea,2465,659841395
0x8c124ca2bcc831b464771b3b92d1432e99eeecb7,2465,659843860
0x3d6898d1187ea9bf1dca11a25d68f005061362cf,2465,659846325
0x865ee5df064bc1f4a39b95b75e612dd86011d35b,2464,659848789
0x5afc0b82bd845f20804e42ec049bee8e17fa9700,2464,659851253
0xe1432c1e80019d1f5b82d715aae3edfcd44b9cd8,2464,659853717
0x7da47ca0de0797ffedfea9194cac9a8a5d0cd0cc,2463,659856180
0xc89c4ed8f52bb17314022f6c0dcb26210c905c97,2463,659858643
0xa891cf72aeda692570928efe1a832342e9783cdc,2463,659861106
0x8de905736f33f0a8b4b497b3eb1591db7c2918e0,2463,659863569
0xc9c7db3c7a2e3b8aca6e6f78180f7013575392a3,2463,659866032
0x18293de649fb8d8e1c8824abd214f7480c61e4a4,2462,659868494
0x3b98c8f8f028060d0e0127843ee13f4b995a7960,2461,659870955
0x9d0cf50547d848cc4b6a12bedcf7696e9b334a22,2461,659873416
0xd9adc83f8720af4e07b0995d9f049b6b6f7c5fac,2461,659875877
0xf685a139061fa157cbdaed8299ed43864140ccd6,2460,659878337
0xef2742e5af727bd7d615d9e3d0e4f6efb1176447,2460,659880797
0x7a1dcd9f49cae291f83def1ab6c7e8be7b4985d8,2460,659883257
0x7875357a329de15c525f4aaa0d9dd849fcfc2729,2459,659885716
0xa654cffcb6ba8fb85a652a8a56e8cd03f61eb792,2458,659888174
0x19665204d72d5c63a592206fd47bab868a9da747,2458,659890632
0xe478de485ad2fe566d49342cbd03e49ed7db3356,2458,659893090
0x290c1227b26b25d96b04779552aa0315cafd6b8d,2458,659895548
0xab53cec21d04b9292f88f1c3670c1a389f1b165e,2458,659898006
0xb92847114b1948f7c08dc6cd45546e2fb48b836d,2458,659900464
0x44f262622248027f8e2a8fb1090c4cf85072392c,2457,659902921
0x4b9deba8de3e848c2446f6bd731b3f6f5eee74c2,2457,659905378
0x04b6449f0e221668b5c8e68a2ab272b3d0f68972,2456,659907834
0xb736ba66aad83adb2322d1f199bfa32b3962f13c,2456,659910290
0xdb967cceb5ce4adb1524dad8f1fad6007fd7e86e,2455,659912745
0x117c3385bb0f1ddb762d48cc24626f9529c42148,2455,659915200
0xb30897d2daf42cfd6fc2745b4546e9acbbc01c46,2455,659917655
0x2cddc4ad692af6421df8ecad272ec8914f7387e3,2454,659920109
0x7003c6a38cad0b76c52a059e082440c946f8769d,2454,659922563
0x4375380d11a0a8971f053aeba0629a61392ec0e7,2452,659925015
0x1199f75cd3233d4a4b6b50bdf31cfe9b621c1bde,2451,659927466
0x4f122daac039a108a96e0fbcf32071449b372a0f,2450,659929916
0x6d9f2ad8aa8c4ceafd032c0e8abdb3c2ccf9a7c5,2450,659932366
0x0e42d85f2cf1c3f8bd8fef93ad9f16bd3c6d4b34,2450,659934816
0x597be106b33ede628d9e796bdec42d936b2af457,2450,659937266
0x3f76e0dab24505d4f16def2958f1bfa664b186ad,2450,659939716
0x6ddf9a4c610ada726c40650703fda10d1420d382,2450,659942166
0x1864ca3d47aab98ee78d11fc9dcc5e7badda1c0d,2450,659944616
0x92077c5d2c49348c9f7fc422ba2265c9f4e7494b,2450,659947066
0x32b87fb81674aa79214e51ae42d571136e29d385,2450,659949516
0xc3d9c7e242bc62a6b5ed8ce1780c72dd174ed0d5,2449,659951965
0xc239de2e4bbe92560db60057c812855cc2afa05d,2449,659954414
0x73f59b34852b8003cf7813b2f4295d46e54db064,2449,659956863
0x0f111fee3f6a7c1c4295a8e987eabb3907929e41,2448,659959311
0x25200235ca7113c2541e70de737c41f5e9acd1f6,2448,659961759
0x3a306a399085f3460bbcb5b77015ab33806a10d5,2448,659964207
0x9165b1ed40c097073a7d15ad3ef49e3c5b132588,2447,659966654
0xe8e507d131b8f6ffd76fa4ce73ddf8dc983362dd,2447,659969101
0x786fed81fc9602a647b11a02fcfd65ab081dee34,2447,659971548
0x51ee10b2ccfe2109a6fc47ae232e6ecec069a2d0,2447,659973995
0x8de0d002dc83478f479dc31f76cb0a8aa7ccea17,2446,659976441
0x8cc70d4a9fa194a5b4191aa415a81bd8f8bbe2f1,2446,659978887
0xebcac3be9a20d22cf055be316ca83a5b1f4e988f,2445,659981332
0x387159880f9b6fa1bc73d0a366410ae1917c8def,2445,659983777
0x6264c8d158f32bd8c01b8a0102b57dfcfcfb8561,2445,659986222
0x08b3febad7fbed160fd6456764a00ad4c1dd29bc,2445,659988667
0x93583d87a09f09d2933e2f101061cf214706a63e,2444,659991111
0x14ca41eecd7d81d5d13098586c0d2314eba285be,2444,659993555
0xf876bbc810e84854c9c37018103c0045544a6af9,2444,659995999
0x07a12690090d74c85d4cb2d8a4ecb3d4a0d3b078,2443,659998442
0x0d197947c501aeff2130273ecebd36c49868c481,2443,660000885
0xb7b9a9b0922545c877808a800ae0afdf41d1c3db,2443,660003328
0x73f205335e1915bc625a8f003ae4b7589f43d3c8,2443,660005771
0xcc8f119e0bb46ef52b2927ca1cfae80b410ef674,2443,660008214
0xf6c51b4e029539ef4a08be6d4904fb139e222906,2443,660010657
0x51949ca4b7e1990b6a56c20a2129c9582295a727,2442,660013099
0x090f56f6380b20243b7b09fe991c0ff14a945e3d,2442,660015541
0x418c5b43e0beca69bfaf401c0b20210d7491d920,2442,660017983
0xe51e9bff39baa85bd74865254d647188e1672612,2441,660020424
0x740f3817a7521b2e4aba621ee3f23e803b8fedc7,2441,660022865
0x4a615bb7166210cce20e6642a6f8fb5d4d044496,2441,660025306
0x121c6e0613317a98cc14a9d379e2abe546ba980c,2440,660027746
0x3cc4ab79004feea416a4d052234df591b2893212,2440,660030186
0x842738637f84b4dac335b832d9890cf8e11da214,2440,660032626
0xb6e633f4a0deb3ac788ec14af8a05426aa754e2f,2439,660035065
0xefbd6d7def37ffae990503ecdb1291b2f7e38788,2438,660037503
0x9e7bb9e0d5477d42d104af56ee22aeaab804c493,2438,660039941
0x6dca030c518541195082bc331709e7c98f608d6c,2438,660042379
0x7db5454f3500f28171d1f9c7a38527c9cf94e6b2,2438,660044817
0x194eb594c4cb956f286a6142f646958e7d246c84,2438,660047255
0x15347668d4e5631d08a68e2259d359b126ede7d6,2437,660049692
0xe11ff96e8b895402e37966e6a65dd3ced05ce13a,2437,660052129
0x75857809bdcdb2835243df2d9f2198f85040b4bc,2436,660054565
0xf1bc217a1e50a697d37caf568d5260033d53e1e9,2436,660057001
0x5630ee5f247bd6b61991fbb2f117bbeb45990876,2436,660059437
0x144f58cec89d8f788fb4628aa44bdf951be4a383,2436,660061873
0x1c8df33e9ef09b99be505a714b2aa91cff2f6b71,2436,660064309
0xeca6f09d8570b5bc9f3fe77bc2a0e41d23983c00,2435,660066744
0x1b81bf06589eff257d98ceb354427bcba4922c11,2435,660069179
0x1848df8d1728a8ce654c7faf833b2d7296744fe4,2435,660071614
0xeec02515a59f4369ad3d9fc7a47049585b589db5,2435,660074049
0x9975bdf4826b1280f413084441f95ca59da40aea,2435,660076484
0x7c3cf2d43b50e78e27a81293a43fcac45796fb54,2434,660078918
0xf7575d4d4db78f6ba43c734616c51e9fd4baa7fb,2434,660081352
0x6eaef5813db2a1ea582605e33b014ee211ee3881,2434,660083786
0x3c8caee4e09296800f8d29a68fa3837e2dae4940,2434,660086220
0x9c6452092abacac981736bdf384740cf0e37901a,2433,660088653
0xcdaf9abed7c74b3c5abba6c168bab8fa8539c892,2432,660091085
0xce5e5913ee8c47055b270814aa06a6e01723ae62,2432,660093517
0x9c825fdfb74e5b49dbb8ac4120de42896ae97d52,2432,660095949
0x3f4e02741b155f5ce8d6190d294d4f916125b896,2432,660098381
0x5f53a6baaa0cae06caae30094b2260b0f13e37fd,2431,660100812
0xe372ed8d188517ef4d4bc464c0c068d2002e2903,2431,660103243
0x10735575e14fc4ed86d68fea5bcbdc2455c7154a,2431,660105674
0x3a4b1eca26955fba4b99f78ee36153eacdceae85,2429,660108103
0xbb3c393e6a053c783ce9cc178865b714a87ad95e,2429,660110532
0x2e703d658f8dd21709a7b458967ab4081f8d3d05,2429,660112961
0x6e33f11625b2c8b7270cf8e0319b8b9ffb8f086d,2428,660115389
0xcf8048b2d336c569a3985bd93cbb91b758ded178,2428,660117817
0x87f0e615ab8e7d5da906036b7efdd5af5ff6a9b7,2427,660120244
0xc9f8878ebba65ab04743f374f57fb652981e222c,2427,660122671
0x3523057e290ec9b76d376efe9a892db09ad1b3c9,2427,660125098
0x3abce8f1db258fbc64827b0926e14a0f90525cf7,2427,660127525
0x5ad2bbaea5498edff64caaff848f55f6ea1776e8,2427,660129952
0x66c58b0ed9f987c19177aa5949c3100beda982f5,2427,660132379
0xf5001e16ebdd8d2df21ad1889b9db0c16bfc7b5f,2427,660134806
0x5e60fcca904753a31f9df7d7f6b7856b6ec27aa9,2426,660137232
0xfb340423dfac531b801d7586c98fe31e12a32f31,2426,660139658
0x03355fa29d64c6568dc64598aea2c41486a98523,2425,660142083
0xbf57bd607d0785705b7a065dfe5f9be86e946bd5,2425,660144508
0x79126d32a86e6663f3aaac4527732d0701c1ae6c,2425,660146933
0xdaf1fb6bb90fe80d6d015d738abd0a8bbcaf6d16,2425,660149358
0x2d48d03ff3389cc3546931efdff2799017f3420c,2425,660151783
0x4847ff288c79ba0d1d1e0863b461e7dbdd72c65e,2424,660154207
0xc0f6670fb9cdfa8bc2f4a4ebd181a9cf69754fea,2424,660156631
0x95bebe7bfc6acc186c13d055d0aacc2de5f81502,2423,660159054
0xecc54876755fe3e04eeb7b23ae4d3d4b0302bbb8,2422,660161476
0xb0d0aa11af65ab5c5988b4e4256ca687cbb60a1c,2422,660163898
0x57a205623a747eb6603abac2eb21c1c2e470e0ae,2422,660166320
0x19005641b675e3f16286c2d8ee3e8ecd16bdbbf2,2422,660168742
0xd4568b270962f0e416a135fe89b8365907d35ece,2421,660171163
0x89fb927240750c1b15d4743cd58440fc5f14a11c,2421,660173584
0x570febdf89c07f256c75686caca215289bb11cfc,2421,660176005
0xb87972abbfc219664e4a2f52954f5b9cedf7ea33,2421,660178426
0xfc5ea29944693024c673c594102aba884bc2ebd3,2421,660180847
0x47d1a59cbdd19aee060c859c0009277e245328ae,2421,660183268
0xe31515fe3023e715650eb2307379244c40cdbc95,2421,660185689
0x9e900b2b8cc5e498c4b8202d203d86213fff6672,2420,660188109
0x5bd5b4e1a2c9b12812795e7217201b78c8c10b78,2420,660190529
0xbca51cc851000537ac63f7deff0bdcf4070d26b5,2419,660192948
0xd1827e66ffd08b5a316dc8bdd25ca2860e1a130c,2418,660195366
0xdaeb0ab77712f86021f92a15ce878fdd70db7a51,2418,660197784
0x652e54b59c565b2f75f15855b97aacfead243b02,2418,660200202
0xb1f9ec02480dd9e16053b010dfc6e6c4b72ecad5,2418,660202620
0x73eb144dcc349bc97cdf5d14377e1d8d151d2c86,2417,660205037
0x80b01885b0ac83c39190ee07649b378a06a6ed10,2417,660207454
0xece935de3ccb9e78add846bea5638e0eb52e71fb,2417,660209871
0x5e3845a1d78db544613edbe43dc1ea497266d3b8,2416,660212287
0xc8d02f2669ef9aabe6b3b75e2813695aed63748d,2416,660214703
0x94c0d029a7b64bf443e89c5006089364c0d60d61,2416,660217119
0x63d863cffc7277a0e94f4397c62b5df9f691cbcd,2416,660219535
0xfa80eae6b2d0dd2f787a5efae2275aae97cbd542,2415,660221950
0x04f4663ea27719cb89d1c9bd856701aa5454cde7,2415,660224365
0x9e8fab775193bc2d61be41b70d959a8dbc05ed98,2415,660226780
0x9f59e734fe7613ad79e7fce21587c1775aca5f8c,2414,660229194
0xfae21a6f597909d388aa90ea3d5ab27ace1edf36,2414,660231608
0xb93cc05334093c6b3b8bfd29933bb8d5c031cabc,2414,660234022
0xaeb1638a25e8f56bfd338023660d9f722f1000ad,2413,660236435
0x06a75024d9e868f7c0295fccb9f05dc383a3dd5e,2413,660238848
0x1a986f1659e11e2ae7cc6543f307bae5cde1c761,2413,660241261
0xe292a41db000414d5bc7c1d1607cb39c1613f4e4,2413,660243674
0xfb725bab323927cfb20fb82ba9a1975f7d24705b,2412,660246086
0x0358629bd27fa559b88d0f41ea3da28d057c3414,2412,660248498
0xa97ff44cff7101fac76af172f088f400f28cb4e9,2412,660250910
0x0d4cd2c24a4c9cd31fcf0d3c4682d234d9f94be4,2412,660253322
0x08a2e41fb99a7599725190b9c970ad3893fa33cf,2411,660255733
0xe298f7cce27dcd2671968022ac96d0af1a44ef75,2409,660258142
0x2047b5bb05567b54e3012f7b2bc282d3b390c1a5,2409,660260551
0x1c9db47ee8abad20d28f9bbe2363ca0c8c9ab9b8,2409,660262960
0xe1aba037795a93f1796d6d730f9d9d66bb82db1a,2409,660265369
0xd662908ada2ea1916b3318327a97eb18ad588b5d,2409,660267778
0xce25b4271cc4d937a7d9bf75b2068a7892b9961d,2409,660270187
0xa42a8e4a2c03959c5399629e41de189ae4f4cf19,2408,660272595
0x2b4ba323ab07da8250e896b6ff29bb96ddfe55a9,2408,660275003
0x6671c24dd5b8e4ced34033991418e4bc0cca05af,2408,660277411
0x12321fb3e2548b03ead42f09cab239cff377b4e2,2408,660279819
0x2573eb00eda2ae9cff42c85a7540a218e4695744,2407,660282226
0xaa9d866666c2a3748d6b23ff69e63e52f08d9ab4,2406,660284632
0x2191ccb37c110d3e439c4ad38a30b8d0db321f2a,2406,660287038
0xd2adc1c84443ad06f0017adca346bd9b6fc52cab,2406,660289444
0xebe998a5f1279447bfcaebb72a0fc54b3baf69e3,2405,660291849
0x0c17398ebbcb15078f2ad2c67a26d10623957b21,2405,660294254
0xd39a20810c2297bda9277aafa5d70a802703d3ea,2405,660296659
0x521ce45db5b39bd758afb43e5c10ce1d72730c84,2405,660299064
0x34c080e1ea5a5c98301bd185dde2dca150e96a60,2404,660301468
0x737ec9a2509ea187e59b427f714b9ea8159cb76d,2404,660303872
0x506d07722744e4a390cd7506a2ba1a8157e63745,2404,660306276
0x8633e144f2d9b9b8bdd12ddb58e4bef1e163a0ce,2404,660308680
0x9db3fd94a5bb1acdaef28ae483fe6b0d49746678,2404,660311084
0x06f9aa8a7248561136ab1e3fb67cea6dca0cf5d7,2403,660313487
0x0555eea5f419e18cfc338dea66ae84fa7a2fd2ba,2403,660315890
0xa180ee40ca373866440b5209b3796cf5fe64b4df,2402,660318292
0x1b0991b57a6a165556df6597ad9106d208c67456,2402,660320694
0xd9e9e4c0edf08d5cdeb9e89b44a94dbb3a8ad10b,2402,660323096
0xece73b9f0e0a3d7f33f79fd1d77cb344288b9966,2401,660325497
0x4399403483e1d6a3185eabb0f62bf303da844e07,2401,660327898
0xe8a76d2f37fe50b6a95d27fb92291fe0b57407d3,2401,660330299
0xde424ebc0f8ba1b3b1776e59d285e44265f202f2,2401,660332700
0x2e6e152d29053b6337e434bc9be17504170f8a5b,2401,660335101
0x31932e6e45012476ba3a3a4953cba62aee77fbbe,2400,660337501
0xcf35c3670de34d955b280f048703e3a2565ccd1b,2400,660339901
0x5497bc15265c33d59d1fc1f6064584d3f98eb79c,2399,660342300
0x30adfa96b0e97de585cf6f8002c6a178254a9602,2399,660344699
0x818776f0968bdaa39a692260fb3d1168f55370b2,2399,660347098
0xb3307dca37a2b71df435a9789a7a98e2cb52f6f7,2398,660349496
0xbba9c40c8fce8f37339515c11026b8125c448dcd,2398,660351894
0x202549fcf4cc855aca456c39a839c4f202ee5cef,2398,660354292
0x593114f03a0a575aece9ed675e52ed68d2172b8c,2398,660356690
0xcf2fe3f2dcaa158e0e41a204f053adc12949b768,2397,660359087
0x7420b4b9a0110cdc71fb720908340c03f9bc03ec,2397,660361484
0xea6412fb370e8d1605e6aeeaa21ad07c3c7e9f24,2395,660363879
0x876d0c7180547ac85c78c66b4bbef5c83b13bdb6,2395,660366274
0xfcfab7cdc0613fea78982ebd52559b7362db7976,2395,660368669
0x30d862bbbef3b75f700d6ba7d323b95708eaafaa,2395,660371064
0x2cebe81fe0dcd220e668af98a603782f7f531605,2395,660373459
0xf064be67dcf83d253d2d6f43ab1bfeb9927c4adb,2395,660375854
0x74342d38d317f2d53d3025e229c3e368639449d6,2394,660378248
0x1ac592456984b84b4c1335a56c8be33d24c7aeda,2394,660380642
0xbbecd4fc3c04769837dca2305eef53dc3cf4e620,2394,660383036
0x5197fbe1a86679ff1360e27862bf88b0c5119bd8,2394,660385430
0xfab12273aebf0dca12590fc31bb081aa576f21a5,2394,660387824
0xe7f69ea2a79521136ee0bf3c50f6b5f1ea0ab0cd,2394,660390218
0xe26b758708f39276f879c0a187d9a789fc26c38e,2394,660392612
0x613f654c7bbb948219f3952173518debcd963718,2394,660395006
0x6be66252c14915e2a4f7e9621bc17365c4f35244,2393,660397399
0x0379da7a5895d13037b6937b109fa8607a659adf,2393,660399792
0x741f58cd68d24f361cc0ee0d3aaf7df2bf16132e,2393,660402185
0x12409a0f834739b838d89a5aa1d77d30adc1fb69,2393,660404578
0x2abb88d483ec7c4f5ae078670f156434a5129f40,2393,660406971
0xa8ab201d971246cc27f5dbf1e14760e32d449bda,2392,660409363
0x0a8e779477187716a5a3b6d5a9461565aef2be6e,2392,660411755
0x7f1f2d3dfa99678675ece1c243d3f7bc3746db5d,2392,660414147
0x4e81626eb309b9690a4a3a4592b5f29aaac0f183,2392,660416539
0xe3d208d74e4c167245913c942df8c4ee03b9abba,2392,660418931
0xa93db78788ca1f30c85d6b4bb96f9e1a1b2895c0,2392,660421323
0x1d1d4fb6555db709368465d507ebf86531f15444,2391,660423714
0x3614cfa4245e7b9326c7236ae0b3ffad7be55055,2391,660426105
0x69c2fe4f5dfa40dd6d09fadd0681f9364a1aada0,2391,660428496
0x24b22b031ae1b5a6b09f9a0fd33613a40e0d70e6,2391,660430887
0x65008461cdeeaae8b87ada4bcad38e29d2a49247,2390,660433277
0x6cfba3c7b4c944bdc9442c91d67d35d7c27fa430,2389,660435666
0x8d9b51d2feb201fcd39be4fc905ac7ad0d14a992,2389,660438055
0x23799f7af9a5868fe9d1ff27c189504df360836f,2389,660440444
0xf5d347fe5de0fab5ce7c5b451957f209f5943305,2389,660442833
0x42382f39e7c9f1add5fa5f0c6e24aa62f50be3b3,2389,660445222
0xe7ef1db0d66a017a03a08398bddbe5bcd7b1d94a,2388,660447610
0xe1b583dc66e0a24fd9af2dc665f6f5e48978e106,2388,660449998
0xe9db36b09542ed252c54ab3c7724b73a1a42b9aa,2388,660452386
0x385fe0597fb60c281b54955e7d15c07578ce745b,2388,660454774
0xbcfdaeb22ab6e10dfb99546e6240155edc1084f7,2387,660457161
0xcafcdfa4b75d39f70a4e8a66fbf69a51511c5aee,2387,660459548
0xc5ed7350e0fb3f780c756ba7d5d8539dc242a414,2387,660461935
0x456974df1042ba7a46fd49512a8778ac3b840a21,2387,660464322
0x9c197c4b58527faaab67cb35e3145166b23d242e,2387,660466709
0x20a0bee429d6907e556205ef9d48ab6fe6a55531,2386,660469095
0x559fadf6e3e6aced41694d1311bb691004f1d63c,2386,660471481
0x823d50cad4706d22db5751f24eab86bf8e5618bf,2386,660473867
0xb79ba583c56ee628901491a2135afc4d84f0b731,2385,660476252
0x17371ed8e7bb4f8ecc68443efe0fbbfe44734989,2385,660478637
0xcbee6459728019cb1f2bb971dde2ee3271bc7617,2384,660481021
0x9d5d09a6fca7af1d36f8d3955d1baf1208fbb7e8,2384,660483405
0x6d3ec03ccff43932fe7621a400b3bb3c283f5452,2384,660485789
0xa2f5934c459332bb2274fc2c8836fc8b1736ddd3,2384,660488173
0x3c642be0bb6cb9151652b999b26d80155bcea7de,2384,660490557
0x633dc644759ca559494c1afab65f9ce0f0e14e48,2384,660492941
0xdbbd9e60fb406521c3c7da7172e46dedf8d238cb,2384,660495325
0x179b2f76806904f09bd4664d6fc25d2be5b073a9,2384,660497709
0xc18e7a03f8986798323658dd8645f93aa79ac5c9,2383,660500092
0xa75f7c2f025f470355515482bde9efa8153536a8,2383,660502475
0x48be867b240d2ffaff69e0746130f2c027d8d3d2,2383,660504858
0x656038e97cee7c095673f7b9fad695b323a6f098,2383,660507241
0x6d4e4388c0d71740f99670bb58d37eb1480b4458,2382,660509623
0x552594b884fda93d35e64638fdb3785d39628c6c,2382,660512005
0xe95ebce2b02ee07def5ed6b53289801f7fc137a4,2382,660514387
0x01da76dea59703578040012357b81ffe62015c2d,2381,660516768
0xfe8cf10c6075c4c119e34226643bc454a1a0d822,2381,660519149
0x1cc8909624d2a386fa09e9a605dffcc89ba93d07,2381,660521530
0xb1aa9d49c5a824745f219411c80f873c81f79e86,2381,660523911
0x0aa6c4ff04e4e6512c5348f4b04685af2cd11058,2381,660526292
0x260260c3b1aff1ed9e45e355ff4d05beedd5efeb,2380,660528672
0x558a0fb2952a8743adbf45e073396245751f5b8a,2380,660531052
0x13c22dbac007959a2e619f4172c831f13a1ab4c8,2380,660533432
0xedffadb79bc62737d6033594faf56a5a3df48aa2,2380,660535812
0xfe16f630eb0ca70661b071360701abf980126d3e,2380,660538192
0xf6b83ccadeee478fc372af6ca7069b14fbc5e1b1,2379,660540571
0xc6720198a6f7ee5711e3491b14a5fc821174295c,2379,660542950
0xbc41d05287498dec58129560de6bd1b8d4e3ac1d,2379,660545329
0x9a3d60b6688cc0588e6d3af2268a0e921b6bbc66,2379,660547708
0x38a811bb19665e9f4ff4061fa4b7e0cca92507ba,2378,660550086
0x13ef51f0525df6045267baed411f535d86586bc1,2378,660552464
0x58a02a4d63983674a30942772d68cda9ceb9bdec,2378,660554842
0x59848d60c34dcd2686d7f7918bd240fc1890208e,2377,660557219
0xf4952239f5176ebf90c8f8c973fa38eaecc78af5,2377,660559596
0x323beae259bc3046d04d13f080d18610a471e8dc,2377,660561973
0xa397ce97fe3ace26c0916a8f1a4b4cd536f92354,2377,660564350
0xd8950fdeaa10304b7a7fd03a2fc66bc39f3c711a,2376,660566726
0xbedde30d3532165843f07b1b0e3e90fddbb75918,2376,660569102
0x3da85b2a7cf6f3ccec6953776161750681a7560f,2376,660571478
0xc16cf13922c18de7842374f9baace4489f1d24af,2376,660573854
0x38883c3fecb599c4426e95df80c2464bf678d6ee,2376,660576230
0xc351163c50bacafb07ef38d4906015bf36fc1a27,2376,660578606
0x0105a6f7a626501ff6972e751da580500dc01ef6,2374,660580980
0x3b73c1b2ea59835cbfcadade5462b6ab630d9890,2374,660583354
0x420c42ce1370c0ec3ca87d9be64a7002e78e6709,2374,660585728
0x50468a03643ae9664c3c40b2bdcd4ebc8a6bc1f3,2373,660588101
0x0f72714b35a366285df85886a2ee174601292a17,2373,660590474
0x2d4a785a729737d348da8b4f2e1a138f43338402,2373,660592847
0x859b3f206ac2d3f5b61cdadf4a0aa802e44d3b16,2373,660595220
0x9ec251401eafb7e98f37a1d911c0aea02cb63a80,2373,660597593
0x27321f84704a599ab740281e285cc4463d89a3d5,2372,660599965
0xbb0cafa84fd26f81b6ddc9eb82f6627ccb5a5514,2372,660602337
0xb48ea4747f224bc7c43d66d6daf2a2117f4eb7ef,2372,660604709
0x2d31c0248b7b5bdba159e7c30f2a931039ea90ea,2372,660607081
0x29305f0e37e65c4d5d36466826237a59b5baf2e3,2371,660609452
0x7f0f05d1a4d5bdeaa35aae5a765c600e46e0b14e,2371,660611823
0x028ff933bd86bd4d699b1643477f858626482d35,2371,660614194
0x5ead68d7cf0a28fef9560e51b7336f638315ce91,2370,660616564
0x1b40d781497a526878f37d3adf5529576a818060,2370,660618934
0x654cc9ec854e118ef050a01b40c14716c22c4fcc,2370,660621304
0xa264b1ba331b5b4708b887517c13d9af16082e43,2370,660623674
0xf5096917729885ef5b1a8c4ef238d3cf06028ee7,2370,660626044
0xbc962d7be33d8afb4a547936d8ce6b9a1034e9ee,2370,660628414
0xc4d43af0518c4ac875b01848f1087c435c42659b,2369,660630783
0x73b7424a32b34806f9ba10129843ce9cc3069397,2368,660633151
0x3fb111fed284aea5e3db069fa12045d61f78668a,2368,660635519
0x9f4f1c679fc8479cd71482a8d8c88dc60c1403f9,2368,660637887
0xbfb00e7021bccbed3323ef68dcd388b4d6a8204d,2368,660640255
0x2ec75589856562646afe393455986cad26c4cc5f,2367,660642622
0xaaf841fd6409c136fa4b960e22a92b45b26c9b41,2367,660644989
0xe69ba47f38ee8ab38696014c19b547a4aa955480,2366,660647355
0xe04491d64eaa464ec8fdf53c7a4c92bf5b2278cd,2366,660649721
0x7bbef2035c3bbe8d99e4ac027ba0eba501bf8957,2366,660652087
0x4209e8a7db8f0a26ef53ee805355a0f6c0419d33,2365,660654452
0x1456688345527be1f37e9e627da0837d6f08c925,2365,660656817
0x9cdb933edab885bb767658b9ed5c3800bc1d761b,2365,660659182
0x714b60aa2d51aedfca076961be65830000e1aea6,2365,660661547
0x03292a26ede6b6e76f6089112aa73c860e45ee8b,2365,660663912
0xdc7d39628855b6013000c9af957e6cd484beda6c,2365,660666277
0x2e9494387868eb9ec6997b711d655de82f53713f,2365,660668642
0x8acacfeefa9bec856ff1227ab45c784f16deef9a,2365,660671007
0x7825e833d495f3d1c28872415a4aee339d26ac88,2365,660673372
0xc65d85f7bda97015c0fe23b8cdca3c5567a526a1,2364,660675736
0x47a5c5d92fb0a21de01e0db95f1b5635ce2ea587,2364,660678100
0xf6b55acbbc49f4524aa48d19281a9a77c54de10f,2363,660680463
0x1d1ae9b37b4a86b346fb4f1a937e9351503956ad,2363,660682826
0x1897ba2b4b0ca517978bee6427740c4993c97f26,2363,660685189
0xb2c822a1b923e06dbd193d2cfc7ad15388ea09dd,2363,660687552
0x70b147e01e9285e7ce68b9ba437fe3a9190e756a,2363,660689915
0x5e365a320779acc2c72f5dcd2ba8a81e4a34569f,2362,660692277
0x9fde91da4abd9ab43d2b535d2328558bda024d71,2362,660694639
0xed0413d19cdf94759bbe3fe9981c4bd085b430cf,2362,660697001
0x6cfb6df56bbdb00226aeffcdb2cd1fe8da1abda7,2362,660699363
0x3c81d482172cc273c3b91dd9d8eb212023d00521,2362,660701725
0xb5670930ef25ba98b87c88f635efd10310fae13e,2362,660704087
0xe0569fd1c3f0affd7e08131a16c06f3381c9355a,2361,660706448
0x3c4cc9858e7cc842ae7663bd3b6559fa343d46a1,2361,660708809
0xdc6ced9424632ff6cb5d66ac1bb96fbf47ebabdd,2361,660711170
0x59907c003c782fb68f30e70bcd3f7397758e6bd2,2361,660713531
0x995020804986274763df9deb0296b754f2659ca1,2361,660715892
0xd03319e1ebf08952f36c3e5c6c323b92d5942777,2360,660718252
0xed40834a13129509a89be39a9be9c0e96a0ddd71,2360,660720612
0xc798cf0f52207be1d63d81677ef2feb27486249b,2360,660722972
0xe8ccceac43cfbb62be5b4e9971e4e26b83389ad0,2359,660725331
0x6a6c2ada3ce053561c2fbc3ee211f23d9b8c520a,2359,660727690
0xf9bf440b8b8423b472c646c3e51aa5e3d04a66f4,2359,660730049
0x892555e75350e11f2058d086c72b9c94c9493d72,2359,660732408
0x8494445d748c1418dd8e29de1420c0a3a908aef3,2359,660734767
0x7589e58b2197ca56bcd186c871d3c9abde35b737,2358,660737125
0xebe4a49df7885d015329c919bf43e6460a858f1e,2357,660739482
0xdfbc9050f5b01df53512dcc39b4f2b2bbacd517a,2356,660741838
0x524c131b86eedfb15ccc81104b1222ae2e16db7e,2356,660744194
0x73dc7e61be8a9deebc1e66559b023904d8ab7e63,2356,660746550
0xc5d7178bbb6aa8bb846bc09683557dc2e44b5795,2356,660748906
0x27cd601336231e6240bea96ee439c6d2b305a973,2356,660751262
0x6006fc2a849fedaba8330ce36f5133de01f96189,2356,660753618
0x2c9a8c2caeb80feb24048587a10bfb6aeff601c5,2354,660755972
0xa2e81c205e38324bf7432aecbd2c7e20c717e1d3,2354,660758326
0x96e8be713f9e9b76d97f74e7836403fb52bb7fae,2354,660760680
0x22f9a70224db49d8b945cd786700c0b5f4d9d25f,2354,660763034
0xc4575b61286053c0ac362f70cdaa17becd90aacb,2354,660765388
0x606fa8ecae9d901315960ecd0509a0895dd9042a,2354,660767742
0xb8ddc930c2bab6c71610a2be639036e829f9c10b,2354,660770096
0x7a3d5d49d64e57dbd6fbb21df7202bd3ee7a2253,2353,660772449
0xa211f450ce88deb31d3f12ae3c1ebf6b0e55a5d9,2353,660774802
0x244bd173a540b5fcea524e173b3fb6841c20ab24,2352,660777154
0xf3d923825eec91d3074c656d9d558e271ed55aee,2352,660779506
0xfcf3295b3b357e3e0d37ac5ee14823e06ffdfbc6,2352,660781858
0x764c64b2a09b09acb100b80d8c505aa6a0302ef2,2351,660784209
0xe14e06671702f0db50055388c29adc66821d933b,2351,660786560
0x2793a23341012e0970cf478bab08606b56504c3e,2351,660788911
0x164be6cb4b37a9d37111c49a3850e870ab3e574a,2351,660791262
0x2ec95b8eda549b79a1248335a39d299d00ed314c,2351,660793613
0x88930072f583936f506ce1f1d5fe69290c2d6a2a,2350,660795963
0xba955e54127a3a98220e19020155488d1840bce7,2350,660798313
0x3925929565e511451abd04c8ecb271a9e249a67c,2350,660800663
0xabb77f5c1e1c61adc3666b62dc614e64c584be6b,2350,660803013
0xe31ced3343f21e5cad5d31163bba5899ee01d813,2350,660805363
0x5d3f186bf6839cac0a67a71695860e65af644985,2350,660807713
0x3e2fa0c9ad72703b74d94f489e5d7542f4454778,2349,660810062
0x761d14e31df7cb453457367fb62a6dccf8ae0afb,2349,660812411
0xb983e01458529665007ff7e0cddecdb74b967eb6,2349,660814760
0xe5bbbdb2bb953371841318e1edfbf727447cef2e,2349,660817109
0x0e8160745966d2109c568230ef515b0dddea1599,2349,660819458
0xdf1d96306970a0e3ad1a3ea8f7b78a32d55fd835,2349,660821807
0x68959b372cd31caec23679d237875764a6a86225,2349,660824156
0x0956544c3eba0cbd63a4b118d2f04ed5a5a1f321,2348,660826504
0x6468890abb29d2dcf9c81e5d3377a61ff5de63e0,2348,660828852
0x573d4cc5d1b1079b84321307b9f3f9bd4ac4a0cb,2348,660831200
0xcda949d0415af93828f91e1b6b130f8eb407d704,2347,660833547
0x471eb7dcf6647abaf838a5aad94940ce6932198c,2347,660835894
0xce6c5ef2ed8f6171331830c018900171dcbd65ac,2346,660838240
0xdec0b3bd49347c75fe1c44a219ab474a13e68ffd,2346,660840586
0x85b4e5d92311e087edb59f49212f8ea37e7b13e7,2346,660842932
0x2440d0ab14686ea821ddc440b63c95809a8ccbaf,2346,660845278
0x07cff9c779702a57a4da4b15ef9a0af58e9472d3,2346,660847624
0xc8197ca043696527f357905885d51878aa3d835b,2346,660849970
0x5a731151d6510eb475cc7a0072200cffc9a3bfe5,2345,660852315
0x0aef06dcccc531e581f0440059e6ffcc206039ee,2344,660854659
0x78cec525ec7bd53b9187378d780a38a7860812d1,2344,660857003
0xdd38296a1592f06312d3ca3599057a403cb76b0b,2344,660859347
0x130da3e198f092fe2a6e6c21893dc77746d7e406,2343,660861690
0xa1877c74562821ff59ffc0bc999e6a2e164f4d87,2343,660864033
0x0f1c029c5d7f626f6820bfe0f6a7b2ac48746ddf,2342,660866375
0x2b5c6649764aa57fee0cd488b2a66797ab54a025,2342,660868717
0xc67eea3b1ead428d9884d5041fcd1c523cf2b9c5,2342,660871059
0x70d6fda8254f42c7f160ecd3e9ae980df231ee07,2341,660873400
0xfce36222e3da2bab7585fc798f3fb256452ac468,2341,660875741
0xf03abaada6f3069aaf3a923769b8d931154c2dd4,2341,660878082
0xdeaa665ab71785ccf576dc76e5fcb5a2283ea0c6,2341,660880423
0x6a03b9455d16de95139b67a0f593ceea64773ee1,2340,660882763
0x65a7704b8882ac2cd95de50540370b190f03dfe3,2340,660885103
0x9c5941b0e22fc11bc2901d78a5913a47fd9c87e0,2340,660887443
0x636435371cd3d7f6e18a03f7428eb51b9cabfc89,2340,660889783
0x99aff0037977f92675b2ff9703f524fdcce6394b,2340,660892123
0xf572096bbb414c6cc0c8915e9bf9e77c89eff2bd,2340,660894463
0x54e21f3d7fee4ae3b6150b9e2381ec7c3b6eba46,2340,660896803
0x1cceed434a7a64d1d8f9bb719fe0d29cbba9f120,2340,660899143
0x0bafb5731805115287e4c25abdc7f6167ab1dbb1,2339,660901482
0xe11148e6d6f8a7b7310367b9c7dee584e6c8c672,2338,660903820
0x9363e6eadf5e307b96f26dfd94f355b95a0e2498,2338,660906158
0xc7448e1e9d4ad94728746f6dcd9677683cb2ee80,2338,660908496
0x7937d4799803fbbe595ed57278bc4ca21f3bffcb,2338,660910834
0xa573661b5fb2063d7ab12336ee24589f7a79fdab,2337,660913171
0x0b46954c970b47f1c39c4c08167970334675de51,2337,660915508
0x627f97d696d50b538b1a8990dabacf12670432ab,2337,660917845
0x515ba0a2e286af10115284f151cf398688a69170,2337,660920182
0x08ad83d779bdf2bbe1ad9cc0f78aa0d24ab97802,2337,660922519
0x82fdedfb7635441aa5a92791d001fa7388da8025,2336,660924855
0x94f31ac896c9823d81cf9c2c93feceed4923218f,2336,660927191
0xae33f9ff483c61cad2b2092c4e49a415d8ebc742,2336,660929527
0x77259103949e942b64b58c52081c601110a22721,2336,660931863
0xb316cb2de8f2e6aed5a78a586f1c8dcc80c48802,2336,660934199
0xb6527cd9e5c0994f5feb19fbbda57d973e3399fa,2334,660936533
0x65f3a59f3ba3853bdfc2344a5836e825eec98380,2334,660938867
0x55934beca7fec7bcbbb4fa582ebea09d719d6cf7,2333,660941200
0x9f0c4651262c4b15ba9a06a69ea2ab4ab5c45875,2333,660943533
0x1f41e42d0a9e3c0dd3ba15b527342783b43200a9,2333,660945866
0x6025f65f6b2f93d8ed1efedc752acfd4bdbcec3e,2333,660948199
0x5568df89af6bc835b876fdc3b2d44ef63530e419,2333,660950532
0x4ed9c0dca0479bc64d8f4eb3007126d5791f7851,2332,660952864
0x0604a9e055268324ed5fa6f39240e72bf6a46179,2332,660955196
0xb962da91975a3cbe0bf3ed5b8cd5f39e909d7dfb,2332,660957528
0x016bdfcf49ecdd9592e493cd4a75048ce09d6d75,2331,660959859
0x9ab9b1b08419a6f07db289a53cb63de4dfb52b2c,2331,660962190
0x6949bb624e8e8a90f87cd2058139fcd77d2f3f87,2330,660964520
0xd6613ba64bacec50892152c4a30b3ef52e994533,2330,660966850
0xc3012ccb3116579c6ae46e6cf066594dbaac48e4,2330,660969180
0x08ed8e144170f3d66260bcc34c8e7484b6dd1ce8,2330,660971510
0x876d74cc2f98de923cd91df971b1cd64092b0ecc,2329,660973839
0x0ef3b2024ae079e6dbc2b37435ce30d2731f0101,2329,660976168
0xa9e48067998b18cb36f964e18b5f36f191b3b025,2329,660978497
0x9e1ea9cd9bbb5ed68cf6684c0bece2889c402c41,2329,660980826
0x30aee7f259d6d1564ebef457847c672b30f13cbc,2328,660983154
0x8ff591a487d9bcf725dee975a83ea5173e034807,2328,660985482
0x7a2ab08612bd07c8bf661883e21240f49b58e944,2328,660987810
0x06677dc4fe12d3ba3c7ccfd0df8cd45e4d4095bf,2328,660990138
0x6d92ed37522ae8e88df963a8a0ccf205d3530318,2327,660992465
0x61b2d3ea9f1c6b387c985c73d40e8fbfb284e5c7,2327,660994792
0x0033fd5819c111e5be558c52bd42fdc7481a94f1,2327,660997119
0x20516624de3cbe267a514fe91c31477369524fce,2327,660999446
0xeed1c24eabcf0d8c038dd23dac0a0e73d6df91d3,2327,661001773
0x4b5cd0295faf19c4150f74ea405451b554c3c888,2326,661004099
0xd442fec2f07ad160804d7e879625147eb4003a07,2326,661006425
0x862671c56a11ebdbbbac9ad32ef424cdc7bff76b,2326,661008751
0x36bad3674ec10b445cfae90be445d15cffd47f36,2326,661011077
0xa3114b268ff4327525fbc0dd5c48e0b4304d07b9,2325,661013402
0x51554df31d66caf5234bb40f6134dfaa3b66d055,2325,661015727
0xa3474b6fea4802ee64c74862ffe5b480ce55fd96,2325,661018052
0x487e0ae63bfd8364a11e840900baad92d5af7c42,2324,661020376
0x2239df7104fd3f4a5e464e108506e76c47858a20,2324,661022700
0x347f316850b615a3542b6503bba01b71aa8df963,2324,661025024
0xe1635d178fa38a57883bc67bb6e4d61ae2f6f932,2324,661027348
0xbd9267a87e39a96482b8c52604ec22b56f909600,2324,661029672
0x0806552bc66a44d9ebe4af007cbb93114c4c0a76,2323,661031995
0x2c7526cc573e8644b91870d0caa4053f84e9f98f,2323,661034318
0x201e042af5fba810daf8fb030ce33453841d3efd,2323,661036641
0x7b171c08d812f9c642dcf61f7e080610cbca64b3,2323,661038964
0x1b4052d98fb1888c2bf3b8d3b930e0aff8a910df,2322,661041286
0xe4118b0a75cebe628cf89304af2ae7a53ffcaf4c,2322,661043608
0xc68b73d9509f5343602480656f5da512a5a20b9e,2322,661045930
0xce47ad69a96e41f4b95369621d4365b97e818d7c,2322,661048252
0x1f6bd8766f8a8aa58f7441c8dd3709afa3a56202,2322,661050574
0x881e1344eee25ce7de2f4857ba86b04df8f77bea,2321,661052895
0xba0cf87004d92933037648261d2eb6a8e70c5ec9,2321,661055216
0xe23fb31dd2edacebf7d92720358bb92445f47fdb,2321,661057537
0xae2fee3d128bd7a3771b2e9e231a0585e5f71064,2320,661059857
0x1237b0d12b15e3c609e37885597bfcad85745cf1,2320,661062177
0x4d0dedf102a10935b4babbef0bcd10bb9499f6c8,2320,661064497
0x5f38c21fdbd33c167d81267b9dcacd9fb0118cb7,2320,661066817
0x23cc8441332c5c721061acf14748858f451dbc80,2319,661069136
0x71ba91dc68c6a206db0a6a92b4b1de3f9271432d,2319,661071455
0x3012d31fcc4b6a7fa03bb0af1fba9639f405edea,2319,661073774
0xf676d83f0afdc3c61174fc0af2bde9637ab6ebc1,2318,661076092
0xb66c60a273fe43b89bb11200781650faf2ab734e,2318,661078410
0x872fa1c66a7c773a10d78d4d53f79ddebd27164a,2318,661080728
0x06dc1e57e0ae45f4fd6b1d4d52d1370fafd21dcd,2317,661083045
0x094d4e0dd9f1e5d43138fd2a914dd67b94571b3d,2317,661085362
0x0300ce31fa12c56333622d16d9c85444d42c8ba7,2317,661087679
0x17865f468c589ea1e71d06f312ff0dff1430745b,2317,661089996
0xa7374ef9347e4f813671998943aeb741d07ce3cd,2317,661092313
0x6828bcf74279ee32f2723ec536c22c51eed383c6,2317,661094630
0x009c80eff4f5d8fca2b961ee607b00b9c64ef9f2,2317,661096947
0xc8c5233cd4d84b95bd1e096ca0d4534c3c6a689b,2316,661099263
0x687f246844fad1bcab48ce77139854594991a98f,2316,661101579
0x4a48a334906f1a323628ee3eec33e8cce7bd2cfc,2316,661103895
0x3c68a09e044ee34908843e3b50fc2c62e69191ff,2316,661106211
0x9908452f3e3ccbb5fba7c2acd2adf712a3da898b,2316,661108527
0x36bae77a5b292c1ca5dc38c6b40a2a6504bb83f5,2316,661110843
0xf7e5485c67e0e79defb790760affee423a27a123,2315,661113158
0xe0366e824e21301ea538e248d8e4960fbdb29f3c,2315,661115473
0xedc91bcefd85a4ce5d10c15221b71a73fcaf7b6c,2314,661117787
0x9a49f02e128a8e989b443a8f94843c0918bf45e7,2313,661120100
0xb1fbf469efeb83a1223bc061d5be22ba99c26012,2313,661122413
0xfa7282dc24e7113bc35d8a6616e4a8addbf9a9ec,2313,661124726
0x4923594ca2149a9939cd4c2ad7b0a1d745bc2b32,2313,661127039
0xe6b8b5c49d83619e91a57d50d169eabee8f91f6b,2312,661129351
0xca7b04470a2a30d74f7d73eb4eebd8bc86cc45ac,2311,661131662
0x7c4c93d480e7ede7a950d79580dcfdc01699be1a,2311,661133973
0xb64cd4f56043f8d80691433e395d08b1bebdadf0,2311,661136284
0x14bbc2e31bd691054c525050827e2ce53a554f23,2311,661138595
0xf740f77756762c87c0ab44e20fb4b90d2615b894,2311,661140906
0x494451fff2700c1d237c2cec60e257569dbf5d84,2311,661143217
0xe9516faf59c463e2250cb3206153687fbd51711e,2310,661145527
0x223bc79156cbb0a6d175ea6130cb382d01868df8,2310,661147837
0xfb3b4d413fb8df96c6336e8dd103f8af38b48f87,2310,661150147
0xc648a0e935e7740d0bafec256fc8e1239d74c401,2310,661152457
0xef7bce1be2ba032131326910a6c11e716daedbff,2310,661154767
0xf4b54874cd8a6c863e3a904c18fda964661ec363,2310,661157077
0xf0ccca32cd300356629216eb301ec6649c7c6adb,2309,661159386
0x9f1f08e579b8739ca28f30f46f5147caad98327f,2309,661161695
0x585a546a781176fbb306caa4e4198a0a560964d3,2308,661164003
0xa83fcea9229c7f1e02acb46abe8d6889259339e8,2308,661166311
0xef3742218c6099b533f7ed6fa7d9334ce6cb17b1,2308,661168619
0xfb673f08fc82807b4d0e139e794e3b328d63551f,2308,661170927
0x616a74e4895bfe762da00b95877f25bef0d0d3c8,2307,661173234
0x907301f0bde726fa9c65515cc2ea0aa5ac7ad144,2307,661175541
0x6e7706b25ae547a0ed62b4bf477eaaecd080930e,2307,661177848
0xb67dd56ebcb6fe8157f2150e7c70734673d2bd7a,2307,661180155
0x5e72b08dd0b16bae4d03bd647cc8262d516e113f,2306,661182461
0x11f4c6b3e8f50c50935c7889edc56c96f41b5399,2306,661184767
0x7907d0e8665a7f74f9418758cd001fc51830d816,2305,661187072
0x7ecbe2a5eedbb39c6eb460207ac0b10463835d71,2305,661189377
0x7f8a578163d5d09c302f48be17a45ee0e26694ad,2305,661191682
0x8c99f95c2a95dac71985f8a6d409c0d600dffd07,2305,661193987
0xe1f6804a4ec2bcc76910b6557504e63891e83aba,2305,661196292
0x87e5212a30135d562501143cec9f95ffb1de4e9f,2305,661198597
0xfc8c63575bbb5c3a2f4e4900d4f2f6e8f1fe9602,2304,661200901
0x02b6700c0282a687d66f3e09723bed55f23d5b83,2304,661203205
0xd471b6755eba924ad94dd9144ea50022010efccc,2304,661205509
0x7e2a54ced53bcc12c6b537537da24c5a3c450844,2303,661207812
0xdf61756a3f3f97e0bc6b8df9caebf8c44f548541,2303,661210115
0x807b9487aaf00629b674bd6d02e4917453bc5939,2303,661212418
0x4495e02eeae75b3dad6a61162ed7704b7d1216a4,2303,661214721
0x4f138e1ceec7b33dfa4f3051594ec016a08c7513,2302,661217023
0x9e49f60c51e293cb3bd38d3812d8b004eee3856b,2301,661219324
0x73a052500105205d34daf004eab301916da8190f,2301,661221625
0xb1ec548f296270bc96b8a1b3b3c8f3f04b494215,2300,661223925
0xd55bd2c12b30075b325bc35aef0b46363b3818f8,2300,661226225
0x7f38562f19bdde3b87b568262b71d5553e368cbf,2300,661228525
0xb9d6ce05a2cdbc4572bafbef179cd37bdaabe942,2299,661230824
0x1bee451812e0d7013aa152f885c5b6c529e46c72,2299,661233123
0x06675fab4f2ee296688bf23e0293c75f2bf16a29,2299,661235422
0x2ea1016f08ebb55e2c4a5b5f167306c2aa634d6a,2299,661237721
0xf65e8112cc68f49933d06d54d1eff5afc76dfd09,2299,661240020
0xf4f8ab8c5db70c8aa8fe22fd8a86505125ef2b3e,2298,661242318
0xf194c4f6cd4e0518f224c04650f396165b5a69e3,2298,661244616
0x5e8db03919f5e612f2471492ce3d1bf239d2f234,2297,661246913
0xb630a38cb8b5f3a00df576415e5efd20b7cd5e28,2297,661249210
0x09df6a5ca936be45f5ae45c7e58c9b4602011fcd,2297,661251507
0xb3c61539af156438951ea6cd48756d22a48fce62,2297,661253804
0x5b7e8a24ee980aa728a42fe18a8c5f54beff7928,2297,661256101
0x3f6c55f4c89c6aea164947b951dab5e6cdc02da6,2297,661258398
0xb323cb557a4472319f7f64c5e5f295fd7168af8b,2296,661260694
0xa231134e4ad1f3b491a325fa66f22dff67d75861,2296,661262990
0x171b6fb568f1be7953d4f482d0aebf06fd716d00,2296,661265286
0x2c36204a0712a2a50e54a62f7c4f01867e78cb53,2296,661267582
0xee6232ce469f9398e49609d13910daa7a716c2c7,2295,661269877
0x09974b72e5514131ca2aa032d77a54d9e364833f,2295,661272172
0x8b39006703b62359452c3c484164afdfe5b779f7,2294,661274466
0x917d6480ec60cbddd6cbd0c8ea317bcc709ea77b,2294,661276760
0x3aa5f749d4a6bcf67dac1091ceb69d1f5d86fa53,2294,661279054
0x4285da6bdbcb7470c80f2379d6de6812199c6b19,2293,661281347
0x5bd7be2057e7c39807a1743c3bf0e8dc8e95d8ed,2293,661283640
0xb1d5a03d2ff72f7f226372c4b2fa7b50cd9d7910,2293,661285933
0xa678cad8f13c0f8b88ed5fee227dfae1e6fe218e,2293,661288226
0x47f9b6afaf9938c25b2d3efe5d77bf9f64c59548,2293,661290519
0x2f9b6779c37df5707249eeb3734bbfc94763fbe2,2293,661292812
0xeb6f4ec38a347110941e86e691c2ca03e271df3b,2293,661295105
0x8ef47555856f6ce2e0cd7c36aef4fab317d2e2e2,2292,661297397
0x16c11dbba92aa59a0b67217841cf423e0f9be8b3,2292,661299689
0x596fa7f501f5456dabe8ca4aeb57ba5618d5a47f,2292,661301981
0x837d8ecb25646635956c94f5acbd1e60a0b741cc,2292,661304273
0xf7b9ac0c5270e647cb480c0a47e4322ced2da891,2291,661306564
0x23ae28b66eb5224f010a5e3f01c3c96e268ea79a,2291,661308855
0x78768f633f8d30014a851765f5a1a762b13a6305,2291,661311146
0xe5241e2dcaff3ef070fd161b37f93480bd81d6aa,2291,661313437
0x2bda5b625d3b50848e8563480ed50ec782dd42ee,2290,661315727
0x1fc31488f28ac846588ffa201cde0669168471bd,2290,661318017
0x48d21dac83a6bb34b07c032a253f5cad4a47dcb8,2290,661320307
0x2dbe0f03f1dddbdbc87557e86df3878ae25af855,2289,661322596
0xfae2809935233d4bfe8a56c2355c4a2e7d1fff1a,2289,661324885
0xcd75ca933043d80b8998e2f6902b8dd88ed85e82,2289,661327174
0xba45eebaf4f5b4d70d1cbb8cba87f7de1271c897,2289,661329463
0x33ed80d4ea8361bcbb9fa7ac121773e3dbf0c4c1,2288,661331751
0x1fe72034da777ef22533eaa6dd7cbe1d80be50fa,2288,661334039
0xe5ec2d437920240cb482159bde0a1fde7df351e9,2288,661336327
0x30689375f7ae75fb85d3a9cb7058ff231dd9f91c,2288,661338615
0xa51156f3f1e39d1036ca4ba4974107a1c1815d1e,2288,661340903
0xed0889f7e1c7c7267407222be277e1f1ef4d4892,2288,661343191
0x4938960c507a4d7094c53a8cddcf925835393b8f,2288,661345479
0xe6279e1c65dd41b30ba3760dcac3cd8bbb4420d6,2287,661347766
0x3c2cf21b9d4b543b93a9bcfe637f673d8bd944d8,2287,661350053
0x9fdc15106da755f9ffd5b0ba9854cfb89602e0fd,2287,661352340
0x8424c5ac326834b404742de0067bcb654e86be30,2287,661354627
0x3631a32c959c5c52bc90ab5b7d212a8d00321918,2286,661356913
0xb53e08b97724126bda6d237b94f766c0b81c90fe,2286,661359199
0x3ea4b8dfbfffb9285522c6b9843dea709a894640,2286,661361485
0x479a8666ad530af3054209db74f3c74ecd295f8d,2286,661363771
0x2b4ea7c2ab7c693039b8a52e5a85206e2a54aa4e,2286,661366057
0x9492e713775d54e9cc1c89a9703c470af41ebab8,2286,661368343
0x67287bbf55da69ab76a32dc87487097ad9b89c2b,2285,661370628
0x1500c3e5a5185bd4cededccd84e3e367ed7d64bf,2285,661372913
0x6982e4f4b6269b0febaa60b788fedac2518c7bcf,2283,661375196
0x3395167319297a0806260e87a329885f20e13da2,2283,661377479
0x1ee312a6d5fe7b4b8c25f0a32fca6391209ebebf,2283,661379762
0xdb3516d4c062180e5e947f21c9476ff24d4a0900,2283,661382045
0x591fc7f97ebba956ad9c11dbc15e405744c78b33,2282,661384327
0x157b9d66f864b2c2b8228efd4ad92b38410e4fa6,2282,661386609
0x3fd6e39726e9dd3441ed8158478fd7d300ea63e3,2281,661388890
0x49445598dc7e4d02de22318c525eba18003b6261,2281,661391171
0xfe3bc42ee764ac624c46c6e5b1707fa778223ce9,2281,661393452
0xe9b9480767774ccb29f3502629bfab1ed74bee36,2281,661395733
0xc502c37f8b801e9144e785fcd7817b6a85529a95,2281,661398014
0xd3410a5561659d27e22d79c28917e45a4acfc5b5,2280,661400294
0x0aeb7868762e19310ff5111cd027fc22b9429c01,2279,661402573
0x153cddd727e407cb951f728f24beb9a5faaa8512,2279,661404852
0xab56bf224d2df22f141e5ff92e3b9a6ccabcf66a,2279,661407131
0x0723105914f7050151e5f8b941e09f826b11f6b8,2278,661409409
0x626102899099f7f92a743d53fafc39f51ff27252,2278,661411687
0x61619829e37eec26d94a514c4ab88897aa0c1e7e,2277,661413964
0x3fe2ef1dfb1595195768627d16751d552586dce8,2277,661416241
0x86e44543164d9b97b14ef7f6f3ab7ba670cab346,2277,661418518
0xb8981acbbf7da95a8ff6df79aab935ce63434fc8,2277,661420795
0x24a1dde6b4f0c144dbe3420f50ec1f5cc56e2d58,2277,661423072
0x5b46b3705dbe773ffa878aa4ff064522ce347275,2277,661425349
0x83bbca966537302f6c5cd903ed0f7e614b2f0f9b,2276,661427625
0xc4bfcf8821dbe9681f81e8213bbe1b7cabb78f13,2276,661429901
0x3c4432278fc4d6b23112393cd80d82edc8f24e39,2276,661432177
0x157074c3edb43ec1025c318f21d0e4051199b5f5,2276,661434453
0x39ce7a9282815f65ea15135c777fa6f4bb961eca,2276,661436729
0x4022c5c4c2f7876230a473b67521cb42a086614e,2276,661439005
0x532843f66375d5257ea34f723c6c2723ccf7b7a2,2275,661441280
0x67bb1880e92b47f4aece7a1cda6722aba2736d03,2275,661443555
0x661b94d96adb18646e791a06576f7905a8d1bef6,2275,661445830
0x0b1d5984085fd2fd4819ccdcb026dd7a508526b0,2275,661448105
0xe968ad47b1c071ea3905ef982833552a495d6213,2274,661450379
0x107c33e828ff3c995ed8df2ee20bb3573aa62d56,2274,661452653
0x0ace32f6e87ac1457a5385f8eb0208f37263b415,2274,661454927
0xfdff4c1ad7712cc11725ac4aa1eed5fb687595f4,2274,661457201
0x47de248fdfa35c3911049cc0ad8777fa24d60e6b,2274,661459475
0x0e5fabe66b50c216f2c9f6e9ec6dffb764bc1c90,2274,661461749
0x7c7c392ab2f9a74bb79ab9e6b1caf6bae0f0f14c,2274,661464023
0xb7481bdde3dad5e82e307a507b04453dc85b2680,2273,661466296
0x4a008b542165fec7ec3343a35ceed6bc4f6b2280,2273,661468569
0x1efb690e9316e565637da560a2f157150a35294d,2273,661470842
0x3dc9304fbf2cdcca367fc8e80293c813056d9693,2273,661473115
0x70d0907b064ab5c86849d391124f62ce9bcbf597,2272,661475387
0xc27ff054d5603bf3c358c5177f1ad3b19acc6b76,2272,661477659
0xcc6cc2f648686af73d1efbe7f9b7e4ae3566652a,2272,661479931
0xd6b7e294aedd2f3bf37991b26ed53c78ecc1f2a0,2271,661482202
0x5986d909b2fd4e8a613160ffa58e1cf067763133,2271,661484473
0x39289747ccca36c4e4b64ec5ceca2f5ac087034b,2271,661486744
0xe22c5615dd79fe3782d8de2a5e7d0564eee6d76b,2271,661489015
0x1e258ca7cca4513a219e2e0d0dd29e2888b3ba4b,2271,661491286
0x0c15e28047fe0ed2cc897cf36c5c5659571a8624,2271,661493557
0x71e1f8e809dc8911fcac95043bc94929a36505a5,2271,661495828
0xed30dd7e50edf3581ad970efc5d9379ce2614adb,2270,661498098
0xcec2387e04f9815bf12670dbf6cf03bba26df25f,2270,661500368
0x8e2332601fbbd1b7a53c08f8f3de3134527646b0,2270,661502638
0xf150801ef15d8dbd9fc1c035e84ef6ac83dd3ef3,2270,661504908
0x73e62944ec0606dfa5c58b07d0e4efcf18b81337,2270,661507178
0x2f251d32d024938c4f98cfb8b22a2d1af0d3167a,2270,661509448
0x429d83bb0dcb8cdd5311e34680adc8b12070a07f,2269,661511717
0x8fbcb3f7a4c48dd9500ba20b5254c08d75403ba1,2269,661513986
0x924175a7ce9808cd9da18d152dc8c13fd28757a5,2269,661516255
0xdc731cb859f04978263e33c13986cebefab36d07,2269,661518524
0xb6aca06a3588f4ce5ce33a1a7e9152892b250ca3,2269,661520793
0xe0e05c43c097b0982db6c9d626c4eb9e95c3b9ce,2269,661523062
0x720856efbd0e77dcba6a1e8dd4d5c23e5f31ca15,2268,661525330
0x6287f59eb93c85b02b0d7ce11b5df51823275eb5,2268,661527598
0xab73a739729a21b2299761408507556d2719af89,2268,661529866
0x22dccfa39dbe59cd3f27e6531b33b5101bb2a70d,2268,661532134
0x58ca3065c0f24c7c96aee8d6056b5b5decf9c2f8,2268,661534402
0xdfe691f37b6264a90ff507eb359c45d55037951c,2268,661536670
0x715ab2c7e8481dc290250a3695a6505728fd1cdb,2267,661538937
0x043d14c5d966d35e7bf1eaf04696ee3fb65cba09,2267,661541204
0xce4fe9b4b8ff61949dcfeb7e03bc9faca59d2eb3,2267,661543471
0x72519fa6cd095c99d5d67e31ddc117409bc5c047,2267,661545738
0x8013d06a86f341afab95f82f6487e44c4dc0c655,2267,661548005
0x6c1dfee2b2ede28970b666fc8f2ed47a8f9399ea,2266,661550271
0xe79f6f7aba7a0bf3344c45994a670a50ddbd3d0f,2266,661552537
0xd69f80e7ecb6f68abd639ca874bca8140d8755e5,2266,661554803
0x560b06e8897a0e52dbd5723271886bbcc5c1f52a,2266,661557069
0x77887bee75eaec95b1f2889c069615b131e7dbc8,2266,661559335
0x479eccecde65e3350d4b2305e42026f6dbae4a18,2265,661561600
0xecc9a64752b25574a029b578023c62c67262a0e5,2265,661563865
0x25f6b1587709b306e710eb2f0b1eeb2c206c78a8,2265,661566130
0x7ad8c6130dbc91dc402b3f0e876976034169be44,2265,661568395
0xd803a6c40af1d735c5d1099b6fc5a845f6d59f04,2265,661570660
0x5d81f0792705d143d3ca7d86b8db5a345c088d83,2264,661572924
0x19d6f7989e5550792546c509758e830413e12599,2264,661575188
0x333c747adba7f7dac065ee2b32234aa9e63c1e38,2264,661577452
0xd161467a8948ba67430df96d98324c6c0064ca68,2263,661579715
0x18204e96fd4fef8eb05448aa85fa9baa9514873a,2263,661581978
0x87bbb9d32c5a10f3129e63cd96349342fcbd5972,2263,661584241
0x1f8e87aa0d8255a503d9f009f2e41a799b98706c,2263,661586504
0x286708f069225905194673755f12359e6aff6fe1,2263,661588767
0x3a10cc47571b341e7edcb97bca9f287994baa58c,2263,661591030
0xff60d81287bf425f7b2838a61274e926440ddaa6,2262,661593292
0x410903bff34f4d7dc510fbfd15e5ba68c7218130,2262,661595554
0xd233495c48eb0143661ffc8458eafc21b633f97f,2261,661597815
0xcde79f10b689a716029d0edb54de78b1bbc14957,2261,661600076
0x69c3aa99e387d03d132b9afef6c3faeb98b930b1,2260,661602336
0x6b997fca55e86e978eaa04cc520112318bedad57,2260,661604596
0x071ecb8a06d60b4d9dc53676ae2d0d7514ed4c3c,2260,661606856
0x4a05cc9883938eb295f0189f6422d6bf4d90fe12,2260,661609116
0xccfb26afb08060cb12d495d514c7de1cf9e998a9,2260,661611376
0x832904863978b94802123106e6eb491bdf0df928,2259,661613635
0x93ecd2ecdfb91ab2fee28a8779a6adfe2851cda6,2259,661615894
0x956cdac781389d259de92e427ecd86e1cc273f7f,2259,661618153
0xaf3b6cf6b25740af51cfebcaad5bae2ca12856f0,2259,661620412
0x6bf9e32f4d3923b29c94fd61effab8e1441e98c4,2258,661622670
0xe0e9ede8a01aa6f7f0e23945738a6c6173adc3a0,2258,661624928
0x8a4184de727d459b831fd2e44f0540e926828bf3,2258,661627186
0xd552119ed44ec8fa8f87c568769c67bd02b5b3fb,2258,661629444
0x485e0875dd37708cd4e130106b905622ef5854e2,2258,661631702
0x06383178f7f8a8a0066d367a3020a2007de6c522,2257,661633959
0x19d7a9ad3b49252fd2ef640d0e43dfd651168499,2257,661636216
0xfc023a87df35b13a57c7bd51b327c1db9e8439ba,2257,661638473
0xff9a70e6d61e2ca5890878d1da3d1e010f81b991,2257,661640730
0xe6e6b2e1c1bee7fb3e77fda8f17cdae642085b9c,2257,661642987
0x28681d373af03a0eb00ace262c5dad9a0c65f276,2257,661645244
0x5179bc7b6e90719b17cea1feb302d1c5208a1bfa,2256,661647500
0xf02904cbf8e5134aeaf45626e96b782ed233fe04,2256,661649756
0xe1f101cef8cb70cdc9c01c9a9c8637b4dbb61d9c,2256,661652012
0xf030b8fbe57c4498298449fc78a0f7054a5ef76d,2255,661654267
0x9ee9b0a3a49e01225c0c3498e4a624492954b4d2,2255,661656522
0x8ec1e915a8cf52e8648534243dbb1dd901561150,2255,661658777
0x973b569b1d025c41cd9c19cbf8f931175e874dd0,2255,661661032
0x63f0aff85cbb2f4c76fc9e32d271783218859147,2255,661663287
0x1ec96caf1d45a8dfbdc7e6cf6e64a73574ef1070,2255,661665542
0x1d2667ef7bdeb5f700037b5a4a9686822f50798c,2255,661667797
0xd9b312d77bc7bed9b9cecb56636300bed4fe5ce9,2254,661670051
0x8ea9ae09fa0e61af9e3c412f678ae94af38d2660,2254,661672305
0xe1d7c67221d414d95cb5a9089ba364cc17a9eab3,2254,661674559
0x126c121f99e1e211df2e5f8de2d96fa36647c855,2254,661676813
0xd03a39b4800f8254708697e463528612164b9f3b,2254,661679067
0x11c70caa910647d820bd014d676dcd97edd64a99,2254,661681321
0x79893c7950511a28be329808d2223d3486730344,2254,661683575
0xa417221ef64b1549575c977764e651c9fab50141,2253,661685828
0xd6e194af3d9674b62d1b30ec676030c23961275e,2253,661688081
0xc4ce91d1ac3032ef734bbecd2af41f10c0f293ef,2253,661690334
0xe8e430ef6e38782298616fb614ad862cba6e3946,2253,661692587
0xd9327279bd3fd58414f197bca4b8ca32ba150302,2253,661694840
0x418fb14ddbba88aacf6a1dfc5bb185d2dcef270d,2253,661697093
0xc870c836aeb9d3987373ce04fd98c394ef03a732,2253,661699346
0xad67f7a72ba2ca971390b2a1dd907303bd577a4f,2253,661701599
0xd96b9fd7586d9ea24c950d24399be4fb65372fdd,2252,661703851
0x7f364003609004e83e96412a9d6f9794a91a5377,2252,661706103
0xda78bd40e532d8382429a56827ffabb6de60fa04,2252,661708355
0x667100c5ceeb56ac8fb33695c4d91a802fca749b,2251,661710606
0x97aee1db450b47a626be8491a5ac91d06ef62871,2251,661712857
0x510fdf9c35c17180781387c75797fcbc073f6437,2251,661715108
0x0e5370b735c00d2b79821caee05eb9a8ee7761f6,2250,661717358
0xd1d1f534d54f66a6d4c8a2267feb5b391ae30fdd,2250,661719608
0x95143890162bd671d77ae9b771881a1cb76c29a4,2250,661721858
0xc46c275695edc95c645133124eb13601507863e4,2249,661724107
0x3863ea7577fc91bfbaeae6a6a3e403524afcf787,2249,661726356
0xd1ce8888b962022365a660b17b4b6dcfa3c7ce7e,2249,661728605
0xf63b34710400cad3e044cffdcab00a0f32e33ecf,2249,661730854
0x7c444720664c7876004bcdfd786ff8c905add5f1,2249,661733103
0x42d03f506c2308ecd06ae81d8fa22352bc7a8f2b,2249,661735352
0x3f7ba8b8f663fddb47568cca30eac7aed3d2f1a3,2248,661737600
0xa1116930326d21fb917d5a27f1e9943a9595fb47,2248,661739848
0xccd7ce9ec004bfbd5711245f917d6109813a909c,2248,661742096
0x41082ec88f80d5159bb20ad18d7034522216eb14,2248,661744344
0x4cd21c26b704c0b0ab30d4b4dbcf16245c13421d,2248,661746592
0xae9390ad611eb885805873a8b4f8a705d17bb06f,2248,661748840
0xbfbb9b401114e367f7e174cdf4fbb8fcc0585fcc,2248,661751088
0xb8e35d3ce6dd30dcbca9ae41eb349132544a2e45,2247,661753335
0x971d42406b8ff73fbedbaacc9e65bf9f37169b98,2247,661755582
0x81861be55d35a123900c2592005e0f0f675fd0d2,2247,661757829
0xc5088267356bd817d40c6acfb12a747555a0afff,2247,661760076
0xd0608c8e0f502be4f1006ac277834cdd2999c5c1,2247,661762323
0xf3c13bb0a3e6af67ba538a4b050496d90d5d6b24,2246,661764569
0xc58592a50f1404c2b9e370b3284c8d9fd5e17602,2246,661766815
0x2c787cd0b4b342b5d4606e4fca61a9d85fd6d32f,2246,661769061
0xe3782b8688ad2b0d5ba42842d400f7adf310f88d,2246,661771307
0x5eb371ad5737f5cd34150d5afcd87b0666f3f4a4,2245,661773552
0x4ce47b4e5f0ee1118b6a064dbb3b3ed2edcffd9f,2245,661775797
0x1ab10f3901bed958ffe40f9241181cb323918c41,2245,661778042
0x22e84cb17a55d618138911549e28310a84f888de,2245,661780287
0x28ae4e7ebd760a31a64271b8a40e262cb79e2ab6,2245,661782532
0x9c3619de983ee58ba207b0242f52b26ebe46610a,2245,661784777
0x3ca98516fb32ca33c03b3687013781d8d8e48c7a,2245,661787022
0x598f3a962377d8bfd970d835ae95d4e94ef218ee,2244,661789266
0x16723234c2f30bea552bf938142bf56a1b1966ac,2244,661791510
0xcb9a22a16e3879283c1da182491403ae7cb15501,2244,661793754
0x973e57923da9c67670b52a95eeb93697113da276,2244,661795998
0x50ab20ebb1c4a37c786bde571e8dac00e814de45,2244,661798242
0xe13c7a477e1357c8d9c0846cd857378016bb1ac3,2244,661800486
0xfcf1d048fad53ff6afb801659cf8b7fa2468d170,2243,661802729
0x267c0dd42c7bda29cb2b424ceee439f38a76bfdf,2243,661804972
0x37c88474b5d6c593bbd2e4ce16635c08f8215b1e,2243,661807215
0x1f4a9567c1f98a8c9d7f026827f099b41a2e54d6,2243,661809458
0x7afac1d878c66a47263dce57976c371ae2e74882,2243,661811701
0x18865da6279fafeddb0043ed7374b300116a52b2,2242,661813943
0x5cfd4ee2886cf42c716be1e20847bda15547c693,2242,661816185
0x6ab4a7d75b0a42b6bc83e852dab9e121f9c610aa,2242,661818427
0x30f2e48cc6d844b5fb7a8bf63cb9c4bbf0707b7b,2241,661820668
0x2205924f40e9cb48be06eaea132c21c76133fcbe,2241,661822909
0x8b47d90fffd9af8680567afe46776491aa5d69a0,2241,661825150
0x4740c758859d4651061cc9cdefdba92bdc3a845d,2241,661827391
0x695db6508d66bf111d8d96adaffc5356b7f4581f,2241,661829632
0x9edeadfde65bcfd0907db3acdb3445229c764a69,2241,661831873
0xeabd4b333acf4a6dda320c2d9d8c4778c03191fb,2241,661834114
0x9b00e6e8d787b13756eb919786c9745054db64f9,2240,661836354
0x55eb4f1e25a56ae572585b610484aedc797190fb,2240,661838594
0x2c5edfac427588d93cbc7553e0b07de5c09d7563,2240,661840834
0x32c59b8fee850d585f6ec7db8a0ba7b143cb4763,2240,661843074
0x9cb8245eed24740b2809301ed542d9872ffe3cd6,2240,661845314
0x025d803c0e087e88aa7021984dcd87dc0a25be13,2240,661847554
0x34c41b993f72b010e19dae831f68bb5d6e306b04,2239,661849793
0x74603e780545d02c4257e7d2be19c74de7be1952,2239,661852032
0xe45cf3b7bb77ea59fc91695f09a62a2a65c58cd7,2239,661854271
0xaea4d6809375bb973c8036d53db9e90970942738,2239,661856510
0xae1a2cf05deb0462fea06a2e81a0ec2df5b9551b,2238,661858748
0x7e10467d22884c6b1bee00b967180e4eb59c6aa1,2238,661860986
0x43b5edf7562980c53b3f1f7e3a7aaf12b86b35f3,2238,661863224
0xb344f584e002e2ad84a71a60e395ecd057060d19,2238,661865462
0x297ac8bc7540bc241f065fcc22c570b40170b573,2238,661867700
0x6bec54e4fea5d541fb14de96993b8e11d81159b2,2238,661869938
0xb2ee4acf44b12f85885f23494a739357575a1760,2237,661872175
0xb5c56b444a56053c22132e82899df9187116dde3,2237,661874412
0xeafeb35076d61ea2b0eeed2a31db61b07d2835d1,2236,661876648
0xfd0df7b58bd53d1dd4835ecd69a703b4b26f7816,2236,661878884
0xc8d2881128dbe1534495a85edf716278b892c037,2236,661881120
0x9b883ad2877400e85f865da30f2bae7f3aadd39b,2236,661883356
0xe41d15bdbd5688625675f2da55f1e2d568c9fc0d,2236,661885592
0x292317a267adfb97d1b4e3ffd04f9da399cf973b,2235,661887827
0x9fc33a1675f40ad57cd3bac572bac321523cc8f7,2235,661890062
0x055be5ddb7a925bfef3417fc157f53ca77ca7222,2235,661892297
0x57f5429a31e7a1cf3a3ade75372846420f949847,2235,661894532
0x277f5aa60c277aafa22f393d85af1cd037836343,2235,661896767
0x698ff47b84837d3971118a369c570172ee7e54c2,2235,661899002
0xe12a03aea96dc56fb8007ec54fcfbdd61965d925,2235,661901237
0x3d9c6c5a7b2b2744870166eac237bd6e366fa3ef,2233,661903470
0xb72714c89f6761c9be819beabd21e1fdd7c5cca0,2233,661905703
0x9334e7ed4e26961989220ee49af340c614d0d7d4,2233,661907936
0x26ddf6cabadcbf4f013841bd8d914830beb0d984,2232,661910168
0x5d08a36a46ee2ea2722a3b101a2a576341b8ddb5,2232,661912400
0xeb1590675620b99d4dccb435e2d28a0918f9a6e4,2232,661914632
0xc0c2d062306fe840e11f7fcf394df831a09ef20c,2231,661916863
0x9e51c5f933e1d9f4ab081da31fd0787d6d6023a8,2231,661919094
0x085a9340ff7692ab6703f17ab5ffc917b580a6fd,2231,661921325
0x90d2f949ceafedfabd4bbb15c1f70ba9c7a17f2e,2231,661923556
0xbd9d6497332d9c5affc9e1a70de5b043363090b4,2231,661925787
0xc9c1c274137e6681878e0860ff14b9396e9771ce,2230,661928017
0xe7fb3559358a99df54466d0350e4ad6dc7093da3,2230,661930247
0x5fc41756f83c30daced47d1ce050081a21d95b8a,2230,661932477
0x4900928ff4dc0ab78775104c7cd16c65adf1c42b,2230,661934707
0x7da9fcec7d8cd0e13d0dac193fffe4cbe888814c,2230,661936937
0x0bf6261297198d91d4fa460242c69232146a5703,2230,661939167
0x0603c4ff2daf586df9c445bff133ef86dfe7d656,2230,661941397
0x5d4bb541eed49d0290730b4ab332aa46bd27d888,2228,661943625
0x696a89e6dfa39b1c8ecf9ad86e826205ed17a8d8,2228,661945853
0xa1d7b2d891e3a1f9ef4bbc5be20630c2feb1c470,2227,661948080
0x9f52d0d330645b9dd4c291f06c80298a14464a4c,2227,661950307
0x5a46cbfac8c6bf572b800a8ce234dcd57a90eb3d,2227,661952534
0xba548f63a9b6ffd042082b2979842f631fb41768,2227,661954761
0x125f9d5daa039bdb79d36baff667e9e0bbcea998,2227,661956988
0x14b9cc4a9a2382d5c5c2b38e6763e51d8fda3777,2226,661959214
0x6e4382f198979a598dc5cbef188486ce9510ecb7,2225,661961439
0x2089899d03607b2192afb2567874a3f287f2f1e4,2225,661963664
0x91de080dbb7c55c774801799d102531240c61163,2225,661965889
0x68132eb4bfd84b2d6a23ec4fb1b106f5c8574f2d,2225,661968114
0x09ccaa9943e5fbe223e41cb50cb60262ff4973a1,2225,661970339
0xb8f1f98380d8fc3116a4a52e09e0fd7a8464c126,2225,661972564
0xcd32b9c8e763166b19088fd762077d09344886d6,2225,661974789
0x725f132f5780d9f05062956485c864011f8f1207,2224,661977013
0x7abfda25b9efb347addcd1fed2509f491b331b0f,2224,661979237
0x330416c863f2acce7af9c9314b422d24c672534a,2224,661981461
0xc680305980c58dd03e518563961222ca8d792b64,2224,661983685
0xb6c28a66b131d7ecc5406769653653c4f108115e,2224,661985909
0xe09216f1d343dd39d6aa732a08036fee48555af0,2223,661988132
0x0662118a4dca5afc420b3ef769020a2416d44a34,2223,661990355
0x5aec4cff7fc3880ade1582e5e37cf89152e70ace,2223,661992578
0x0af7627a2fff290efb23a08dfb0648038f911b82,2223,661994801
0x55e369e55ac8414c82ac11d261ca100b193b8ce4,2222,661997023
0xc108a0e73dcbe1ba97573c378517dc1fc9f1c51d,2222,661999245
0x1f8f4a2c8a95c7b1524daba15970a52b0a67f5a4,2222,662001467
0xf49f99de603baa63111705fe46527c95adabb5cf,2221,662003688
0x095c3f21a8ddf9307e5d7091f8ee5d1dcfd2d705,2221,662005909
0x3ee8743a700f04de27471a43e0da359608679b63,2221,662008130
0xe795364a7c5ce37da56060b22e3f2ee95ab8088a,2221,662010351
0xe7bbe7ddffd2b39fd46e4594de9914d1e057e8c8,2221,662012572
0x78c673c403b6bb545c1534192ebed59fc0b4d53f,2221,662014793
0x1eb3b6cf9e6f1f7cb0eeafcea2abd8016628e45b,2220,662017013
0x96551e0efa47d498407ba179fd8f04a87acc7094,2220,662019233
0x15fd6e554874b9e70f832ed37f231ac5e142362f,2220,662021453
0x1efc4dfd580df95426a0f04848870bd8cb5a338e,2220,662023673
0xd2fa8f92ea72abb35dbd6deca57173d22db2ba49,2219,662025892
0xec663a80252e066d41ae299207d24525549b6681,2219,662028111
0xab7fa2b2985bccfc13c6d86b1d5a17486ab1e04c,2219,662030330
0x69a1d45318de72d6add20d4952398901e0e4a8e5,2219,662032549
0xcd2de0bd5347f617f832442ebcc1c23a4d618847,2219,662034768
0x26c6ce1222f41ee05550c198ae1681b129005718,2218,662036986
0x075190c6130ea0a3a7e40802f1d77f4ea8f38fe2,2218,662039204
0x690e575488edbd09548f93020fdbe50c3afd64b1,2218,662041422
0xdecade1c6bf2cd9fb89afad73e4a519c867adcf5,2218,662043640
0xc545384331c78203a447b0b16268c14e0ad7a8d4,2217,662045857
0x08eb0b43604c8ef5e68f55ed3c3b0ff7864e1980,2217,662048074
0x797ce6d5a2e4ba7ed007b01a42f797a050a3cbd8,2217,662050291
0xd736ebda454cbeb64db68b88579c4073b619efdd,2216,662052507
0xd851fbd96d16d6b818c622cbc23e4197adce4058,2216,662054723
0x84f43821c73da781a7c440c3ca1a50e1013f7219,2216,662056939
0xd6e6a28eb0a72af2336f80e143e7311bc3108b97,2215,662059154
0xb58cbcb1e98c7f3771847cc2d730bf9589b534e4,2215,662061369
0x4b2e76ebbc9f2923d83f5fbde695d8733db1a17b,2214,662063583
0xe2c7928c0c8a1949d297e453efd0f9a7269a89f1,2214,662065797
0xd86c6f0bb961e83c1ea30e8ab9d5cc291952ec08,2214,662068011
0x32b014822526a6fdef0999a024ae806b3c5c3973,2214,662070225
0x0353837b32aa01d335becedc57a329b8ce0619a7,2214,662072439
0xa65bdbac68d39c2db18a07eeea0aa59aaecace84,2214,662074653
0x4a7c43add8aecb827e2d3b0a89d5cd2d7b28539c,2214,662076867
0x16ca178b6d5edce6db7ef85a51ae85197a57db2f,2213,662079080
0x1ee86250a7bdb6d8f3d028b4739c19e4d1c719d0,2213,662081293
0xb143b1b4c1355f400351e914feaec965d1794770,2212,662083505
0xbb991caafa1cbbe9502fcd9ced6557c5b3784d42,2212,662085717
0xd6f0bb2a45110f819e908a915237d652ac7c5aa8,2211,662087928
0xa82780bed71a21804a3aaf608fd90eb31b77cc6e,2211,662090139
0x361887c1d1b73557018c47c8001711168128cf69,2211,662092350
0x0ed74a3ecc90270d18a3b3a8eb0042a7cdd03b19,2211,662094561
0x591191cdf58643578422cbe3f4bb0decd966efdf,2210,662096771
0xa476ab6252eb0eab81d998551b00164f95ecd195,2209,662098980
0x0b34a04b77aa9bd2c07ef365c05f7d0234c95630,2209,662101189
0x03dfd032c9f7bff5517c9307da100e738dfad75b,2209,662103398
0x41ec0ddb4e3a17e9b0a6bae7d90f2d389aaf7dee,2209,662105607
0xcc573dcde9a25e7094980c349d3997dc1c57eb79,2208,662107815
0xeea9ae787f3a620072d13b2cdc8cabffb9c0ab96,2208,662110023
0x283fa7e8d0306018edda7ffb2ca45f2e861b89d6,2208,662112231
0x66a20c2045229734bc569e709c6302b5c45c77ef,2208,662114439
0x88cb007308c4ad24ae455a204ea238c511dfcfef,2207,662116646
0xde8893346ce8052a02606b62d13b142648e062dd,2207,662118853
0x764e16c04ca89869af3f3b83a7095297f1086b69,2207,662121060
0xe032129c245ed4240a5f208fda2e1e325ffd5187,2206,662123266
0x8752bf7ad53d25a4165b9370f2becc22dd8ae838,2206,662125472
0x44564d0bd94343f72e3c8a0d22308b7fa71db0bb,2206,662127678
0x739ab71923a8fa6be3f2e64cf720906b76f5167e,2205,662129883
0x6a6d1e5ab77795fd1b98765f56d621ec6d10a70b,2205,662132088
0x6f35a5e6a7301627a090822895e5e7209ed72f77,2204,662134292
0x7c8b7c834fb15ef840c7f93c4f57cf80d1da9b3a,2204,662136496
0xbc52a198619553fc1a0f925bb5b2e6efaa9e45f1,2204,662138700
0x965509543277dc19d28d8cd280d71b18ef3191bb,2204,662140904
0x881a0bdf9514c116f4576f4fba263bf5397fca83,2203,662143107
0x31bb087f85f523384924d971f27cf57ca9375c0a,2203,662145310
0x48d101e3b07f0c64879d9614eac1dc6b6639b97b,2203,662147513
0x195f35f3d3203fdcc9798b23fd8f930c01ceff65,2203,662149716
0x103d98686ced96f1d2cf1a0d1eabdd63c9c027e4,2203,662151919
0xef21b0bf4f42aad52b6ea7943db7827fc7ef89de,2203,662154122
0x4c363d8eb40266ebb83ef08d762b6aee24d137c5,2203,662156325
0xfa395c73ad9d87817ff3f3eb0979c8dfb47a6c0b,2203,662158528
0x0908100811b489d2f06f7328c34d1fd49dc2b303,2203,662160731
0x51453e14385f059c3e1ea91c8a50267ac33fcba3,2202,662162933
0x777318b0318bd5a421fc99eb0b73410eaf3bd2af,2202,662165135
0xed45cf4895c110f464ce857ebe5f270949ec2ff4,2202,662167337
0x5c0f777c60bc19c57d6688bdcde58b5e10ee5c14,2202,662169539
0x37a60f1b9cb9afccea13b5f6c65b2c7e8e8d7f6b,2202,662171741
0xc2e2ebf8b76a6f0f468834bdbbab2ef095efab28,2202,662173943
0xdf203118a954c918b967a94e51f3570a2faba4ac,2201,662176144
0x58c4e8a9aaaf5ae0f99c55d22f76e2d7935e1a81,2201,662178345
0xb5a4d58c047ba782f54e1febe4833a11e2b228e0,2201,662180546
0x65171746deb1d6eee256455f77c350eceda34ae2,2201,662182747
0x1c637afa00559900bfb3eb58ae26eab38449eac4,2200,662184947
0xd6846e17e654518a2438aebc72598e8acfcfc378,2200,662187147
0x11531bb97784f15d93cbc4b0f200fd7d10ad895b,2200,662189347
0x348b7f3106b5da47405332534d06069ff9ce4d1b,2200,662191547
0xb113743bbde9094dbf5743aa1f9c741bd51168cd,2200,662193747
0xf5d0fefaab749d8b14c27f0de60cc6e9e7f848d1,2199,662195946
0x7354f36fd74a656b4db8429c3fd937b99cd69e45,2199,662198145
0x7475e268b2f72f7974cac38d45011c277daf5d90,2199,662200344
0xe2e6d4be086c6938b53b22144855eef674281639,2199,662202543
0xbcb87a9a085369fa926aff5b67f668a790dec748,2198,662204741
0x0f346e19f01471c02485df1758cfd3d624e399b4,2198,662206939
0x571257b9820fcaceca8e19abd50bb668021a3c26,2198,662209137
0x0d2e1a84638bd1b6c0c260c758c39451d4587be1,2198,662211335
0x028171bca77440897b824ca71d1c56cac55b68a3,2198,662213533
0x5d29b6b2108e97500e63f5461d312846eba40a1a,2197,662215730
0xa74569544173c98538c8f4cf5e0a1eaabcee3bb0,2197,662217927
0x6bf728a2a12dd3404ee1d6562dcd6f12f8326e9c,2197,662220124
0xc20e47e394a3948e7e5c48c7b0ca2b7dc115206a,2196,662222320
0x979d6784c6d394b0f08f1399e6e06ae39d5ae9c4,2196,662224516
0x5952c7f1ab270d22d677762be3dad0ba9e5cd23d,2195,662226711
0x197a5f162088f43826965f78d56729a95d03deed,2195,662228906
0xc4838a37422ddd180f6bf34393873b1489db6faa,2195,662231101
0x60267829fcf7cf880f8bc8eae5f546cdb107ec1a,2195,662233296
0x10c45a0d5d8d691c42b773424a5be75f764022c7,2195,662235491
0xe97b5fd7056d38c85c5f6924461f7055588a53d9,2195,662237686
0x684ae11a577080ec13877c6d28ac4f45b7c00966,2194,662239880
0x148176d1915d0f427aa215962a0e1946291cec70,2194,662242074
0xbd7600003f03a0570437f0fa4067638956daac83,2194,662244268
0xe1ce8eaf6ffc69b59ea658e32c89d9065f068157,2194,662246462
0xccf6aa5ae3e2b09084dbec935088cec71051fe5e,2194,662248656
0xda7b583eed60f0a2ece384654050b1a2da3c0932,2194,662250850
0x262b6a8b044ab9b7a345353ded8f541c1ac37bd3,2193,662253043
0x4f4052af3ac8d6a34682d0eef4de62480f97845d,2193,662255236
0x9d379330152cc266ed8d5e37fed6580bce3ffa8c,2193,662257429
0x84297b21473fadb610270b96f27125b17ae08175,2193,662259622
0x0e9b56d2233ea2b5883861754435f9c51dbca141,2193,662261815
0x432b5f3528a194c2e723d098d6b2ef33158d3d8a,2193,662264008
0x9c666c69595c278063278a604ff12c70691ab234,2193,662266201
0x03fb52d4ee633ab0d06c833e32efdd8d388f3e6a,2193,662268394
0x8cabfeabcbda67af1b1203f25e7aa306a7893d3b,2192,662270586
0x97d653f97fee188ebbe9e3e7ccfeabaf62e01d68,2191,662272777
0x9ffc3bcde7b68c46a6dc34f0718009925c1867cb,2191,662274968
0xa06645b8fe0b1933748896dc01c380e6b556af76,2191,662277159
0x15e4132dcd932e8990e794d1300011a472819cbd,2190,662279349
0xaed599aadfee8e32cedb59db2b1120d33a7bacfd,2190,662281539
0x2340056b60abb3b5b9db1df0a5c5ae88f2690823,2189,662283728
0xcd34f1b92c6d0d03430ec4a410f758f7776a3504,2189,662285917
0x350bfe4bb6f812bc616603d26a3ef4b5f26311ff,2189,662288106
0x760df51c4b33bc0f4a8f06c3cedcfde05dd4a12b,2189,662290295
0x5ab14c104ba2771fd2a6ec6f616da1ad41d5b8a7,2188,662292483
0x99fe3b1391503a1bc1788051347a1324bff41452,2188,662294671
0x13927a60c7bf4d3d00e3c1593e0ec713e35d2106,2188,662296859
0x24ceecd76aef584d088e82c531e9ff796be3dd31,2187,662299046
0x41ab82bc7edb0d7d9eefab7460b8ba95929f13fb,2187,662301233
0x9e547061a345015869d26c7b6ee4ab5b63424441,2187,662303420
0x875353da48c4f9627c4d0b8b8c37b162fc43ce67,2187,662305607
0x2a6c1d918e79090856c66eee5c62672fa4f01c2b,2187,662307794
0x97f0edd2ebeeb90be1d310301664728d0c48c527,2187,662309981
0xed6fd4acc53e539cb6adbe1639fb3e2565354c12,2187,662312168
0x9d79d5b61de59d882ce90125b18f74af650acb93,2186,662314354
0x770f35e1eefad748cb88e93a6e03affaeb2ea779,2186,662316540
0x307b0f06ea422a5918613e07e59476da28cb82d8,2186,662318726
0xa4bd6e2f6d54f00bfe306cb916f2e36e498e12e4,2186,662320912
0x3645910992f987960dd77281e038411c2db53523,2186,662323098
0x55b91bc6ba8d92de47877f7176193bfe27602766,2186,662325284
0x0d0d65e7a7db277d3e0f5e1676325e75f3340455,2186,662327470
0x767ee3150ac31f982190ef41728cf9a969355286,2185,662329655
0xcc077bcdb405f3fc53f6afe15821468b93e0c24d,2185,662331840
0x6815ad140b152157634be9ffc8c51d57e02da38e,2185,662334025
0x9718540516f8c76ad9037887577d3a0fbc9a39e1,2185,662336210
0x5cb99c0b9f0590ae7a9a53557e53b74dd40120de,2184,662338394
0x8f6a193c8b3c949e1046f1547c3a3f0836944e4b,2184,662340578
0xd4cc0cda97ec567235b7019c655ec75cd361f712,2184,662342762
0x87047986e8e4961c11d2edcd94285e3a1331d97b,2184,662344946
0x2b12515ec112bcb8f55d2600625f699b2b3cbbcf,2184,662347130
0x80b295201313859ed9605cf3034bd9582330eb38,2184,662349314
0x021dd0713bd2532ba532084fe9569d55f8c1f09b,2184,662351498
0x7d0e042383ee5bbea094cf419c6d7acdcaa0ac0c,2183,662353681
0x4ea1c52753a2dc2899b1380d01cab6ae55e71fc7,2183,662355864
0x322124122df407b0d0d902cb713b3714fb2e2e1f,2183,662358047
0xc05e3827c1a942b6d6720498f9fdda3f9f0fb0e6,2182,662360229
0x3521c85c3000bff57eac04489eb05bbd3193a531,2182,662362411
0x48f23bab01027e54f66083e84f1c9d1d629a2b33,2182,662364593
0x1b5242794288b45831ce069c9934a29b89af0197,2182,662366775
0xe82d8cc52968d168d69be98fa1fa67417703ebc8,2182,662368957
0xd5a3a5f35e8db7740ff644752bce389fc958d5c1,2182,662371139
0x3b7253d93d74ca9f5abdc684c969dafc1a8da1f3,2182,662373321
0xbfaa8cf522136c6fafc1d53fe4b85b4603c765b8,2181,662375502
0x49184e6dae8c8ecd89d8bdc1b950c597b8167c90,2181,662377683
0x3e0a253381aed3a51d2b55bd2103a43ad26ee5c1,2180,662379863
0x4570b4faf71e23942b8b9f934b47ccedf7540162,2180,662382043
0x470aacdae35e7a140ea1438d256264ee2c70daeb,2180,662384223
0x2cbfd29947f774b8cf338f776915e6fee052f236,2180,662386403
0xc3eb65c18902357f0c3577ced27b1fa914cd0e57,2180,662388583
0xf32836b9e1f47a0515c6ec431592d5ebc276407f,2180,662390763
0x82c5720cb830341b48ac93cf6ff3064cf5eb504b,2179,662392942
0xeac8d5f608ead1d0d193e89249a4df73d05db4e2,2179,662395121
0x814f3965cddc69cf491369a2391adb9b91863c71,2179,662397300
0xb4b4dfb41b60927cea8d219b7d1238fd1561f2e6,2179,662399479
0xfc0a65125159b5c9a271b5caad995a0efae2bf1f,2179,662401658
0x06576eb3b212d605b797dc15523d9dc9f4f66db4,2179,662403837
0xff44b5719f0b77a9951636fc5e69d3a1fc9e7d73,2179,662406016
0xa3ac85860ce4535a1901e46e397528487c1794ea,2179,662408195
0x097a0820574a8dfb8035c15d829dc25187fc4129,2178,662410373
0x5a82503652d05b21780f33178fdf53d31c29b916,2178,662412551
0x5f6bb887c9a4609078a01b2832f37d0f96fe762f,2178,662414729
0x2e4d276f49d5dd0cae4b8fc026cb2c9f62cd9e52,2178,662416907
0xbd19a7a689454f2333dabc875d8a974bbcdcae1d,2178,662419085
0x1524c384fe5fa5defec91850a601c702ddc6afba,2178,662421263
0xcd662605b8dc6bed3b8364ce7911a0dd7e6fd847,2177,662423440
0x0a48e3dd5542e1dccbd7cc607a6e8e5d6a81e0fa,2177,662425617
0x9b2b16f9a9a65425ee9a117aa6ba9f0603d973f7,2177,662427794
0x4c4b8a3c61d231f68870820bb3ab4f21b9a404fa,2177,662429971
0x16a7e432985af479056187ded7831223112c3880,2177,662432148
0x861fd359660ad434696d5cac39dc38cdb9156f3e,2176,662434324
0x01290cd055d3d7ffd4dac7dfbebdfd94ffbfa7c9,2176,662436500
0x789109d185f5f4205d58c533eb831fdefb0d10b8,2176,662438676
0x65e39e50b3c8d48b33a9307d5248e7dc39629437,2176,662440852
0x411a9b902f364817a0f9c4261ce28b5566a42875,2176,662443028
0x63e8afdace7738fb419a075b5e652da275711ab9,2176,662445204
0x3e99bfdc52fb2da5047880c4a4f8f65c82e47ed7,2176,662447380
0xc6bf8c8a55f77686720e0a88e2fd1feef58ddf4a,2176,662449556
0x35e3a8658d87fa71ba349bac7f3aed948f6ebc0c,2175,662451731
0x7ca936344d234034cf6936472d6bedbe8ae6667f,2175,662453906
0x9866772a9bdb4dc9d2c5a4753e8658b8b0ca1fc3,2175,662456081
0x692eb773e0b5b7a79efac5a015c8b36a2577f65c,2175,662458256
0xd4148eed4839eebd15da24e3387ed4f6c60d3bf4,2175,662460431
0x3034cbf2630fb328a78136a3263a6995a3ce5c2f,2175,662462606
0x3d66d374cff558b9d988996786afb1eb6c31ef8b,2174,662464780
0x83869de76b9ad8125e22b857f519f001588c0f62,2174,662466954
0xa9a8377287ea9c6b8b4249dd502e75d34148fc5b,2173,662469127
0xa4573dee4e2ae6a97e71828195d8081fc06fb8b0,2173,662471300
0xd5791e1b4f918421339186ab42798077590f9c9e,2173,662473473
0x7de0d6fce0c128395c488cb4df667cdbfb35d7de,2173,662475646
0x6b2c2db78fc5f1f0a7a7a6d91d26922850a9c693,2173,662477819
0xe85e3b73eff4873d99de238a9cb256df847b803d,2173,662479992
0xe66f7c6aa64f36e5d44beb91e44be459ef3dd7e8,2173,662482165
0x1450d600b0ebc38ddf0844816eb1dc344e422a62,2172,662484337
0xdaf0d1511fb95667f5ac5ad82bee2f17c20631d4,2172,662486509
0x88d60255f917e3eb94eae199d827dad837fac4cb,2172,662488681
0x857f6a42634a14847cc4e0226f36906f0a77cee3,2172,662490853
0xcb5746f4f6b1fe650f673e4a38c01a2f68a2d25d,2171,662493024
0x2162db2350cad9e0395b7cef668602f38d3430d5,2171,662495195
0x88093840aad42d2621e1a452bf5d7076ff804d61,2171,662497366
0x550cf820fe67d8cd401077c86c45e1fdf2a502e4,2171,662499537
0x65bcadaf7213a2834c328a93a9751e4fe4a36178,2171,662501708
0xfe466bf0125f3576255d7a36cf8c334af376d291,2170,662503878
0x6e7f7bcfb954ec6eeca4573047a1a4cde313b1d9,2170,662506048
0xb145a5d2d7a06b45e785720efea00fdac8316399,2170,662508218
0xe1287f408c023d68a679e6f6d1e3512eff4ba23b,2170,662510388
0xea3bfe3585c519e41672013abe0019ad6b1c22b7,2170,662512558
0x519c1001d550c0a1dae7d1fc220f7d14c2a521bb,2170,662514728
0x735e576e39edb4bb7f9f020482c9857e817b6081,2170,662516898
0x94dc1cf66c8fd62ef3bd7da53f47423862839823,2170,662519068
0xfb0db40592df60b4b994e89cfaf00b68150fc43d,2169,662521237
0x3d1ff916078d53110010554614555f0013700992,2169,662523406
0x9eb83988533d463e05272cdb455bdb9283dd2c98,2169,662525575
0x9c790a79916296cba9d7e602933df09e0c4d6a29,2169,662527744
0xc4d5545392f5fc57eba3af8981815669bb7e2a48,2168,662529912
0x6524b87960c2d573ae514fd4181777e7842435d4,2168,662532080
0xb2c3531f77ee0a7ec7094a0bc87ef4a269e0bcfc,2168,662534248
0xe82ca8759eb9ebbf6ef2a169c538f78d0e841663,2168,662536416
0x4f6a43ad7cba042606decaca730d4ce0a57ac62e,2166,662538582
0x9968eedf429a79c1c9e7c70fef7e851802866c48,2166,662540748
0x983877018633c0940b183cd38d1b58bee34f7301,2166,662542914
0x3c644806b1ea03b7c3606f490415cafd2ef3c40f,2166,662545080
0xee3b9b531f4c564c70e14b7b3bb7d516f33513ff,2165,662547245
0xd6ed0e5d7f854b64b5e467a240a6c155c17cc6a2,2165,662549410
0x236ba1c2db0a19d04d84e9fd4aab22d10b19c6cb,2165,662551575
0x3cf090c5e5a30177e94156d0a7f026f47e253464,2165,662553740
0x2e0ffe18afee89967a374c18fe7be301fc2d7b7e,2165,662555905
0xacbdb82f07b2653137d3a08a22637121422ae747,2164,662558069
0x417ffdbc285dd2c4dc00937798ab901634137caa,2164,662560233
0xa82e3668eb6dfa4fe26dde6893181830134afaed,2164,662562397
0x7cef3fc6e9375f281311b38e0fb603bf21ab23a4,2163,662564560
0xf77723b07d4d6e20a4fdefd07cecdabff1091891,2163,662566723
0xc32659651d137a18b79925449722855aa327231d,2163,662568886
0xd9a947789974bad9be77e45c2b327174a9c59d71,2163,662571049
0x991922939939a40faa27227804844f9a81bb82ac,2163,662573212
0xf9d5aa6d3f22a7fec0e931efdcc00362f81df116,2162,662575374
0x782ee2b86316d04f226ba416d5df5358a2d6102f,2162,662577536
0xe66106dc67f6b6048c7e74759e0c144a5c268350,2162,662579698
0xffc4f536d973932e80b302c777bb775a659f681b,2162,662581860
0xde2b11b71ad892ac3e47ce99d107788d65fe764e,2161,662584021
0x18f36d3222324ddac1efd0a524aabfb9d77d8041,2161,662586182
0x2c41a4d3e6cab045dc06db66165fdbf3aeaa57c0,2161,662588343
0x4fd672d32ffaf89dacf1e5b17d2e4a508a6be401,2160,662590503
0x9ec8d44af808d7cca2ec23c0dc0d1f49a3386ea4,2160,662592663
0x41849f3bd33ced4a21c73fddd4a595e22a3c2251,2159,662594822
0x7df1d65e4691a73b878fea85e3456359ba8cab61,2159,662596981
0x02e1315d289358db5ae89cd325b51542aecab30b,2159,662599140
0x999aa6488f076e6765448f090aba83fbb470fc99,2159,662601299
0x244c5276ea5bb927575417156038d7381b44ab2c,2159,662603458
0x6423d3767bf629a2a343c0a2785abfbc2a2f6950,2159,662605617
0x2ce5caea214e7d9c2c572455243548e0e096979c,2158,662607775
0x80e7a4d750ade616da896c49049b7ede9e04c191,2158,662609933
0xa5c9ecf54790334b73e5dfa1ff5668eb425dc474,2158,662612091
0x38a8b3d64212e01d285b78ea99dfb5b477e58cec,2158,662614249
0x1e29ca8c874b4dff828297cc2e9856819eea0933,2158,662616407
0xc5b24b64097ea14a7ab8c8da57cef6a4705b2573,2158,662618565
0x2dba05b51ef5a7de3e7c3327201ca2f8a25c2414,2158,662620723
0xd7aa4ae88f033c501dbfa1a5915d5c77c09e8d53,2158,662622881
0x156969d609b7811ecae26b656218ef03734ad946,2158,662625039
0x4e5534770f8cdf113f06b5fdbd9d5b1fdf4d7f8e,2158,662627197
0x3205df88cf95b5a702f2b6a1cc10e2075f54387c,2158,662629355
0x5fa19f612dfd39e6754bb2e8300e681d1c589dd4,2157,662631512
0x9b1e1fc958b83e801d1342f9f9ba7da3a55ba1ef,2157,662633669
0x76c4a88def0a977f057ceea01a03d5be89379995,2157,662635826
0xe5a7c12972f3bbfe70ed29521c8949b8af6a0970,2156,662637982
0xfe423f6b9b3aa093cc08831d9b106027f97e132e,2156,662640138
0x60423c107ace769b49f5ac72e3e90fd567a6c4f6,2156,662642294
0xf0e7fb59c4e362c16c6b736e2b4bef9c4aa934a2,2156,662644450
0x26b7dedab33c58bc9edc26d9cd81b8eee43c24dd,2156,662646606
0x3b36cd56e286241386d3a043b0cff1a7187283b9,2156,662648762
0xf94ea839f73a8e9fbeb8127d49eb4e267be14554,2155,662650917
0x5eee354e36ac51e9d3f7283005cab0c55f423b23,2155,662653072
0xd10c82d129d7f7ec317648914590162be3287d3b,2155,662655227
0xf9a3023b60e124070cae59165b5f8c6974b96ff8,2155,662657382
0xfe0bf123395dec1d3835f650960733f2191e068e,2155,662659537
0xd215a7823840a7f7e7450e2edf643c9fa2fcd0a7,2154,662661691
0x3ec225d0cd929148a1473c546c06dd1ee9f558b1,2154,662663845
0x9c4e9cce4780062942a7fe34fa2fa7316c872956,2154,662665999
0x4916a03bd197604f39802d960625d17530620cd6,2152,662668151
0x97fb6fc2ad532033af97043b563131c5204f8a35,2152,662670303
0x34bd421c7948bc16f826fd99f9b785929b121633,2152,662672455
0x659d90e595aad2ef842fb98eec70fc9f605bae34,2152,662674607
0xe105c7b64589bfb14c2d7b1540434df7e3693b0c,2152,662676759
0x3a1957a0b9755d78c77e301410b254b6147a400c,2151,662678910
0x79a9758b3cbb3550e10be51cbacdccec80794b93,2151,662681061
0xa3dcf8a07ae7d43b7917e263108858f03f5f8c19,2151,662683212
0xb4b1425b193c0531316fb3a18342583a0a428e50,2151,662685363
0x547c4c2ee931cf94c84b7ed0800512d0271a7290,2151,662687514
0x0e2ec54fc0b509f445631bf4b91ab8168230c752,2151,662689665
0x382117315856a533549ea621542ccce13e54ae82,2151,662691816
0x8b30e174bddb3c0376e666afb8a4196e2f53182d,2151,662693967
0xe1d03b9d310f894fbc26c96c7a873503abfb7ce2,2151,662696118
0x7d3b6b1360fa83482ed0284f9b9ac4e48edbcaa5,2150,662698268
0x018fb5af9d015af25592a014c4266a84143de7a0,2149,662700417
0xc04b334e06b0154b3cf32d7f6b26f4e8115d1b8a,2149,662702566
0xe26a220a341eaca116bda64cf9d5638a935ae629,2149,662704715
0xee53ca3ae3d296c0f2a128138d12a0a3a60fa1f5,2148,662706863
0x338eb965b6fde04ba5359145e80d5bcd49206aaf,2148,662709011
0xecc17838dcc6ed1be59c7b3aadc015c7299c72ec,2148,662711159
0xf8483e2d6560585c02d46bf7b3186bf154a96166,2147,662713306
0x871731c6f007008b1d58fcf02aedba0b556c2313,2147,662715453
0xee52d05a2351151beabedb7a9e38cc1a2095a8ce,2147,662717600
0x8c14692589190d08e917e38bbee3ac10eaf0acb4,2147,662719747
0x1016081e82b146643a314bfc73ea88e60fd495bb,2147,662721894
0x54d445898cbafb7cf48597e495251183207767ae,2146,662724040
0xdd9b82c59aa260b2a834ec67c472f43b40a2e6f1,2146,662726186
0x4fb17a9440eb5c618a033872c120520adfca8d9f,2146,662728332
0x3ac44081afbfcf47916f66dc73cb23f94d8f7329,2146,662730478
0x9799b1dc3165cedd873618dbcda77c68efaeb2dc,2145,662732623
0xb2f6ebe8e606e7b18c78b19a3c5969618fa599da,2145,662734768
0x1f1df9f7fc939e71819f766978d8f900b816761b,2145,662736913
0x909899c5dbb5002610dd8543b6f638be56e3b17e,2145,662739058
0xd413eb0ebe5f3c82f1b6cb642c31fabb5a38c1ec,2145,662741203
0x038728eae851636be6a04f49bb9b83d2c9718e6a,2145,662743348
0x45335647a7ab6ba100c7e636e4c073ae731ce1e3,2145,662745493
0x0e1e1f283f090aad665c0e87702495624e578c55,2145,662747638
0xfda184a0f49268a5edcbbef640626f4cd660b84b,2144,662749782
0xe7cd2797ac6f08b5721c7e7fcc991251df5e3884,2143,662751925
0x5b9e48f8818962699fe38f5989b130cee691bbb3,2143,662754068
0x29a626c6bb27d9e06f1404e2d4f76393ac26d0c5,2143,662756211
0x3ddf9c87765a3c1be69f7eb058fba5a27e527816,2142,662758353
0x3023225027138448fe3c2589d61ef39bc8ccdedd,2142,662760495
0x5807ca447851c98569c567963b25b1c83d41bebc,2142,662762637
0x2069fa2972b597c4d3cc3cf581c3551b444118a0,2142,662764779
0x0eee7f7319013df1f24f5eaf83004fcf9cf49245,2142,662766921
0x739f3bfb9fea6c336f1610ce5cbc54903e2eeca2,2142,662769063
0xc029ba3dc12e1834571e821d94a07de0a01138ea,2140,662771203
0xabb0316758fc8b1fa6b45953d5450c0b2ff9e626,2139,662773342
0x78ce67fcb40d9d9552a313670a2e0eef11043995,2139,662775481
0x144d196bf99a4eca33afe036da577d7d66583db6,2139,662777620
0x1d8a5212ae7c196cafbf58ad5f75b7ac9bdeb0b9,2139,662779759
0x4ff7fa493559c40abd6d157a0bfc35df68d8d0ac,2139,662781898
0x04ab43d32d0172c76f5287b6619f0aa50af89303,2138,662784036
0x6913ccabbc337f0ea7b4109dd8200d61c704d332,2138,662786174
0x9a5b7bfd17857f1148292b61e092296255db84c0,2137,662788311
0xd89040ac9823b72f64d71f66fa2deae7c8520671,2137,662790448
0x068ed08839f26a1cb12343bdcb90537dcc45170f,2137,662792585
0xad8bc6957d47f29773d85fa557f37f578420d090,2137,662794722
0x04de55d78639e7a87ca77d8b7f4bfafa9de547cf,2136,662796858
0x386cc01f5eb0c591a4851fabdf113bbe62916895,2136,662798994
0xa67fb45c3993be1256268c60c620a657c3d2b888,2136,662801130
0x31503dcb60119a812fee820bb7042752019f2355,2136,662803266
0xf4ad6266697301d06e9f2fb8c7827b926eba856b,2136,662805402
0xf8cb6758d4658dff0e72d7616994d6f8c5286120,2135,662807537
0x7c32db0645a259fae61353c1f891151a2e7f8c1e,2135,662809672
0x90b426067be0b0ff5de257bc4dd6a4815ea03b5f,2135,662811807
0x32d5a1b48168fdfff42d854d5eb256f914ae5b2d,2134,662813941
0x1fcab90355aca9d71c56dbcb7ae8791f7093e5d3,2134,662816075
0xf28a73603d577041228f543886f512d350c54d25,2134,662818209
0x44830e5fbe354af3c1c8d405170c08d3bc8a2cd9,2134,662820343
0xdbc1b60fdd000f645b668d8026a28c26772a151c,2134,662822477
0xa03c4cc1ddaa55e65c9421b9be8ef25fb68b08a5,2134,662824611
0xa89891d8462d16b8d2a18cbf2075e2389ee3dfb9,2133,662826744
0xfd219686033da14219142504c7a63ae8a4912134,2133,662828877
0xaa6e1bf6e0f0b35a531670019c1139264f4d48d6,2133,662831010
0xcafdc517691fcf4d1186953f02f19ced50efc9e2,2132,662833142
0x4289a6afe4ab265bc0e4c6f858ece66df2fae1ed,2132,662835274
0x80eeb41e2a86d4ae9903a3860dd643dad2d1a853,2132,662837406
0x19465ce34f3e41f1cbd29ba57e881fc65f067ee0,2132,662839538
0xc38f1fb49acdf2f1213caf3319f6eb3ea2cb7527,2132,662841670
0x0d82c03544c7792f0f89141a10a2986710a6da8c,2132,662843802
0xc559db74236c1f1dd734e0b4c8d747bb57983e6a,2131,662845933
0x359aee4e1ee1618ef8003d7eac579d2403215c1a,2131,662848064
0xefa740dc2160da8127316cf9a3155eded648c8bd,2131,662850195
0x55330a7e4daefecf026478ada8e8286ea205e050,2131,662852326
0xc42e5e913e88659ecace9fd9d5dcba440e3b3d19,2130,662854456
0x3d0a84e134fae89fa9df1b44a1f109058856a7a0,2130,662856586
0x932354aea65a17b265bf22d29f7132ecfe86747d,2129,662858715
0x563435c0bffddef118ddaf2c13040d032075d1b1,2129,662860844
0xd6d4ef856cef7cc22f41d564fbed0285d339253b,2129,662862973
0x443675667e748d31fda9e1a38e2d0c06d1a985c9,2129,662865102
0xe656b6d13b6a38cf01d3dfa50132a176ff99cb9b,2129,662867231
0xf4f41d98a8d7a079d1508833d2177fa405380d95,2128,662869359
0x6843d5dce1ce1bb776e4c9a336c3ae45ad2f9ffe,2128,662871487
0x51654a8c04e97424724e1643d468b51924f6c40f,2127,662873614
0x0da1b305d7101359434d71eceaab71e1ff5437e6,2127,662875741
0x428dc22668e6f3468273634067e5545ed5417a3e,2127,662877868
0x5a265315520696299fa1ece0701c3a1ba961b888,2127,662879995
0x5ce82786d2e00748073f396a941d3e55c0a1b3d2,2127,662882122
0x3f4affe54e00e51b526ed1d7e33ff7783069e89f,2126,662884248
0x9e01c76c0aa03330c82b07156eea2868224e606b,2126,662886374
0xc2b58812c24020ea924c3d7c241c441605f12e75,2126,662888500
0x81b88b12cd8e228e976df92bb6ad2e74ecca1d08,2126,662890626
0x076a93a40bf9e0d21d3f75dd1e0584ddbe0f9d1a,2126,662892752
0x06042175a1293734b80d787429c85ec4ea91d5c1,2125,662894877
0x80e82dd8707a68d9f26a3035c1bbf2b704549801,2125,662897002
0x72c1f8e060e269827571011c5aed4a611b06a593,2125,662899127
0x67ab11058ef23d0a19178f61a050d3c38f81ae21,2125,662901252
0xaeeaa9c0ecd8d50ab7fcd159bddad0f52ce360c2,2125,662903377
0x9534df8f2c9289bbdb0c736e9fef402b20f1828e,2125,662905502
0x26b3038a7fc10b36c426846a9086ef87328da702,2125,662907627
0x58d46475da68984bacf1f2843b85e0fdbcbc6cef,2125,662909752
0x13dc57a190808e3bde97a625093d66212d101fc4,2125,662911877
0xa44fb3aa5c8465512b806145a8f9b60e74f3f851,2125,662914002
0xd86a2944406deb684c8712cf0e93b95778a35393,2124,662916126
0x485a33f1d53524c1600ffe7a4ba0b622e2a4df7a,2124,662918250
0x4c18e409dc8619bfb6a1cb56d114c3f592e0ae79,2124,662920374
0x3c389e7313c8ec5f57874e615178bee310c70f78,2123,662922497
0x99837090d538b25129a652c0d4eb64d8ef601ab8,2123,662924620
0x6ee294117fdb8decf4097cd4e73de7c59eed93d7,2123,662926743
0x932dab15084ddd0ac4cf075a86d9f87b7087d53a,2122,662928865
0x85555555d1bf2e9b820c701537d846d3c9d2ce21,2121,662930986
0x2286d400eb6068e859d8d0a54e7ded7c704a0c24,2121,662933107
0xc5e017450346e4f9a2e477519d65affcfc90586a,2121,662935228
0xf318aa4f8a29ba712d61a0356f96183e69519a60,2121,662937349
0x59a8d0bdf9e024f060b230f8f54f291f4d03e2d5,2120,662939469
0xf76cc0be5aeb96c781b816c516905f30e980e0f3,2120,662941589
0x69868c621f229fcacfab4b2238b30607c3a61ec6,2120,662943709
0x6b27bfd273ec79a64a62b4b3a18a89045c2389b1,2120,662945829
0x9216992d2479606ab9aea0d5a3c6ebe7bbdb7821,2120,662947949
0x34ac6e3c71f32dc0e5bee80311e231b3d36de1c8,2119,662950068
0xe4fa3c576c31696322e8d7165c5965d5a1f6a1a5,2119,662952187
0x8dcf8424d43ad8c67a3707e0ee733d2c32c36c19,2119,662954306
0x03a8f608272a1f42c0df4b86c7492151b11a0b2e,2119,662956425
0x917a2c4421fdad00632d89b3e550230a3a0b0a31,2119,662958544
0xcffa068f1e44d98d3753966ebd58d4cfe3bb5162,2118,662960662
0x0eda49f22f70a34b4c190ffddae22995ad6237f1,2118,662962780
0x49d716dfe60b37379010a75329ae09428f17118d,2118,662964898
0x650e92baad58c28d6f2e3e42c314dc131b115459,2118,662967016
0xc6c11f32d3ccc3beaac68793bc3bfbe82838ca9f,2118,662969134
0x55a290f08bb4cae8dcf1ea5635a3fcfd4da60456,2118,662971252
0xcd0faaf11d5b7f9f9dcb213d2d3899a8f162418b,2117,662973369
0xc96c1609a1a45ccc667b2b7fa6508e29617f7b69,2117,662975486
0xb8796542765747ed7f921ff12faff057b5d624d7,2117,662977603
0xaff741deaeb7f48645ead63ad56294a87534cacb,2117,662979720
0xc7a590b743848c36acd905b00d0b44a8b3e1546e,2117,662981837
0xefd7f04c5dbd5a5be075d4c1ba3d95c0d6d3874e,2117,662983954
0x974c98bc2e82fa18de92b7e697a1d9bd25682e80,2117,662986071
0xbc81bf5b3173bccdbe62dba5f5b695522ad63559,2117,662988188
0x6251e725cd45fb1af99354035a414a2c0890b929,2117,662990305
0x4df4941104a010ba5121ba2839cc86942c5feed8,2116,662992421
0xd408df4116248a737cef94917ab6c609b37280bc,2116,662994537
0x138dd6d5d403628fc1d2db31bf832ef298f56cdf,2116,662996653
0x556ea1fe7cb0964e7de8dfe6cde63f1e40908541,2116,662998769
0x0bb7db697567178c590efa64a7dcb2ce6213768c,2116,663000885
0x110492b31c59716ac47337e616804e3e3adc0b4a,2116,663003001
0x74428c82bc9da6c610f7ff33b949edb322c168e7,2116,663005117
0xb452c55339e1e704cc3c3fa74f235c5763812e43,2116,663007233
0xae26170200ec3ae66b8afaa87f2fa49c1e0a02b9,2115,663009348
0x50df837acd9456bd76b6b0587c6fd4f1e64ee908,2115,663011463
0xa4de5c7961a882c8932efd12d88cb1082bd3c9bb,2115,663013578
0xb1609eb79dadb1db1c379012025a7bd6b9e0eda7,2115,663015693
0xdf3f2693f7a571b041428ec0480ccbd5fdd6dc0b,2115,663017808
0x6f8a975758436a5ec38d2f9d2336504430465517,2114,663019922
0xc4bf9a71971e2cad08a9afdf378b8b44fba404a9,2114,663022036
0x9656d6d303352489ca9affb3a3d14b2b00a772d8,2114,663024150
0xb8af0a0df1557054b605ffefd5dcda46a40a8006,2114,663026264
0x16e31d39d95d755aba1c28675dc788ca6d34097c,2113,663028377
0x862997143e6924e7716e19acc4499407c7978a19,2113,663030490
0x9b9c2d202f9a0ed9be9daf9df50cc0e327a809dd,2112,663032602
0xcfe4f03c3afbb9857b29fc706180bf0044900d59,2112,663034714
0xc259bd68fe764cfa3fd5c04a3bd24363c7e112ec,2112,663036826
0xbe4dca67d318f572869ed8845fe1d3869f98ed43,2112,663038938
0x1e71034c89dd191accb27dc35f18a3d8b6f91311,2112,663041050
0x113f6cb7540044881f7fa8454bde6a55b9d5c216,2112,663043162
0xeb0860422043a0b8541356a7b6f671cba9e8f85a,2111,663045273
0x0e13ab042ec5ab9fc6f43979406088b9028f66fa,2110,663047383
0xc3e2de0b661cf58f66bde8e896905399ded58af5,2109,663049492
0x8cb331d8f117a5c914fd0f2579321572a27bf191,2109,663051601
0xd3510d3cf63c7ea8684e41cddd54144dae12fec1,2109,663053710
0xdf5cffc1fee8e231ccca3451be4f0f90efd0a73a,2109,663055819
0x00000ddbc92c9501c6b48fc9a9e0ef8a97ca1884,2109,663057928
0xcb1e6f4a5b4732e4d2973f02f03adb5418c09f7e,2108,663060036
0x3832d2f059e55934220881f831be501d180671a7,2108,663062144
0xd3f8e6caba01f62d4651b6018651328ef4a9aa4c,2108,663064252
0x5d80c2b1af69395edfae81a0f69548a168d2578c,2108,663066360
0xb15fe5a123e647ba594cea7a1e648646f95eb4aa,2108,663068468
0x615983a35cf71d89f1b094e920151d7ea9bf48bc,2107,663070575
0xd53b4e70e7902f3be2954d5db51cc81307659d7e,2107,663072682
0xee8965ca57f9d252a8d5da1faa5f7d85ad78a24f,2107,663074789
0xcc8d915918bd80305982335ed17bcda621236ead,2107,663076896
0xa745e1ce89cfef9b21d60e2ad9b2badb1a9dc2ef,2107,663079003
0x192376b6433164dc4bf64319e6443011a6e84235,2107,663081110
0xe3866ba3db55928027d2e4faaee75defdb7afbc0,2107,663083217
0x759a58a839d00cd905e4ae0c29c4c50757860cfb,2106,663085323
0x2536145fbdf298877f8b8ec4c26cc6bc07032dba,2106,663087429
0xa8f952daa2050af448e2b6e8ccd2cd66e145f9cc,2106,663089535
0x73de68d64b5d9b2108fdf76a394f76e16a88ceb3,2106,663091641
0x999967e2ec8a74b7c8e9db19e039d920b31d39d0,2106,663093747
0xc2165aa929e529b00d6dafb1634e09ee972a1647,2106,663095853
0x63259007121e26afad53ec8ba889e0f1a8f56c0d,2105,663097958
0xf21661d0d1d76d3ecb8e1b9f1c923dbfffae4097,2105,663100063
0x51a5271ec514c3065d9de2d8e95051989f7d53ab,2105,663102168
0x84d67e5be0170abc0c7e5451a194d5d80a98a821,2105,663104273
0x3b4e1320c4a8275f9a660e263ea3df3bd6a1139b,2105,663106378
0x912b9312ee121a21f6ee347faa6d5f639a75fc8e,2104,663108482
0xa60fe9c4fe222f20d66e6cfab2eafaee9fbe16da,2104,663110586
0x27bc53596dc0ea71de3c65c799d8e6c96c1dda98,2102,663112688
0x747616c4a19bd9bf1e2b6c8a77d206ea1f9c6018,2102,663114790
0x49c0b283d32b5c9f6a8cc6a45ceef8f979616e4d,2102,663116892
0x7cb203834ce6792756541d722d94296f4c1ca356,2102,663118994
0xb8b513d9cf440c1b6f5c7142120d611c94fc220c,2102,663121096
0x6cb5c5cb789fae62ce5ce280e1fbc5dd3bbdad81,2101,663123197
0x1e4b57b62682062355ed435380338a1266d415ac,2100,663125297
0x1e39fbf0c16a20f65613a4ed1baa088a8937b15c,2100,663127397
0xe236ced6f1b9ecaa48facd363aa60a5373ce9aa0,2100,663129497
0xb7918f5808257e4b7e5e303c33f7bb0364b620aa,2100,663131597
0x008f69de4a86c739fb52a1ae2b523e44b4b2ead6,2099,663133696
0x1b8874baceaafba9ea194a625d12e8b270d77016,2099,663135795
0x14dbc737ed1c93ba73a6ef1b8663cce111da73f8,2098,663137893
0x0bc8b9610351a1bc7cbfe554e7a27234081df172,2098,663139991
0xa157bf6ae11eed1309a2d4d0c6ac76e15aa66426,2098,663142089
0x58c46d06cfdcf9ca2cb590d7b79b12ffa8adce04,2098,663144187
0x2ede375d73d81dbd19ef58a75ba359dd28d25de8,2098,663146285
0x2742a152be5032dafbc885ba1801ffbc2345de7b,2097,663148382
0xfb04641a1ab744254706c5e0680a1dd533170a0b,2097,663150479
0x020b1d4ea11caded6b1bde12c91ee3dbf7f0ad67,2097,663152576
0xef99a8293f5da7ed7dbea8f23da864fe668a4af9,2096,663154672
0x00000cb4d31696b0dda70f298089cdf2903202ef,2096,663156768
0xa88dfe93a9b6ed27ba8beb99c03d4c8a6e150cae,2095,663158863
0x190808a9f9e2b5ad1ed0d247f148a07577ea06b9,2095,663160958
0x912b38134f395d1bfab4c6f9db632c31667acf98,2095,663163053
0xac79b9e2a0fc3ded1fbf2baf5f4ada0d5a6e74cd,2095,663165148
0xab255212f16e6912c56e5894056d33e86326ec2e,2094,663167242
0x35fb7167162559f8ca945f231d25ee8cc7fd7de8,2094,663169336
0xcd5fb50c82590b9d11474ff19d085eba3c483e57,2094,663171430
0x05a9956eeb6a29cd5310ceb3eb299cc515759626,2093,663173523
0x7aa29d3158bc446fabd3196f54c01f86321eae32,2093,663175616
0xdf11450b5cfa5d301209ff482d5949ac4a1266fe,2093,663177709
0xdd6c739987d66ddbaecbba1b6e6e0e55b2238ef4,2093,663179802
0x211f01e59b425253c0a0e9a7bf612605b42ce82c,2093,663181895
0x8a187d5285d316bcbc9adafc08b51d70a0d8e000,2092,663183987
0x7ccaab4de1c6ac2ac054bc0da3e7a8bdb5b9a8d4,2092,663186079
0xecb79a9b7559168174c41b153997bc462b6dfe4e,2092,663188171
0xb55283fb3a40ecdc33e32caeb8e56ed8cdbb31be,2091,663190262
0xc80dae9129389c4ef6e7dbfaee40f28de49de3a6,2091,663192353
0x821144518dfe9e7b44fcf4d0824e15e8390d4637,2091,663194444
0xb12bee99f4d5f5a29dda95e553ba691a7deabb5a,2090,663196534
0x05d27cdd23e22ca63e7f9c7c6d1b79ede9c4fcf5,2090,663198624
0x566d81b8d0d0318ddac5499ecb369f0f185fe7b3,2090,663200714
0x4dc1b8480cc70d55e7a382cebd080d75bf48e87b,2090,663202804
0x37e343f2cc245754595f1ae3656b460c35d636fb,2090,663204894
0x023248187a714b787095ee51ebcd2c12a0be086a,2089,663206983
0x9f19735ff00bc1343d1c004910abe7d6af1b7174,2089,663209072
0x450cab2535d57ce9df625297d796aee266611728,2089,663211161
0x2c2f95dc8d3558f490cc0ca431a3bef0b1e13ac8,2089,663213250
0x745041c3a8919e74a129975e78918b68a68b49cf,2088,663215338
0xedbcc06b603ea1f512720a4073a62cc4fdefcb86,2088,663217426
0x09c3e7ec33bd3f4e05be19e3a9da99278ed49974,2088,663219514
0x97ec9bfb0f6672c358620615a1e4de0348aea05c,2088,663221602
0x900c60ad07e7636dceed25a919c63b3819bd7e9d,2086,663223688
0x48ad04e9302e79dd5760eaf3eaec5335b8abd0fd,2086,663225774
0xe8921f58013f758a299c720a5237e114eaefe2e8,2085,663227859
0x5e13a969ff0fe86c632602a9913f179b0665e6a2,2085,663229944
0xb7b702f1c950ee78ac2ea48bfce268ba7b5e72fe,2084,663232028
0x14c1179b52a41b85b738a9483b12060516efcda4,2084,663234112
0xe3c77b264c224ab4702584a0686c0ada6a83894a,2082,663236194
0x70db6cb1eb7ccabe799dbcdf8d14eecd1d7e7574,2081,663238275
0x4b742b5bdb1d252907ae7f399a891d4a178dbc24,2081,663240356
0x9744521e2e6a0d25f1f805318576230c5c8fc8a0,2081,663242437
0x8d12fba3b1fa126fe12090a1221411809b332329,2081,663244518
0xac7792d5954791c6587063f54b6136249affc69c,2081,663246599
0x9c3a2334d8d7a8b9013c0e572a5bbdfc2fc69063,2081,663248680
0x8cfa8726974a32b5b3cda703cd10628d181de5b0,2081,663250761
0x8f9a8dc65a423c7dec9261aa6010db738407c879,2081,663252842
0x2c3243ef62d1ce837e74dae0a4d2b622f48906bf,2080,663254922
0x55eb5288c9b65037a4cd2289637f38a4f9db3a6b,2080,663257002
0x99c6e435ec259a7e8d65e1955c9423db624ba54c,2080,663259082
0xeeeec06f48656e921b39e30d9a205cb2b08ea465,2080,663261162
0x125365069020439b830c9eac9dd402f8aa762569,2080,663263242
0xc0bb110cc3bd2271c27eae7441184151336f676e,2080,663265322
0xe86204c4eddd2f70ee00ead6805f917671f56c52,2079,663267401
0x158228e08c52f3e2211ccbc8ec275fa93f6033fc,2079,663269480
0xcc8fa225d80b9c7d42f96e9570156c65d6caaa25,2079,663271559
0x1d8ca7baf0895da8afcf153657be064b5092a274,2079,663273638
0x5fc05c6089102f94b77df8d57e65dd122d08311a,2079,663275717
0xb117ed8a61c139037e67d4e00c6292f65ffd7207,2079,663277796
0xad919bddada26fce58a7ebb69780d3d5579be141,2078,663279874
0xe3aaf89b7a770a64d8d52f34426f38b4f9503177,2078,663281952
0xdf5550a4704744f5c9815d4b504b93fce24f60bf,2078,663284030
0x519083fc539f23131c3b7046992584592772d12a,2078,663286108
0xac2e58a06e6265f1cf5084ee58da68e5d75b49ca,2077,663288185
0xb7c09c109515ff386f57971705b5179e0c9c0ced,2077,663290262
0xd1fce0e6272c1129194dd6eaf9b1451e5b49c9da,2077,663292339
0x2296f174374508278dc12b806a7f27c87d53ca15,2077,663294416
0x953eb9a4a0326f19f1741c57593709ff56929280,2077,663296493
0x83a2072406b6a5a933d1dc77d26ddf9d3b1e5e46,2077,663298570
0x5a75670957c7794de4bee731d71a473a4d236bf6,2076,663300646
0xe65990c89c5920aa129b8eb3e9402c2a64fcdbf7,2076,663302722
0x460d9a6d2b4cc582165c39b9d0abcfbeb82e19fd,2075,663304797
0xd9d4a84daea75acae7a682ce66f599fb5402bb94,2075,663306872
0x98ff4553a3dcbf5e4ff8b5d4cc6fb763b6f20174,2075,663308947
0x6fe536a1d595c12cbb407c5b2c03999f658a5c72,2075,663311022
0xfcfcf9196ca1e71054462058b710306437aa3f5d,2075,663313097
0xf5be9621bc16f70b923eb3a3238e9c8a853ace0a,2074,663315171
0xedc87cab8bd12ca39088deaf9fdfb63503f19f85,2074,663317245
0x7c2ec80fad52b5830c94d1b8a584758f256a06b7,2073,663319318
0x820b5d21d1b1125b1aad51951f6e032a07caec65,2073,663321391
0xa8f93faee440644f89059a2c88bdc9bf3be5e2ea,2073,663323464
0xffdacbbf69b966ad6112daf996fce3e53bfdf97d,2073,663325537
0x41113bce4659cb4912ed61d48154839f75131d7a,2072,663327609
0xe6c5036c814d180b3dea3578c75cc20510cf687d,2072,663329681
0x0980f403d58032e945a269a42955339f52624484,2072,663331753
0x0adb01598e6e1ea8f9f8c95b0e7c65d34c8b064b,2072,663333825
0xbcd81eb052ad591f77d403859c0f5243c45a4359,2072,663335897
0xafd8f91c4d7c2e3240f4154a1c596048035eb63c,2072,663337969
0xce27c95e51639164d38138706483f5273db4c24e,2071,663340040
0x8ecff6bc3076a3d673f321d61e1dd060e45c5774,2071,663342111
0x881ef8c83e612f8573cfcc9c8a078d6f17a52bd8,2071,663344182
0xefabe332d31c3982b76f8630a306c960169bd5b3,2071,663346253
0xda934593e6d73f266df4dfe615af1b227bb7ecd9,2071,663348324
0xcc9a66acf8574141b0e025202dd57649765a4be7,2071,663350395
0xf321732a894ba647b34a3f66ffa1e9fc7bdb875b,2070,663352465
0xca93f8ade1b4cd19b6890feeeb75872071801fa6,2070,663354535
0x38e03c0750dae1671f69067e8565de2d1009ae0a,2070,663356605
0xd375a513692336cf9eebce5e38869b447948016f,2070,663358675
0xd4651996d9f835243eb0af47be26029daecf9101,2070,663360745
0xb9de4c5377409a74e5f1c2bff50cb5190c7c357f,2069,663362814
0xba7cdd0953e8f950317dda347a716f162713b226,2069,663364883
0xa76daa02c1a6411c6c368f3a59f4f2257a460006,2069,663366952
0x1ebfb14babb2448ac46be32783e4ee956daf8e9c,2069,663369021
0xeb976ea5cb02d96443efe01bef5defff48647287,2067,663371088
0x26cbe9e846b90ad3a5bae79ee25cb250d3426f2b,2067,663373155
0xd1af1a2bfe7285030b5bf1c173851fb732217706,2067,663375222
0x08bd78b3ea72652e30e97a6930e038543b498322,2067,663377289
0xfc04d020af0b32c8abe7e64b853b0ab1239e2a27,2066,663379355
0x7089d4567bdfb5b61594af477dacc3d29b2769a2,2066,663381421
0x1f832091faf289ed4f50fe7418cfbd2611225d46,2066,663383487
0xf39f19565b8d937ec30f1db5bd42f558d1e312a6,2066,663385553
0xe07141bd2de713df96ea30bff73ed64fde560595,2066,663387619
0x0e8bd86663e3c2418900178e96e14c51b2859957,2065,663389684
0xa3d7a1c0114a31bd36da96afc21e9ee64ca8ee24,2065,663391749
0x2df99ad4c4fc78e696230e5dbc6f0a8b065c6d49,2064,663393813
0x623ea23a36bf98a065701b08be1ad17246d0e337,2064,663395877
0xe10f06362fb6c3dfeed314095472baf7a05ca224,2064,663397941
0x987fdb137ab8e84a6bd1b839b5fe1fef976ffedf,2064,663400005
0x21f58f0e43c6e39291e09fa280df71a7e5c84fee,2064,663402069
0x6d997edca04282950416fa380d834f360fc36ebb,2063,663404132
0x8e298734681adbfc41ee5d17ff8b0d6d803e7098,2063,663406195
0x653911da49db4cdb0b7c3e4d929cfb56024cd4e6,2063,663408258
0x0ae52a8bef2da38e4e53853c1ced30c9cf9a2c74,2063,663410321
0x86f654cebb9bae068d0c4398d1e337b351e6523b,2063,663412384
0x9efd60f40e35b3ca7294cc268a35d3e35101be42,2062,663414446
0x85d068a94f14598f8b221e9c0258d734d21bac9d,2062,663416508
0xacb65cc264aecb5aeb872763dcf46d34d172da3d,2062,663418570
0x6e02486c26fbcce727752d93882e086d73d971aa,2062,663420632
0x36bff58528dbb50f4731c7707e783e06bc892d40,2062,663422694
0x0d98500c44eeb5f85f413e51fc54ea8b80151c41,2061,663424755
0x675921aecca2ff7a4ca7f03847b6d10faa064669,2061,663426816
0x739c71235a9669f6b900490ab1c95310c19abc71,2061,663428877
0xc7f7e13480dc8e921e09d330ee3f91133c729ded,2061,663430938
0xc9f4425d47eb195480641216b7dd27f4ddead78c,2060,663432998
0x6b01b23bb368b215f0b172712ed4fcfaa5dff952,2060,663435058
0x0eda14de4fdb9f02b33d33e6ce581596a1c29271,2060,663437118
0xb83d46598d61a98eddaddc33ed4adaa0ed496907,2060,663439178
0xb0f0557a50425922da4b5765e14db794c93e837a,2060,663441238
0xc0d35ae0e312a25a0f25acc50d32d83f4a6a7cde,2060,663443298
0x7cc62d8e80be9bea3947f3443ad136f50f75b505,2060,663445358
0x06f3c323f0238c72bf35011071f2b5b7f43a054c,2059,663447417
0xcad99e4629a010f574be3b397e921b98f4899a7f,2059,663449476
0x612f2350cec28febc57d0cbaf1670ed77b1847e2,2058,663451534
0xb0cc6b00920631cfc5d8b5f15f9886d9f3a48ea3,2057,663453591
0x8d1e00b000e56d5bcb006f3a008ca6003b9f0033,2057,663455648
0x4f32bbe8dfc9efd54345fc936f9fef1048746fcf,2057,663457705
0x01788f22bc0b685eed38a39df43b1ed5e4cb72aa,2057,663459762
0xe188ea15aa9a8ceae23a9f77ff4a356681d35f33,2056,663461818
0x259965678c56a925462273bc00da9746b479d115,2056,663463874
0xd59e5b41482ee6283c22e1a6a20756da512ffa97,2056,663465930
0xe6c198d27a5b71144b40cfa2362ae3166728e0c8,2055,663467985
0x108d27f9c4b2a98c025c94c76ca78c6ce6c7a4eb,2055,663470040
0x42c2ef80c2d5b59f7adc3ed56f53e7ba09c58141,2054,663472094
0xb1df7ce84253ffcd01d92fa6662e761f86b61982,2054,663474148
0x8d9626315e8025b81c3bdb926db4c51dde237f52,2054,663476202
0xdde12a12a6f67156e0da672be05c374e1b0a3e57,2054,663478256
0x00000000e9d7eee1c07d3d017cd18c3dab4c2ac0,2054,663480310
0x91ed9e97b021b1660d3ba0162a244a5ea836b497,2054,663482364
0x5f0281910af44bfb5fc7e86a404d0304b0e042f1,2053,663484417
0xf3cfbca4e083b1418f89545754c7da90d2418b10,2053,663486470
0xb7520a5f8c832c573d6bd0df955fc5c9b72400f7,2053,663488523
0xfef6b3409daf6f372598bb13547d69596f8962d9,2053,663490576
0xf32ea460576934c2abee4b07c528e8cea7a29ca2,2053,663492629
0xbf54b6bb7f91c6180dd8b6c9aa198922d7eeeffe,2052,663494681
0x8b1b3ae7797f1685db38c7ede1048b55da6801ed,2052,663496733
0xf4c578591ffb7d5193530ddbc1ba1cbac07b58c6,2052,663498785
0xecb1e7bc4905fcccb1484d66ff2a1a5a0df2db6e,2052,663500837
0x6e124ac85c7bb027bc98bdef34c71b6ae8a49bd8,2052,663502889
0x7303e72cec515e7d2a307cb2379b96fa6c9ef715,2051,663504940
0x5808dd1ab55a60f7455a519e1ac5c3753df9fe91,2051,663506991
0xe9bb22b2063daba021b0384d8535badd1426fba7,2051,663509042
0x245740bcbde7fb21d6806fe519b19b612b6d4fc3,2051,663511093
0x19bd81125a6b19d8531491914bee30c2222e4fac,2051,663513144
0xbd37672116c2f4c14ba5a23921bdc57860e64aa0,2051,663515195
0x70d2b7c19352bb76e4409858ff5746e500f2b67c,2050,663517245
0xd42c138fb02bf818dcb4fbf0156d2dead511f519,2050,663519295
0xd231551e9cb92439b861417401d24bfbac0f989e,2050,663521345
0x0715ff85a371aa16dce4533f4db8cf7e74327c56,2049,663523394
0x3dc80c0fefd20a195b8e749a73179dad6010e0c1,2049,663525443
0xf93e78f5ff699eb99b86028f93b0e2e1e4ba1010,2049,663527492
0x11ded8addda881f700fbda2fe2030656289322a3,2049,663529541
0x2350fc7268f3f5a6cc31f26c38f706e41547505d,2049,663531590
0x3387c1fe57bdf860d4766ff6490258e63a47e8ad,2049,663533639
0xce947a309764d2e3fe93d79a0e8e6b2cf3994a2e,2048,663535687
0xbd686dd09bedc1eb81451c5972cc7b0e4bce4e3f,2048,663537735
0x9c0caeb986c003417d21a7daaf30221d61fc1043,2048,663539783
0xb923c1d3c4e3c17ce90c771a952b3844b5bd1bcc,2048,663541831
0x882ba584333716ba3b7045cc50e1170b44f51770,2047,663543878
0xe03f56ae0b31c7a35b0d7cc38b79d5bb8559b523,2047,663545925
0x3a10b7a22ae98e0f53276923f19f99b259f61778,2047,663547972
0x3167cc146d228c6977dcbada380df926b39865b1,2047,663550019
0x35027a992a3c232dd7a350bb75004ad8567561b2,2047,663552066
0x83d6a2171f78e8ffe4dfe7680983effc49cff7a0,2047,663554113
0x98f483cf521b5761172d73ef6081fb940fb2e115,2047,663556160
0x8e8156b04176e614c8517a9509d72a1a4323d9b3,2046,663558206
0x74fcf005b180291be064d68bca34879e583f553a,2046,663560252
0x1a6c194bb53c585aa213f12ef684b47cbc882102,2046,663562298
0xb8f2bfd0ad97000513c8e1cdb610e003ef0c9ddc,2046,663564344
0x8df261cc586963043876f93bd1a8f1cea4cdbc94,2046,663566390
0xfd9c3e772cc22f1511c2867725a71a868451a4c8,2046,663568436
0xd30e822f5d02014322381e1dc720dccf4de42bba,2045,663570481
0x9f9e83f89e9ce97527bf309054e1ee2d4f33f7de,2045,663572526
0xb099f783452810eb6436bc6d8e3b5ea5db9f76c0,2044,663574570
0x258aa4abff541efc83571a3833c94952111a1f9a,2044,663576614
0x0e21902d93573c18fd0acbadac4a5464e9732f54,2044,663578658
0x2193b9f2b5e5051e41c32c71b25587d6a6f045c8,2044,663580702
0x4e8c04225457d2c1e8f003a5e11befa40125f4d2,2044,663582746
0xc465c0a16228ef6fe1bf29c04fdb04bb797fd537,2044,663584790
0xbb13e608888e5d30c09b13f89d27631056161b9f,2043,663586833
0x25c88d72b118c93ec37cd4d81852b781900f0258,2043,663588876
0xd5090576f0f84d8f1787c2eb10fb4dbec8890bbb,2042,663590918
0xd4c3a60b6787f6de13a6b1bf445177e57bc22612,2042,663592960
0x5c52ee4cde4604c4df27ca283b90f9e722e875db,2041,663595001
0x70a128fe6c4f654f52fc799f250506bed550945e,2041,663597042
0x5cad7c91365bdf6aa42d602689de35da01e2241b,2041,663599083
0x749e66e12c09e4105381e373c0e6ca0bce573d36,2040,663601123
0x941cd42efd3e8b18455283bda0ba60e312c3b1a6,2039,663603162
0x8fc9b6354e839ab1c8b31f4afa53607092b8c2e5,2039,663605201
0x65dfe1db61f1ac75ed8bcccc18e6e90c04b95de2,2039,663607240
0x385ed61627a1f2d2851fb686bc40f33944953ef5,2039,663609279
0x4f2bc163c8758d7f88771496f7b0afde767045f3,2039,663611318
0x7ae15f24b37345635377c0ed7f3aafe26bb5e052,2039,663613357
0xb2a43841e7df1158233d04e4c178d2d812b39a92,2039,663615396
0xa2cba0190290af37b7e154aedb06d16100ff5907,2039,663617435
0x8393b2caa8cb2c96791b05c819fe8b71c19da298,2038,663619473
0x498757d666008ccb0ec5cfc790c5b7416659a741,2038,663621511
0xb8b7791b1a445fb1e202683a0a329504772e0e52,2038,663623549
0x7bf312950f0ec7ccebccfa6cab3977fa1f92cb36,2038,663625587
0xffda299a1a6266daab9be11eec2aa8b613d6e360,2038,663627625
0xd9f3061b075f79eb0c516cf0e7ed0d06c77d19f8,2038,663629663
0x3ba9e83aa3048eb3fa1621572a53f9dc2e25c340,2037,663631700
0x812b17908972e3db860247303dd041312b821e0e,2037,663633737
0x2b914b1dad349010ec12b9281a3350edb828cf6c,2037,663635774
0xeea3311250fe4c3268f8e684f7c87a82ff183ec1,2037,663637811
0x868277d475e0e475e38ec5cda2d9c83b5e1d9fc8,2036,663639847
0x6768063279e2b185dc0c972b97f11f231d0b45ad,2036,663641883
0xd4503669a026683ca909a1e6df32017fc3f2a9e4,2036,663643919
0xa55651b16153b82c910dd1fba9f7c573e0ac2662,2036,663645955
0xa4cf2afd3b165975afffbf7e487cdd40c894ab6b,2036,663647991
0x6202e09b16c77a5ebd2c4ed99d1f9d653a02b229,2036,663650027
0x3293a00785622d5ca0b0fee4dec4df6066f25450,2036,663652063
0x20df77bb4ce1478e89a7461cace8dc016f9198e4,2035,663654098
0x490b8defaf99398979064b0f55ee278514bd12ea,2034,663656132
0xafa088a6b31f2043b62b100bf22e9e1491e2be12,2034,663658166
0xc2bd7a597391f31d2e36c2cb769fce0e5bd6d482,2034,663660200
0x251c36771e862d77651ae47cac5ce6d425610576,2034,663662234
0x5a0227646a54142a4490b9e14a04bcd185616395,2034,663664268
0x76db9c67eb056da2f002413bdf5b4eef0a15fe89,2034,663666302
0xc3f836d6bfa294fbb5899323619c9324fc0e25e3,2033,663668335
0xaa745404d55f88c108a28c86abe7b5a1e7817c07,2033,663670368
0xa31f7a32db329f270a0e6b59558823e64d8ef0a6,2033,663672401
0x8de67d55c58540807601dbf1259537bc2dffc84d,2033,663674434
0x4c25bdf026ea05f32713f00f73ca55857fbf6342,2033,663676467
0xa2dca1505b07e39f96ce41e875b447f46d50c6fc,2033,663678500
0x0f13c2e48022d1c95947344e95c476fc519fe70e,2033,663680533
0x276e62c70e0b540262491199bc1206087f523af6,2033,663682566
0x2b04dadd412f7281d3ccabfb8425fd9c9e841588,2032,663684598
0x024be6824fe397521179503c3bd2d9feb4ab05b4,2032,663686630
0x4fdb91dbce6cee2e08cf85d26eaa3e9bca0c12fe,2032,663688662
0x5e3ef299fddf15eaa0432e6e66473ace8c13d908,2032,663690694
0xec0a0915a7c3443862b678b0d4721c7ab133fdcf,2032,663692726
0x16b5d98ac50a4f8326972a6528278b53c8a1180f,2031,663694757
0xf8fa94c29c15dd8f595a5178e1f1bd1463b5e59c,2031,663696788
0x9276096a81159eff8aac815d2578aece98cd7053,2031,663698819
0x1fca9dc832f043233b69ee1bc2d1d0f07dc812e1,2031,663700850
0x9da1659a203cefe6e9c6da98c7a669a1ec3d7ede,2031,663702881
0x609059fb21ddb42a36d28b6b89b7cd6ca0addadd,2031,663704912
0xaac50b95fbb13956d7c45511f24c3bf9e2a4a76b,2031,663706943
0xd6bd62c737386b8896ad954605ab21254515995b,2030,663708973
0xd25ba3ee5f67b6b61620406646e709720015550b,2030,663711003
0x3ab6ed69ef663bd986ee59205ccad8a20f98b4c2,2030,663713033
0xdcd90c7f6324cfa40d7169ef80b12031770b4325,2030,663715063
0x66e5d4063219a54a8244078affb49e23982d9640,2030,663717093
0x9f05670b96ecb6e2303e98572712f2edffd28b6c,2030,663719123
0x8d4eac10d68745e2a8c36ab33c5c3961ed4b71be,2029,663721152
0x689cf22e945466340f2e0bfd80ac8ee398ab9ecf,2029,663723181
0x4a184673b7247ea15227d8f738a0627e0b17d72a,2029,663725210
0xd536bbd5414a8c2beed82a63737b9327d2fa35a6,2028,663727238
0xcbbffa780c440c75174cfd3a9315a2b1949bc413,2028,663729266
0xc6c43feadc6b8084e92f216f6efbe2cf0d2ef11f,2028,663731294
0xe7db7f713b2ea963d0dcb67514b50394f1295cc1,2028,663733322
0x933eb50fcfe663d6b7e11535360d77ecbbd84665,2028,663735350
0xd4039ecc40aeda0582036437cf3ec02845da4c13,2027,663737377
0xaf1c9fc0588f3caf654c796b3ce83d74f477419c,2026,663739403
0xf340b180a486d9c7a7da83e8c1937258c492fc8a,2026,663741429
0xc4b231b700474acc698852cf291fdcc2d9f3a66d,2025,663743454
0x7acacbb0df2ac08653ddfd34c04b3d5a9103c0ca,2025,663745479
0xa0f9d94f060836756ffc84db4c78d097ca8c23e8,2025,663747504
0xedb2675b05d3c89cd2800b8f23567bb77a990fe4,2025,663749529
0xbf9b76db1ffa3d0deac83cd8642af546daabff1d,2025,663751554
0x53e73364a449aa6653af66666f83b94b23d68548,2025,663753579
0xfbb20e554d804c8c355be94d456921ea26ac2b37,2024,663755603
0x6e2aa5bb90ac37d9006685afc651ef067e1c7b44,2024,663757627
0x5b5a48d22da47773716d750a91bd7d53a91bd240,2024,663759651
0xc9d55d9d2510507d4f7387608840e9dc5aa3af7c,2024,663761675
0x39cedfcc0225b51ecb8ff7d8a2d3a65d1bc5ffcb,2024,663763699
0xa01892d97e9c8290c2c225fb0b756bfe26bc9802,2024,663765723
0x9d3140de5c80bfe4b8c2bfb9a1b61fd4a318c326,2024,663767747
0x884ddbb5dc6c2cef77d3e74c6ccca315797d655b,2024,663769771
0x16670a590ea1d91a7383f9efc580694fcaf5159e,2023,663771794
0x617a36bd36ef8778aa1f12bc32739bfc96cb76e1,2023,663773817
0x3fe3359a960ac3f4c45cbce6600077ef7fc76758,2023,663775840
0x30f5919849514be54d11941e90cc529099267f02,2023,663777863
0xdd674916d5efe0145a6d9e15923f1b6440241bf4,2023,663779886
0x2b591350c2f80bb0a8f079efb2dc1371b4eede96,2022,663781908
0xdf35a8572e8c107e17803f7af2fc48b6c226c6a4,2022,663783930
0x4ac00f287f36a6aad655281fe1ca6798c9cb727b,2022,663785952
0x70052a651eec65f98925e845820a0aa5749b033d,2021,663787973
0xa133882a62c4a53389a5517470b7e3ed23006c5d,2021,663789994
0x84d5c939ddfdc3ea033f03e18213a6906f94e0c3,2021,663792015
0xf406f7a9046793267bc276908778b29563323996,2021,663794036
0xe52dceab9c8892eca29b0a0869257d7ad26268d2,2021,663796057
0x3ba3c0e8a9e5f4a01ce8e086b3d8e8a603a2129e,2021,663798078
0x3e7f72743ba75277aa51cc809cab13e41eeab8c0,2021,663800099
0xf19f4490a7fccfef2dab8199acdb2dc1b9027c18,2021,663802120
0xc094367b4c79564b6c8b4218f84dea835b2c2dd0,2020,663804140
0x706d7f8b3445d8dfc790c524e3990ef014e7c578,2020,663806160
0x82263275fbf3fa92c6ee81632725b6bfbe4b02da,2020,663808180
0xe214a6ca22be90f011f34fdddc7c5a07800f8bcd,2020,663810200
0xdd5cec9019ec8449a5d01d0d8175e6519530d276,2020,663812220
0x0af1b410a7915ce6b4754b355d37cc38e59b7edd,2020,663814240
0x6b0bc70b750c0fc77274d0c18b6638bd7ef478f8,2020,663816260
0x5db4792f5e76f8b3150e9c4f42825ace7eb08dd2,2020,663818280
0xfed876867d4e030f8afef3f110bb3cccc730eeee,2020,663820300
0xbcf9dbf8b14ed096b2ba08b7269356197fdd1b5d,2020,663822320
0xe9a9d1101204b51e8620a28e471f44bb8775e50d,2019,663824339
0x3ee12eb76229a77fb71d8e8a94d4035e90f0d708,2019,663826358
0xce146c5c7805bca424c6e764680b89177580cf16,2019,663828377
0x23a60994c63c875546d208d1205b79c66d27d543,2019,663830396
0xc117cefc617295579fff745b59c0fe89698b0f59,2019,663832415
0xc0edbe535d85a837d4233e65ef6ce2ab1b36d901,2019,663834434
0x2c1564a74f07757765642acef62a583b38d5a213,2019,663836453
0x6a761179b69be58c08838f154f750591bd850b67,2019,663838472
0x42d4e90ff4068abe7bc4eab838c7de1d2f5998a3,2018,663840490
0x26fb0165ddbc47e3ce8dd349060b30385145d17e,2018,663842508
0x5e5223b0831b8db73151ad7109cbf1288df33f3f,2018,663844526
0x4ad6590fe12cea6dbf9eda1bd4f74f9a0292e585,2018,663846544
0xd3d87e190f81f1e03a70e32dd5870f6e8a27711b,2018,663848562
0x818737eec8a5350756da40d5ddafda8a84ade107,2018,663850580
0x4de973133fe63b68626bf2908dc7caf9bce75554,2018,663852598
0x0cc4e7f2a4a12a5ecba64eeb409d34817cc16e75,2017,663854615
0x5cb3ce6d081fb00d5f6677d196f2d70010ea3f4a,2017,663856632
0x08fc9307e928076062460a0c4db0d2461591ed71,2017,663858649
0xabf1411106314b22307ef99c6f8e7d39775b0a95,2017,663860666
0xe084e26a39ee84b3499c6f8c64bbcd52ea90ab2c,2017,663862683
0x0b7bda8ad804cb3318ae8490b984c2883ada2154,2017,663864700
0x48299b98d25c700e8f8c4393b4ee49d525162513,2017,663866717
0x39a1f1085b5580c34a4e21aaf13fe8651ba586a2,2017,663868734
0x786f1419276ad818a9c0618785b55b3f84bcba37,2017,663870751
0x1ff8cdb51219a8838b52e9cac09b71e591bc998e,2016,663872767
0x221fd31b8ecab3df901cdaa4d177c74a52c6b2a8,2016,663874783
0xc1f92e4753d206678e2ff0b4b860fa06618cd899,2016,663876799
0xab68de2a9d9a733f3c4cfe52af7fc4f6aa015637,2016,663878815
0x713e8df4471c5e6accbcf824b82a595e8cdf9bc9,2016,663880831
0x9ee55f99e9ba13cc3ece8626c9b81b907ddbbc52,2015,663882846
0x050a5a2e5e08c6d2a13eac1f0de636aed6c3080d,2015,663884861
0x21d40f44d3c93ba4f0d94fa212a666fec381e26c,2015,663886876
0x07ef9970a17417916f0c5239b5a0f525d35f70eb,2015,663888891
0x293e250f0c96b6e39e48fc5975f5d33f49e73d86,2014,663890905
0xd2727e4259bba31955fd582986334aea4fba8c52,2014,663892919
0x1aab46e00e5b7e551d114d524e7cc6f7d710d9d2,2014,663894933
0x86425cca650648ff380052338efa7e0150f7a0c9,2014,663896947
0x793ae8c1b1a160bfc07bfb0d04f85eab1a71f4f2,2014,663898961
0x154f0dce06eb0e7ea5d6cf1bc70039ca22b5fb17,2014,663900975
0x90bc1c00c55443959aa593347d549c56ca4c2c69,2013,663902988
0x9002e9e9ee6ad064b30a930203782235312e6787,2013,663905001
0x6ef837e5060fabfe7ff362da0d5cf59e78c60c6e,2013,663907014
0x1d2c21400f7ced43369bd4a8373e561878bb8a2e,2012,663909026
0xe1bd4b40079cd73d5d55426274a94ee662c0c67b,2012,663911038
0xa3070933df7ee614f6a012644bc74062952b531e,2012,663913050
0x2ae21632cbcc5a2835238258b8bfb627bed139fd,2012,663915062
0x529f43417bfb24ee4b35bd05cf5cd4ac3dd218c3,2011,663917073
0x1055f60bbf27d233c4e34d2e03e35567427415fa,2011,663919084
0x941401d684a9ded610702236e8898e43924ce064,2011,663921095
0x43187dd7709aec49f4870213390624bf365e119b,2011,663923106
0x58334f0b09dcf37b909123f97f848b9692e90768,2010,663925116
0xb7971d8c7e72272cf2270c3837e00a596a391004,2010,663927126
0xc3dbabfa446f65f54d10c2b5ddc5c121c7d9f6be,2010,663929136
0x697256caa3ccafd62bb6d3aa1c7c5671786a5fd9,2009,663931145
0x1865ef5e4939dac89403ab0b5336c88784aa976d,2009,663933154
0xc3d8ffe9ca0bb1d4f9760297490d31a6ba352544,2008,663935162
0xf2d5cba15c8367dd016fc9c4711443e61c7d95a6,2007,663937169
0x40031e9b8894baff35744a4fe86b5d6522d0de9c,2007,663939176
0x1713fbbc9438ec8b1f9ebb6f8743286a14470e84,2007,663941183
0xc1a29a42876ff31d6c30341f5cf400dd8e766d91,2007,663943190
0xe1573b9d29e2183b1af0e743dc2754979a40d237,2006,663945196
0xcb95ca62aacdc3c608aa2e78057e918a1b180616,2006,663947202
0x7c5bec2c6c006d488549edfa141bcd5c38098964,2006,663949208
0xc2cfd5c2524e1a0b0b649c8184c9faf21d1d791f,2006,663951214
0xbd10eaccc4004f379b30562835668f3a74433714,2006,663953220
0x5c55f152553bff1122e228385f702d410d412d67,2005,663955225
0xf5fcfea8331a44a5a7239bc75bc8b3cf4e2193e0,2005,663957230
0xac736e41ce955bdab60d9982e02637c11bfeb6e4,2005,663959235
0x226efc1c4da1263730c9bf407403375913f5bf99,2005,663961240
0x0c51e4f4a0532879eac0029d6a302b23ebf60bb3,2005,663963245
0x2fa39cc47fb7702b138e98c2a83b80f99b7fdc15,2005,663965250
0x9b7b4a8fdafda1b688c22fcb6f4bc97ed29ff676,2004,663967254
0xdf0c2e7252ea27b7cea5965fa756592ae6f2b7e6,2004,663969258
0x7278dc4941906e6004df55375224ce6eff93927a,2004,663971262
0xa0d1345244c89b5574ba50bd6530d4ebd237e826,2004,663973266
0xb0f720baa5bd1715897d4790a59f5c7aa1377d79,2004,663975270
0xdaedb83f24811bf585aaa01e714f6d46951ed6ff,2004,663977274
0x773258b03c730f84af10dfcb1bfaa7487558b8ac,2004,663979278
0x24021d38db53a938446ecb0a31b1267764d9d63d,2003,663981281
0x72296cde04c7b6184c2bc40ee9042c5a094821a7,2003,663983284
0x31f3d1f8260b7261fe11e9b455be7b6ac7575663,2003,663985287
0x48fd9703b44cdfaed1ed188911394f0531a80b64,2002,663987289
0xfe94c504d07adba98b23aa7c765d35357bd185a3,2002,663989291
0xe0d775f81f529eaa5bcba4b1723f72ccfbd532c9,2002,663991293
0x3969cec1f8ea2058d77cb3cc07dc6ebf89e86f01,2002,663993295
0xd1de064281745f576eba9cbff251ab031a0b8e99,2002,663995297
0x4bf331aa2bfb0869315fb81a350d109f4839f81b,2002,663997299
0x05a78ffea2b35aa1af438c21cf06668cf118df0a,2002,663999301
0xde09752be6d1a1be52c9220513e61b6af1b6ce38,2002,664001303
0xbe066a1a964a0be4e57525a67bb20b2e659c3696,2002,664003305
0xe171d8c7e9ee0ddae1a9bec0c7f35294e48c28d4,2001,664005306
0xc0baeacc6ed67aff27ec55b238fc2fc2b5fa50d0,2001,664007307
0x9fe350dfa5f66bc086243f21a8f0932514316627,2000,664009307
0x34d0448a79f853d6e1f7ac117368c87bb7beea6b,2000,664011307
0x2f210fedd48f3768c3986057bf7c6b57a368ead9,2000,664013307
0x888d2d7bba1869ae13c2af95a312fdc150b7a6ee,2000,664015307
0x18feeb34d7ce6585028943511aca5ff5e7a23845,2000,664017307
0xa7a7f113de31ee2ceaf6e30b0a5278d88b9f1e27,2000,664019307
0xff53e1d20d8ea5b428a1eb10eb8d88df5fd0a1b8,1999,664021306
0xec81c22f80c03b4560985ecd617fc473a58073a1,1999,664023305
0x73e44f28a28b7b9da236f2977213a95a9a7d7f51,1999,664025304
0x829c0404f87170fe4ae29187d4f45d26f65e13fa,1999,664027303
0x5d0152187741932a44f237f1bb992bc610b66176,1999,664029302
0x107e5b796ad60361bbdfead24bfcdf07ffdf25ff,1999,664031301
0x228e009ab91491880adb0eda6ed1bcd640ffd020,1998,664033299
0x5fd4eb552965f0db9f50ac285c55c8397f19f45b,1998,664035297
0x3911c614be43ac656d818092236be68e413d2708,1998,664037295
0x166bdb8dfd4a355e82a9e5f6823c8163ff3637a1,1997,664039292
0xffcaaf3be5e942127c1f69c427ef852c473a768a,1997,664041289
0xe3f3869ddd41c23eff3630f58e5bfa584c770d67,1996,664043285
0xc82f8a3673bd7496a75f613ba6345c8666d35c62,1996,664045281
0xd44082f25f8002c5d03165c5d74b520fbc6d342d,1996,664047277
0x7bae88aed0510bf802fcc63afcac56e1fc513779,1995,664049272
0x65811ddbca75ea040b89777bd5747549b77d1097,1995,664051267
0xa271aab96deca964a1644540cf34381993fc992c,1995,664053262
0x03df236eacfcef4457ff7d6b88e8f00823014bcd,1995,664055257
0xdaaba11299186637153be215e4fb745c4a3d64c8,1995,664057252
0x08d6111b00d4186fba4427e1dfb2ceda51da1428,1994,664059246
0x70e760fb3016b245597703536e24a75d995a2861,1994,664061240
0x1c65c261cb89178b02cf2aee20058b992787d770,1994,664063234
0xb593e8fc657724335a10ed1f7a3c75fa5c1d2a15,1993,664065227
0x4450c8a913e136436f4973d8459ca21eb4c871f0,1993,664067220
0xa119f0f5fd06ebadff8883c0f3c40b2d22e7a44f,1993,664069213
0xd8906a08393d4bd76cd2b39fa67f8818f7408dce,1993,664071206
0xbfa392244ee63a250b94c9e698d172e4199fb03c,1993,664073199
0x64892aa823e3915db1ff807e2996badb8b56a944,1992,664075191
0x68dc151dc3de307004aca145a092b68fb116d58b,1992,664077183
0x0b5da756938e334c97ce20715e32a4a8fea12ba9,1992,664079175
0x75927bc9ff7e455c3b863dda236818835a8b7c88,1992,664081167
0x09afd59861ad24ccbd565d9c09c9a4c27edfd379,1992,664083159
0x4b4eb5c44d50bfd44124688c6754633f7e258b01,1991,664085150
0xbf5dfe91cc5c793fab2cfeb2f8195b61ce7d074d,1991,664087141
0x3fe7940616e5bc47b0775a0dccf6237893353bb4,1991,664089132
0x578c7557d207e87e8232cd69d94f41a9a136a5fe,1991,664091123
0x5daf3c4ff82ab9e9cc4dec07e4d03a88447a7e9d,1991,664093114
0x375a08ce3a460f20bbafd282be1e3579a2c31f41,1991,664095105
0x737ca98d12065c5bb62f0c91c86cfd7548cf7c50,1990,664097095
0xd3ace836e47f7cf4948dffd8ca2937494c52580c,1990,664099085
0x1cf7e5194b6b91f73e12f55952c90e95be765fc0,1990,664101075
0xa8ddeee70f8aabf671c824aa41ea49e44f3ec2e5,1990,664103065
0x1106c220931b35affa435dc72354289cc46c5f51,1990,664105055
0x9423317a48b4b0af453b1f206e96e65abfad3e26,1990,664107045
0x3d9ac369e1bb480caa9c817ec6755d1471b9828e,1990,664109035
0x4e085036a1b732cbe4ffb1c12ddfdd87e7c3664d,1989,664111024
0x62bd064d399016490933915200534a7bb0d7466f,1989,664113013
0x08986f3e298fa25eba13b1b5507c6569f653a0d1,1989,664115002
0xe6ccecc6543e4ab12ed5cc3612fbe92dd7fbaed1,1989,664116991
0xffc14a3b26708545bccf8e915e2e8348123f5460,1989,664118980
0x048dda990f581e80effc72e4e1996ae548f8d64c,1989,664120969
0x4846239fdf4d4c1aeb26729fa064b0205aca90e1,1988,664122957
0xe807227495822d2f37736941356102695995b45b,1988,664124945
0x1c073e445f469291558e93fd87662738e9624eb1,1987,664126932
0xdf195c2101959f6f39f583ffa5a2aeae71c0f503,1986,664128918
0xe3a64a3c4216b83255b53ec7ea078b13f21a7dad,1986,664130904
0x08ba82302b63f9a9f82d2615e2c60aec6a19906d,1985,664132889
0x073af3f70516380654ba7c5812c4ab0255f081bc,1985,664134874
0xd9d11f3eb81192d970d5bd69eb0a7130913a05a8,1985,664136859
0xf4d6f542e0b950949392c3ed4355b24145d8f451,1984,664138843
0xdd3a7ad59e3cddc475cd579be92b91de0d06a6dd,1984,664140827
0x22a3b451d60a72388a37c97bc517e44ad76a50f7,1984,664142811
0x315fe8adc38e36f914d682fc3c9c0b33195e0f67,1983,664144794
0x20bec8693646356cc4fa0c60ea41b76d70398d48,1983,664146777
0x7cfab87aac0899c093235b342ac0e5b1acf159eb,1983,664148760
0x6506f0a65177f8fe0c02c1d5315958247d1083ad,1982,664150742
0x8db127d8d04726ca5e3bbf21b83589fd490404ea,1982,664152724
0x05aa2fdf9f58b426b49900834cce0565d88e52eb,1981,664154705
0x7874f790bb2b56ecb70c65561d5f6a56a1c03d74,1981,664156686
0x284620b56318d18db45e40614556b9cb1d0dd92b,1981,664158667
0xedb7b7842f7986a7f211d791e8f306c4ce82ba32,1981,664160648
0x094c875704c14783049ddf8136e298b3a099c446,1981,664162629
0x2c6fcf46a5f4cd837f87b5d443ff4c6a177430c0,1981,664164610
0x049a57c79ee66625ada5581be47724bf3f5ab06a,1980,664166590
0xb41b531359330d76bbcb0f1a24f94ff6bff30dc1,1980,664168570
0xb72ff1e675117bedeff05a7d0a472c3844cfec85,1980,664170550
0x56f9218eae2b50ac23280af7c2572e47f68aa8c1,1980,664172530
0x82147c5a7e850ea4e28155df107f2590fd4ba327,1980,664174510
0x63cf785624153d52def0b56c5bca61f554798c0d,1979,664176489
0xf11f0f078bfaf05a28eac345bb84fcb2a3722223,1979,664178468
0x6be7e93e45740c314c89a3be52473a0ddf2450fe,1979,664180447
0x7877bc34313dfbca628060ef37a5adfa209d5f8c,1979,664182426
0x23b53026187626ed8488e119767acb2fe5f8de4e,1979,664184405
0x419b84cc5e6967aed396f01f598947dbcc26efd7,1978,664186383
0x1757f3f01fbf888c9e7c0b407654d014be4ab0ab,1978,664188361
0x98ff8c34270c759ad83541086905fa9a5520b34f,1978,664190339
0x52a087607de222c5bfb34db169d8782e5b94cdbb,1977,664192316
0x5f0dcc8c630f32093c7e09408996097ba54c1ba5,1977,664194293
0x2b7aa75bbe26c28324e417c5efb027966e9cb810,1976,664196269
0xd51af42cf5be81f125d7591d54a951e52e5312b3,1976,664198245
0x52377d1343fcc845076d642f030762b909690cb0,1976,664200221
0x645a3f2fa86be27a4d9a3cc93a73f27b33df766f,1976,664202197
0x111cff45948819988857bbf1966a0399e0d1141e,1976,664204173
0x357ada6e0da1bb40668bddd3e3af64f472cbd9ff,1976,664206149
0x7123b1f3849f9baa25028158af50be4f0681341f,1976,664208125
0xbc1b4a60ea8f6169d07fa66e74d4ff5ccb87c260,1975,664210100
0x4b7dfae2567181e54776337c840e142acb42aa1f,1975,664212075
0xf1264e771b24d5f1bde8fb6074ca34e48df257b6,1975,664214050
0x479f86ecbe766073d2712ef418aceb56d5362a2b,1975,664216025
0x239de3a0d6ca5f21601f83327ea2174225eb7156,1974,664217999
0x18b67380942d56c09001a3764ce1aa9e64644433,1973,664219972
0x688dc3f750ae8ea87372ed31b6f3141c86a6e01f,1973,664221945
0x77feb788c747a701eb65b8d3b522302aaf26b1e2,1973,664223918
0xebf56fb1c3029115555680af6bfd97b6cf541bab,1973,664225891
0x171b4fbd33389312894934fe824d39d8bb5001a3,1973,664227864
0xda7189908259be9a22e135d1af3a9fdb38b311d9,1972,664229836
0xece52443296cb2d96169e24521e6d696b0ad02fd,1972,664231808
0xa4e7414fcba1af15203030c6daac630df8f16aea,1971,664233779
0xf08821e354b1dc70d081a05a53029ae095fba2c7,1971,664235750
0xfb9b8fbce5cc4b6adb5861a7f5870356f0ce7027,1971,664237721
0x445b4c58113c784640a978cfe39b0065118b91a5,1971,664239692
0xdbf72370021babafbceb05ab10f99ad275c6220a,1971,664241663
0xf6e53b3aae671319a0f9d9ca7fac5f41599bc7a5,1970,664243633
0x633b041c41f61d04089880d7b5c7ed0f10ff6f85,1970,664245603
0x8f4bd45abbd6447ddb828303cc24ecb64532a30d,1970,664247573
0x320e2cbd104d276b37f012465cc6bc7408be8bb5,1970,664249543
0xebc39fa7796d281549f63058b0de56a7199890b9,1969,664251512
0x436943711efa62e56047122205ee61e7f97f50af,1969,664253481
0x0f16a8557df61dacf3c6be21a41a72d2a848b854,1969,664255450
0xcff1e75e90cce12866135dd6e7bf94892716ec58,1968,664257418
0x12d4444f96c644385d8ab355f6ddf801315b6254,1968,664259386
0x8c73126b85f59d85aa61391579b4c2710dd70f96,1968,664261354
0x3c2982ca260e870eee70c423818010dfef212659,1967,664263321
0x9030117b22e091d735e545dc4f93a8190463f5c1,1967,664265288
0x9c51699b4cd43ba4f6bc81d70b21291b63e6d130,1967,664267255
0xe0069ff4d89f28a5edb5b93a470308bc37fb635e,1967,664269222
0x739a3c89ee7827a6e49cc0bfca8dab228b4d0bf3,1966,664271188
0xd88b87bd3a5c6be8cc9a5e858174cff1d4ae7c06,1966,664273154
0x761341ca3b8186323e55c7e801ecbe9b5df41ad0,1966,664275120
0x1c59fbaac69cb6ec173049f9879b6897a77021c4,1966,664277086
0xfb9284715e9b0d08153caa34c35bfaed76edc31f,1966,664279052
0xf961a1fa7c781ecd23689fe1d0b7f3b6cbb2f972,1966,664281018
0x52442ca6cec911de4ecf523a24ed86bfd5cda327,1965,664282983
0xfb2c3b20307807c9703b3ee41a3d142cfb5bb162,1965,664284948
0xe2d23fc3ea78bf15730a8a727d823679454adb89,1965,664286913
0xf6ea0e60cee427b90aa36f327ee61d1d4cabc49f,1965,664288878
0xbb0a009ba1eb20c5062c790432f080f6597662af,1964,664290842
0xc99697666be422f7e01d02e5016882fd001b6178,1964,664292806
0xea70777e28e00e81f58b8921fc47f78b8a72efe7,1964,664294770
0x1b2b5a7331b4cd621376ffc068c4a473cbc2e11d,1964,664296734
0x36dcffe069a3f2878fab2a46d81e83d462d0cbf7,1964,664298698
0x2dbb3363f7ce7d74439f04a4941a3c201bf7be89,1964,664300662
0xecc0f1f860a82ab3b442382d93853c02d6384389,1964,664302626
0x9682df32e5746c12f0d7ef90462d67d2c88689d2,1964,664304590
0x209c1808febf6c1ab7c65764bb61ad67d3923fcc,1963,664306553
0x769c0e750e11d511a41fc8e8dc744eb00a573bed,1963,664308516
0x530b4afb064f756d949c27b010044bdc9e8684eb,1963,664310479
0xca1699f27e47cc577ed24a7cdc54676350e08510,1963,664312442
0xbc06e58da5b27aabad48611a249c991a3d139af2,1962,664314404
0xc0cdb173994e48920b893422af1d2a03387a007e,1962,664316366
0xa40106134c5bf4c41411554e6db99b95a15ed9d8,1962,664318328
0x4c5601164e2048a4154de91fa5e0b07e626cab7f,1962,664320290
0xbfda513a5b3bac1dfe2108b3ccb91b86766611cc,1960,664322250
0x3321568445206e9311565a2c5397fc776ba71dde,1960,664324210
0xec9f78cde5e37774208708c8b10ee6c1d8c7619e,1960,664326170
0xe1ba0fb44ccb0d11b80f92f4f8ed94ca3ff51d00,1959,664328129
0x9a23409c0849ddffd3f05f853324e842d6276a9b,1959,664330088
0xa1653cb37852249e4f18dfbc473a5ce3f88fa6ad,1959,664332047
0xd0678ec59d1337e29d1e1b1b6338f3e85d311f5e,1959,664334006
0x0b5828d786f397c73554c5b091aa9ea108fffc51,1959,664335965
0xbd1848e1491d4308ad18287a745dd4db2a4bd55b,1958,664337923
0xc9e8045616abbdf535fda1fdbfe04b4f42101b2e,1958,664339881
0x11a2ab94ade17e96197c78f9d5f057332a19a0b9,1957,664341838
0xe85e1e37060d95ae6892a02884e3e621e1ae8755,1957,664343795
0x7ba19b7f7d106a9a1e0985397b94f38eee0b555e,1957,664345752
0x041e24f2d52cb0beb845ee564d81b99a8532175a,1957,664347709
0xfad572db566e5234ac9fc3d570c4edc0050eaa92,1957,664349666
0x3947df6b8822bdc0f7fdb387754f0ab0fcdf63e3,1956,664351622
0x01f7fd324b366380d2145dfa6c7a76fdb75f17b9,1955,664353577
0xfcce65a70794bec59e5be38c85ebe71aedaa74ef,1955,664355532
0x2747fa4d2155d279982d123b2dcfe790963befcd,1955,664357487
0xa627ca1a3ecdf3cf53682c4fd02f5a291bef5665,1954,664359441
0xaebe5b3780860147de62bc67339f0386c4a13d87,1954,664361395
0x861c476597920dbf47672a1230acffd165b14815,1954,664363349
0xc83d46e4d1e290fa414a5775d90d5d50745c3281,1953,664365302
0xc6aacdf2cb021515009098025a0ece472608918e,1953,664367255
0x9c11d36f4081f5ffe86ffe7bf7120b086dc828d9,1953,664369208
0x8b34fbc553db3462ad4909f2e5577cc22f63c216,1952,664371160
0xe83e098eedb43b33d340d4757529e5a2c4ee3230,1952,664373112
0x04834fe50be6954088d979a84be20913efca9118,1952,664375064
0x2937fe8d5d7ead98f89cfe02dfc4623dabb76967,1952,664377016
0x43d2b8827218752ffe5a35cefc3bbe50ca79af47,1952,664378968
0x23696914ca9737466d8553a2d619948f548ee424,1951,664380919
0xa8f9c7ff9f605f401bde6659fd18d9a0d0a802c5,1951,664382870
0xfe56e974c1c85e9351325fb2d62963a022ad624f,1951,664384821
0x9e80340e1b0320d74bbb9b81eacb1823656f132c,1951,664386772
0xa909c982fc8193b669d8ac8a9159dda97be2dbc8,1951,664388723
0x7678603140db66bb84265e6301bed7ba730ee189,1951,664390674
0xfd25676fc2c4421778b18ec7ab86e7c5701df187,1950,664392624
0x3e279ba5872435a8722562be1dbae8cacf34d6b8,1950,664394574
0x903c7af702000b58baee44366815119fd39b2e3d,1950,664396524
0xe3547ba476907cebe554ab2a1c9f64378fb14f3b,1950,664398474
0xfdfd5db568f2ecf9b06a16116b9201b0500735b4,1950,664400424
0x6b566ec01511671823a707acffaffd9b7d3764a8,1950,664402374
0x85af8a5a3cb81f3f8e91f72bff5f2b76127eeb3f,1949,664404323
0x3041cbd36888becc7bbcbc0045e3b1f144466f5f,1948,664406271
0x023b28a60afd35609f03fbd72ba3c2f264e2b95e,1948,664408219
0xea58183f57d2f3ee111290164e83d39429b629b1,1948,664410167
0x5f2ea2bc5ed273a0ba133a0dd6ac5192320fd8eb,1948,664412115
0x6721f5ce4ca0ff3cd73438bd4b766d31fa715975,1947,664414062
0x549d63ed155c80aff4f341cc475a820d3bed12ca,1947,664416009
0xcfcc4fc4ba326439a3248ae1eef0745106a4542c,1946,664417955
0xb2fb6ead4977066676d5a61e7aac51ba1bb27578,1946,664419901
0x5589696477a7eccce5150b81c0e5b56d63ebd59a,1945,664421846
0xa49285dc59cfed11033ba5ecd84ff185cd983466,1945,664423791
0x23b7e6932cb873b8696afba077c4a2486b1c862e,1945,664425736
0x1815944f66f4569340eb28a365b196df932399f6,1945,664427681
0xe7eeb106fd3cde7dd0245090a97a448d064d8760,1945,664429626
0x44a67c8570a61a28bafd0035042f2f0a73a64428,1944,664431570
0xb4dbcf8b68d0f1abcf56b6aa94534b2db8793811,1944,664433514
0x1a56bf5775369b5e628b0e4560b2be9068e2aeff,1944,664435458
0x14572ec144b567b7da06b52d85fc5f87b0fa1f53,1944,664437402
0xfe75867c0202e11fbc9c2702a4e72d87df2d1cf1,1943,664439345
0xb55732a15b3dc5d6e8d4adf40634f37470da71fa,1943,664441288
0xf2d6d5c1ecd613671093c5951949d206acf5f889,1943,664443231
0x7e84ca8b7f783776cd1f8868bc12a3b809ecf31a,1943,664445174
0xc012a90e7ca8219f2c1fe373ad83c021033e4a4a,1943,664447117
0x5b9a3e403a4dbb16ea17795ec2875ee65ccb6894,1943,664449060
0x33ca004c1697e04332e628cd00480b183a313820,1943,664451003
0x80774188cd524bbbefd8a6871256748a5dcf5e6c,1943,664452946
0xf1ac7a375429719de0dde33528e2639b9a206eba,1942,664454888
0x50eb00ec243851a4012333476b553c2b37740267,1942,664456830
0x07a58bcfa31a5a75361d6ea709558b466c6654d2,1942,664458772
0xd4a3a0b872a90ffad288f624ea7e162caaf3dda3,1942,664460714
0xd6419fd982a7651a12a757ca7cd96b969d180330,1942,664462656
0xfcf0533545ef5b9b8b1d87c7b7ad42f82baa5eea,1942,664464598
0x718141de19e51ca6e704c4b9346608236c00b781,1942,664466540
0xe6f5377de93a361cd5531bdfbdf0f4b522e16b2b,1941,664468481
0xe1a0da60f8802b49cc36313bafade3f9e12342fd,1941,664470422
0x6d4526d49558258658eecff53822c8d9fd3408e4,1941,664472363
0x957ab98aa04ffc5c0cb1b61ce016cd954f2756f4,1940,664474303
0x4d96369002fc5b9687ee924d458a7e5baa5df34e,1939,664476242
0x1fff4dd33105054e853955c6d0dba82859c01cff,1939,664478181
0x9ae1d7f420c4db238a0c2ed2f8fdbde527f1526a,1939,664480120
0x5e8ba7f2d5fbb8e5ba7fe9eca038300ed6bdeadd,1939,664482059
0x13b54e8271b3e45ce71d8f4fc73ea936873a34fc,1939,664483998
0x28ae3df366726d248c57b19fa36f6d9c228248be,1938,664485936
0xc0b48e3e53b0dd99d36b15e2f1c15b52c42f9bda,1938,664487874
0xabcbc2a058d9ff74e0a9d9d5c480453f76fadc30,1938,664489812
0x41521432e5224b83b34c9a6c6c22cb4983d164ed,1938,664491750
0xbdd2782b94a36f124ecc8e9c95a66849e7154a44,1938,664493688
0x6b06eb7aef2d2515cc2385f141154fc266057fb8,1938,664495626
0x312fb079abc92c5041bd578547456774a0b59d4d,1937,664497563
0x003a70265a3662342010823bea15dc84c6f7ed54,1937,664499500
0x11779b17fd98baee555c0d712d5b4014a8ff3497,1936,664501436
0x555f6cdc63196c3d2ef0555ddbaedc63157efe97,1936,664503372
0x2d3853305870aaa043267bbae0edafd7baba78df,1936,664505308
0x1cbd39b61919b41e22b1eb8bc564e67cae7376b9,1936,664507244
0x49b81578b56ccaef3116b464efd4790947037751,1936,664509180
0x9a688e01028670141e4e0551560c7bbdc28d006e,1935,664511115
0x3045f3e3b109dfa36e79b5c2b02712bbb1968730,1935,664513050
0xd060904aa97c021ec31c8a502a8b2443f51a38bd,1935,664514985
0x6f90ed0b3e24b0bfa5d775bf902f0ff40949a289,1935,664516920
0x56be94d29e1125d2d61d06629c1b251d72c1b3b3,1935,664518855
0x876359dcb1745073909cc810311ec3f119e8d5e8,1935,664520790
0x4abb9cc67bd3da9eb966d1159a71a0e68bd15432,1935,664522725
0x803e5346c1b167d735abf701f7aeedf1dcc2f2ea,1934,664524659
0xee3c384f75021289bbb467af186c0b9ff09a0507,1934,664526593
0xf59ef7b19a4505d3ebce0b86d0104a807e499261,1934,664528527
0xb429ecbd7cda1cb82cbe0ae9044310d2f74de67c,1934,664530461
0xc5b92ccf87d283f158473bfe4b81fe2067a9e8c2,1934,664532395
0x90f62b96a62801488b151ff3c65eac5fae21a962,1933,664534328
0x0c805059da5308c2f23556c995d452dbdd1a607b,1933,664536261
0x13000c4a215efe7e414bb329b2f11c39bcf92d78,1933,664538194
0xa99f34b4672ff3a9837fd93dea375ccfbb83c89a,1933,664540127
0xd1b375d46072349ffc01ecb1b0e45c77b8ffd161,1933,664542060
0x67fd56402147831a32b28b31d887fa0b59e6d0dd,1932,664543992
0x17e16d30a05324b44cf78df847137fa1220448f8,1932,664545924
0xca29db4221c111888a7e80b12eac8a266da3ee0d,1931,664547855
0x5e8a8371595784a37943b6ae2ae979cb8e727ea8,1931,664549786
0xfa99a87b14b02e2240c79240c5a20f945ca5ef76,1931,664551717
0x7f0c8b125040f707441cad9e5ed8a8408673b455,1930,664553647
0x6f08afae33a140f6089df9349aa3528bc3cb838e,1930,664555577
0xb9beca40f6e28d27b1b49fd98ad5b2a3bc1d9a6b,1930,664557507
0x7395865936ad39ddfb857c46f9cb9fd702c8a2bf,1930,664559437
0x534479d1f4e31bc8f3265009b2b05f89dc3b9af1,1930,664561367
0xc4d586ef7be9ebe80bd5ee4fbd228fe2db5f2c4e,1929,664563296
0x3eb01b3391ea15ce752d01cf3d3f09dec596f650,1929,664565225
0x1b7c4d4f226ccf3211b0f99c4fdfb84a2606bf8e,1929,664567154
0xc87aad6dccd9b543b7131c93560df48d0ea86e8a,1929,664569083
0x31705aa4933c106f3d15f64df0eb70d8d37fc36e,1929,664571012
0xbcc66ed2ab491e9ae7bf8386541fb17421fa9d35,1929,664572941
0x4911f8cebd546ef805e81dd0b0084a90d11a7688,1929,664574870
0x7d24e8edea1d46bed53e37a0c322b1444b59f845,1928,664576798
0x694a5f9888c762c5e9efb96cc82a665241672748,1928,664578726
0x8f7e51d7487ebdcb9d729079074d8778e06c280a,1928,664580654
0x7dca3372a0a236a305fdec3d48d52b09dff82e14,1928,664582582
0x6a20d74106f28ad19c60115917ff363ad71f525f,1928,664584510
0xe3d109187db152b6a9b2821c9844034838d57565,1928,664586438
0xe226dac50fd0749e67a998f7abeea7523eb67314,1927,664588365
0xf8cb149e5b32299a6d99f4630731829c8d891258,1927,664590292
0x889efb523cc39590b8483eb9491890ac71407f64,1927,664592219
0xb4bfa6b45e25ad12bb033ec8a5eff523b83cc9af,1926,664594145
0x3479b0acf875405d7853f44142fe06470a40f6cc,1926,664596071
0x7518b8846dd0a9f4b3b8bb986766a4c7c767f531,1926,664597997
0x4087156620e26319c1b3e65189d88ced7abc51aa,1925,664599922
0xaa99199d1e9644b588796f3215089878440d58e0,1925,664601847
0x09617f6fd6cf8a71278ec86e23bbab29c04353a7,1925,664603772
0x423b7aee75b4cbe6e25b52447e1b16ea17b7c118,1925,664605697
0xd788490b64f672c45265508f46ff84e2a0814d1f,1925,664607622
0xa5da8cc7167070b62fdcb332ef097a55a68d8824,1924,664609546
0xc51213cd81f295fd27fe0c3ad5b06fe4d6603e4a,1924,664611470
0x447b80265dad5c8639879f0a5fd641f083a5f7f4,1924,664613394
0x08f8117155aa9414b67113a47ad269d47974e9dc,1923,664615317
0xd825645ed33f2b5ab5a952334232040b9db708aa,1923,664617240
0xf1f85b2c54a2bd284b1cf4141d64fd171bd85539,1923,664619163
0x592011541ce5916e3b099dccc379a84f60e9fa8c,1923,664621086
0x6c6e515cd82f8508b6162ecd29145353205c4185,1923,664623009
0x7828482d20d2ef83bb8bfe1c5339a79534288aae,1923,664624932
0x6aa4478c45c7818a9b5c1c513d894cf74b596bd6,1922,664626854
0x5bb69406d697dbe6270f05e49c3376cb5a36783a,1922,664628776
0x945192524c6605d20be6c529dd318666b74078bc,1922,664630698
0xf06068ffda7453ddb32845d7f4e605c89f827acf,1922,664632620
0x0719046cf7f82f9322479538b69a89c26a70a5bc,1921,664634541
0xd8331cb1fcfaa5569fcb5dc92c784b2242ea2e6c,1921,664636462
0xbdaaa340c4472aaeace8032ddb261f1856022de2,1921,664638383
0x8bf91d3b38037ddf5fe7df052700e6d24da8999a,1921,664640304
0x7edf1c7a7dca94f6e93e69089b219070967a4bb0,1920,664642224
0x7934fa8b3ac2213ac42e69a5ec55d624b4c04719,1920,664644144
0x574317b5167521d2e3e34469a6993102fbbd92ed,1920,664646064
0x5ab21ec0bfa0b29545230395e3adaca7d552c948,1920,664647984
0x792e6c37ae5ced8202794af26671531195418616,1919,664649903
0x49b96030b371d07cd562db1cf7d1f2ea716c67e9,1919,664651822
0x0621376ca29f0c57562cd470a8e151df5b2fd993,1919,664653741
0xb563300a3bac79fc09b93b6f84ce0d4465a2ac27,1919,664655660
0xe34ebff7af293dcddf0443818442bb5d558662dd,1919,664657579
0xcbdd30ad0c083bdab5939ba42780d71d91186d3e,1918,664659497
0xc6b771a5998da05e60fc6d42c5248947235ee0fb,1918,664661415
0x9f7229af0c4b9740e207ea283b9094983f78ba04,1918,664663333
0x6050b27b6ccdd47ffb71bc5bb09f83de03f836b4,1918,664665251
0x40caa728bb4bafa56f38a58623a12fbe6c90209d,1918,664667169
0x5a4e4b5e2e78bf2d9df2cd916106862e5873f819,1917,664669086
0xa99161e637a0fae4596efc7b7aec838610273684,1917,664671003
0x8f0c5f89ac1208d219fc10fd7d23e536c4dcbcdf,1917,664672920
0x6751a53a2d187bd67ee31f1be3a9702267770048,1917,664674837
0xb22a0d3cc572f331d3fa368e4d8564684d929c5e,1917,664676754
0x4b63d4c4465f8ffe2ce52a8cd65f379e6f1252a5,1917,664678671
0xda71c371ac588de4ed684ecaa5151e81552f1a48,1916,664680587
0x56bbf5bdf04e81f2e417fc6c2666c5fd445c3877,1916,664682503
0xae9cbe6ebf72a51c9fcea3830485614486318fd4,1916,664684419
0xf2fa954e033e92ba3c76fd4372d479c99f614ae3,1915,664686334
0xe65187c0e821c48c4824ac8f5c5fd4f203464df9,1915,664688249
0x9ed137f34b80393167a3648d494c119ee9b138aa,1914,664690163
0xf86fee7a6c114e2d20fa02c8890a9f58f291930f,1914,664692077
0x3984fc4ceeef1739135476f625d36d6c35c40dc3,1914,664693991
0x4bf980c02f0abbcd2acfdaa8a9b4a8b45f66e1bd,1914,664695905
0x41d7474597bee101bec45da2db651d917c99ba1c,1914,664697819
0xc6e3c622f91747bcde128aee7aa42ade3c69d9d5,1914,664699733
0xbf3ab3fe1079e521132368e5d1a21ffbf1328e97,1914,664701647
0xa767f745331d267c7751297d982b050c93985627,1913,664703560
0xfa01ffb614b1b5c2e85249a8b1caf789a34ecad0,1913,664705473
0xd725621e3b031d74e62c280dc0f5be0b50dfa050,1913,664707386
0xe40e1531a4b56fb65571ad2ca43dc0048a316a2d,1913,664709299
0xfac832c14584b3595ed645c1ba52b77af6f55216,1913,664711212
0x11a1d7afc4baf61c69ccfba8bbb68b873e1d64f8,1913,664713125
0xfc64e1a97009c38803bcc636885deed2830bfac3,1912,664715037
0x0000107d120000e00095cf06b787a0a900b1f8bd,1912,664716949
0x9a25e15f0cbe2ed42490eae38743540d097355da,1912,664718861
0xec203ddb210458df139d02a62baf49ca36a0b8d9,1912,664720773
0x36163f85add2349a973014c92afa410263311607,1912,664722685
0xec91fcca41e8ab83dd5bc2bbcc2ffb71e314ba25,1912,664724597
0xa83063e117298993c3a2346224fdfd7f2f13aba5,1912,664726509
0xd5e1228b82f2f220dc9f62839a58bb194dcd9bb6,1912,664728421
0x634ab8f3f791a905b6e6ea72c33483401ed56e6b,1912,664730333
0xf6c151ea50a4f1a50983eb98998a18be0a549ad5,1912,664732245
0x11003e410ca3fcd220765b3d2f343433a0b2bffd,1911,664734156
0xa8eda9d4aee0eb882f8752c6ba7e16d9233c9ad2,1911,664736067
0xab313da6b160436bff0c5c518e778a94131c27f9,1911,664737978
0x95d18cb4957d469d9b2b6009d6d0c19075c29e38,1911,664739889
0xfe1d71498da3261844ec14325bdbc93c0f7579f0,1911,664741800
0xb92de8b30584392af27726d5ce04ef3c4e5c9924,1911,664743711
0xfdf4b0221d272c442541225b1a3aa0ce76c8d243,1910,664745621
0x525d1d7e122a9f2b17557e60db6f3892cff93798,1910,664747531
0x469360d0d1363ca213912714c7e0bf5c03f471fe,1910,664749441
0xb020ed54651831878e5c967e0953a900786178f9,1910,664751351
0x57374c1d046b64fa94c21a2ab53f436b34fc8b77,1910,664753261
0x9317abca75c9ba45d597bb71d9b519900bc72d68,1909,664755170
0xac0741127cac11e4455c7943b654bcced7fdd5a4,1909,664757079
0x7b39940dbac110f1227d37c395675def270afcd7,1909,664758988
0xc37ad6471b9021e9b427ec3647809325bb7eccd1,1908,664760896
0xaebf8eb7e225cdc44b9b5734e045714957e28d7f,1908,664762804
0xc6ef161ac744d03b606de0b5b18ebebf9acd047d,1908,664764712
0xaae3cf9968d26925bdb73ce3864e0084a20f4687,1908,664766620
0xb60fde5d798236fbf1e2697b2a0645380921fccf,1908,664768528
0x6025a899ce01894ad3113a8cbf9f0a3d172eeae3,1907,664770435
0x37c7c2ae51e968cefb82cff2102727256d36d6ee,1907,664772342
0x53a66c4d213a088eb1d83bcf063e02205aa5215a,1907,664774249
0x254e9ba60ed2bea6d9ec96d2825c1274f7f6cde4,1907,664776156
0x7e5a7ebd4f95ba9cf7076b966a855753212678b8,1907,664778063
0x7a2bc711e19ba6aff6ce8246c546e8c4b4944dfd,1907,664779970
0x3f761a0a03bdf4776647dc48ab5b15791e3e758b,1907,664781877
0x91401cedcbfd9680ce193a5f54e716504233e998,1907,664783784
0xf1029b52428574beea806752bb17395d8475c5b1,1907,664785691
0x799a4202c12ca952cb311598a024c80ed371a41e,1907,664787598
0x6bffa07a1b0cebc474ce6833eaf2be6326252449,1906,664789504
0xe54f9e6ab80ebc28515af8b8233c1aee6506a15e,1906,664791410
0xb06ac1b07151d0f4aa3f50db058dd27ae64ce3cb,1905,664793315
0x52331f7ae3a757d6838b3295738d964b17ac810e,1904,664795219
0x777777ce6c4d11c8aa5e1280638f64c8fd0a852a,1904,664797123
0x38574f6a9b00790cd901597fb3caedf652d4a452,1904,664799027
0xe2f45f1660dc99daf3bd06f637ab1e4debc15bde,1904,664800931
0x65c9f3bc25370cd91fd7a1badc7352cae2d8031b,1904,664802835
0x56e0f6e0ea8a43f130b304f1bf70a1029ce8fd0e,1904,664804739
0xfe09e53a81fe2808bc493ea64319109b5baa573e,1904,664806643
0x54a3f499f3e9ec22cbdec21bd38619561475da75,1904,664808547
0x50b53b0ab9b3dc157897323629584fa671d4a397,1903,664810450
0x5dfbe95925ffeb68f7d17920be7b313289a1a583,1902,664812352
0x8d5db0c1f0681071cb38a382ae6704588d9da587,1902,664814254
0x0cbc514d101763db6628e2d0acce8302c3b90376,1902,664816156
0x00d6d4a456aadca3f646b22bbe6416731dd361d4,1902,664818058
0x87d6303da6886515cbe242aeb43132216310b150,1902,664819960
0x629853d5db6c4d6d56e97fec87b3a0c4cb64d859,1902,664821862
0xd4de873fcec03cb0caa37520d32968c4ca8395cf,1901,664823763
0xb3836d31d43d315ba74c21aad3818f9378256152,1901,664825664
0xdbb7773d0bdb99ed10cb54ad37585f185c75ded1,1900,664827564
0xf20b8edf5c45b41724898c2a269cfe569229bc71,1900,664829464
0xa7fd04dcc882574fd61c14f25c452374a453cb95,1900,664831364
0xb64e6bef349a0d3e8571ac80b5ec522b417faeb6,1900,664833264
0x4d552a4facc008cdf004833aaa1499a1ed5977c7,1900,664835164
0x244958772508f167771b3d187673142769e2b0f2,1900,664837064
0xb3ec0d352c7935dd2663eafab4c99be6508df9af,1900,664838964
0x8e6f939729d11c9baf979d2f5d24bcf0b22139bc,1900,664840864
0x96a0b2f7cab81f0cc3f6bcca66384c41376be5d2,1899,664842763
0x18e4ddee87dc12205019681d6d2aabab59c40caa,1899,664844662
0xdca094a92d4281898ac7579baddaf7c5e466222a,1899,664846561
